0.503906 0.00390625 -0.0118677 2.05516e-05 -0.011819 2.3171e-05 0.0340386
0.503906 0.0117188 -0.0338947 0.000129646 -0.0338066 0.000178843 0.034051
0.503906 0.0195312 -0.0546254 0.000233638 -0.0545427 0.000371956 0.0340307
0.503906 0.0273438 -0.0742517 0.000250034 -0.074206 0.000508352 0.0339932
0.503906 0.0351562 -0.0930238 0.000144984 -0.093031 0.000550367 0.0339176
0.503906 0.0429688 -0.111171 -9.59431e-05 -0.111233 0.000475806 0.0338
0.503906 0.0507812 -0.128938 -0.000456282 -0.129045 0.000296736 0.033625
0.503906 0.0585938 -0.146528 -0.000902879 -0.146662 4.13855e-05 0.0333813
0.503906 0.0664062 -0.164106 -0.00138903 -0.164244 -0.000246514 0.0330534
0.503906 0.0742188 -0.181769 -0.001864 -0.181887 -0.000518731 0.0326263
0.503906 0.0820312 -0.199542 -0.00227839 -0.199616 -0.000727281 0.0320833
0.503906 0.0898438 -0.21737 -0.00258943 -0.217384 -0.000830499 0.0314073
0.503906 0.0976562 -0.23513 -0.00276361 -0.235068 -0.000795721 0.0305813
0.503906 0.105469 -0.252633 -0.00277794 -0.252488 -0.000600944 0.0295892
0.503906 0.113281 -0.269646 -0.00261968 -0.269414 -0.000234711 0.0284163
0.503906 0.121094 -0.285905 -0.00228547 -0.285589 0.000304684 0.0270509
0.503906 0.128906 -0.301135 -0.00178014 -0.300739 0.00101045 0.0254848
0.503906 0.136719 -0.315063 -0.00111547 -0.314596 0.00186859 0.0237143
0.503906 0.144531 -0.327438 -0.000309141 -0.326912 0.00285912 0.0217412
0.503906 0.152344 -0.338044 0.000616273 -0.337471 0.00395725 0.0195727
0.503906 0.160156 -0.346707 0.00163441 -0.346103 0.00513462 0.0172217
0.503906 0.167969 -0.353313 0.00271634 -0.352694 0.00636068 0.0147066
0.503906 0.175781 -0.357807 0.00383201 -0.357188 0.00760419 0.01205
0.503906 0.183594 -0.360198 0.00495175 -0.359593 0.00883482 0.00927814
0.503906 0.191406 -0.360557 0.00604786 -0.35998 0.0100247 0.00641949
0.503906 0.199219 -0.359013 0.00709605 -0.358474 0.01115 0.0035031
0.503906 0.207031 -0.355739 0.0080766 -0.355246 0.0121918 0.000557376
0.503906 0.214844 -0.350945 0.00897516 -0.350503 0.0131369 -0.00239114
0.503906 0.222656 -0.344866 0.00978314 -0.344477 0.0139783 -0.0053188
0.503906 0.230469 -0.337744 0.0104977 -0.337407 0.0147149 -0.00820548
0.503906 0.238281 -0.32982 0.0111213 -0.329531 0.0153511 -0.011035
0.503906 0.246094 -0.32132 0.011661 -0.321073 0.0158958 -0.0137949
0.503906 0.253906 -0.31245 0.0121273 -0.31224 0.0163613 -0.0164769
0.503906 0.261719 -0.30339 0.0125335 -0.303207 0.0167626 -0.0190756
0.503906 0.269531 -0.294287 0.0128943 -0.294124 0.017116 -0.0215888
0.503906 0.277344 -0.285259 0.0132249 -0.285107 0.017438 -0.0240164
0.503906 0.285156 -0.276391 0.0135401 -0.276243 0.0177445 -0.0263601
0.503906 0.292969 -0.26774 0.0138537 -0.26759 0.0180503 -0.0286229
0.503906 0.300781 -0.259341 0.0141779 -0.259181 0.0183681 -0.0308084
0.503906 0.308594 -0.251204 0.014523 -0.25103 0.0187089 -0.0329208
0.503906 0.316406 -0.243323 0.0148973 -0.243132 0.0190809 -0.0349641
0.503906 0.324219 -0.23568 0.0153067 -0.235469 0.0194906 -0.0369422
0.503906 0.332031 -0.228249 0.0157555 -0.228017 0.0199419 -0.0388587
0.503906 0.339844 -0.220997 0.0162457 -0.220742 0.020437 -0.0407167
0.503906 0.347656 -0.213887 0.0167781 -0.21361 0.0209764 -0.0425186
0.503906 0.355469 -0.206884 0.017352 -0.206586 0.0215591 -0.0442664
0.503906 0.363281 -0.199954 0.0179656 -0.199636 0.022183 -0.0459615
0.503906 0.371094 -0.193065 0.0186162 -0.192729 0.0228453 -0.0476047
0.503906 0.378906 -0.186188 0.0193009 -0.185835 0.0235427 -0.0491964
0.503906 0.386719 -0.179299 0.0200163 -0.178931 0.0242713 -0.0507365
0.503906 0.394531 -0.172377 0.0207586 -0.171997 0.0250274 -0.0522246
0.503906 0.402344 -0.165406 0.0215245 -0.165015 0.0258071 -0.0536598
0.503906 0.410156 -0.158373 0.0223106 -0.157972 0.0266067 -0.0550413
0.503906 0.417969 -0.151268 0.0231135 -0.15086 0.027423 -0.0563679
0.503906 0.425781 -0.144085 0.0239305 -0.143671 0.0282527 -0.0576382
0.503906 0.433594 -0.136819 0.0247587 -0.136401 0.0290929 -0.058851
0.503906 0.441406 -0.129469 0.025596 -0.129048 0.0299412 -0.0600047
0.503906 0.449219 -0.122034 0.0264401 -0.12161 0.0307953 -0.0610979
0.503906 0.457031 -0.114515 0.0272893 -0.114089 0.0316532 -0.0621292
0.503906 0.464844 -0.106913 0.0281419 -0.106487 0.0325133 -0.0630973
0.503906 0.472656 -0.0992303 0.0289966 -0.0988045 0.033374 -0.0640008
0.503906 0.480469 -0.091471 0.029852 -0.0910459 0.0342339 -0.0648386
0.503906 0.488281 -0.083638 0.030707 -0.0832142 0.0350919 -0.0656093
0.503906 0.496094 -0.0757348 0.0315606 -0.0753128 0.0359468 -0.0663121
0.503906 0.503906 -0.0677652 0.0324118 -0.0673455 0.0367976 -0.066946
0.503906 0.511719 -0.0597328 0.0332596 -0.059316 0.0376432 -0.06751
0.503906 0.519531 -0.0516417 0.0341031 -0.0512282 0.0384828 -0.0680036
0.503906 0.527344 -0.0434954 0.0349414 -0.0430857 0.0393152 -0.068426
0.503906 0.535156 -0.0352978 0.0357735 -0.0348924 0.0401395 -0.0687769
0.503906 0.542969 -0.0270526 0.0365984 -0.026652 0.0409547 -0.0690557
0.503906 0.550781 -0.0187633 0.0374152 -0.0183681 0.0417598 -0.0692624
0.503906 0.558594 -0.0104335 0.0382227 -0.0100442 0.0425535 -0.0693967
0.503906 0.566406 -0.0020666 0.0390198 -0.0016838 0.0433349 -0.0694587
0.503906 0.574219 0.00633417 0.0398055 0.00670992 0.0441029 -0.0694485
0.503906 0.582031 0.0147657 0.0405785 0.0151339 0.0448561 -0.0693664
0.503906 0.589844 0.0232252 0.0413378 0.0235852 0.0455935 -0.0692128
0.503906 0.597656 0.0317102 0.0420821 0.0320613 0.0463138 -0.0689882
0.503906 0.605469 0.0402182 0.0428101 0.0405599 0.047016 -0.0686932
0.503906 0.613281 0.0487476 0.0435208 0.0490793 0.0476987 -0.0683287
0.503906 0.621094 0.0572968 0.0442129 0.057618 0.0483609 -0.0678954
0.503906 0.628906 0.0658651 0.0448853 0.0661752 0.0490014 -0.0673944
0.503906 0.636719 0.074452 0.0455369 0.0747505 0.0496191 -0.0668268
0.503906 0.644531 0.0830578 0.0461665 0.0833442 0.050213 -0.0661938
0.503906 0.652344 0.0916834 0.0467732 0.0919572 0.0507822 -0.0654965
0.503906 0.660156 0.10033 0.0473559 0.100591 0.0513256 -0.0647365
0.503906 0.667969 0.109001 0.0479137 0.109248 0.0518424 -0.0639152
0.503906 0.675781 0.117697 0.0484456 0.11793 0.0523316 -0.0630339
0.503906 0.683594 0.126423 0.0489509 0.126642 0.0527926 -0.0620945
0.503906 0.691406 0.135182 0.0494286 0.135386 0.0532243 -0.0610983
0.503906 0.699219 0.143977 0.0498778 0.144166 0.0536259 -0.0600473
0.503906 0.707031 0.152812 0.0502976 0.152985 0.0539965 -0.0589432
0.503906 0.714844 0.16169 0.0506868 0.161847 0.0543348 -0.0577878
0.503906 0.722656 0.170614 0.0510443 0.170753 0.0546397 -0.0565831
0.503906 0.730469 0.179584 0.0513685 0.179705 0.0549097 -0.0553312
0.503906 0.738281 0.188599 0.0516578 0.188702 0.0551428 -0.0540343
0.503906 0.746094 0.197658 0.0519102 0.197741 0.0553368 -0.0526947
0.503906 0.753906 0.206754 0.0521231 0.206816 0.0554893 -0.0513152
0.503906 0.761719 0.215879 0.0522938 0.215917 0.0555969 -0.0498984
0.503906 0.769531 0.22502 0.0524186 0.225033 0.0556562 -0.0484476
0.503906 0.777344 0.23416 0.0524937 0.234146 0.0556627 -0.0469662
0.503906 0.785156 0.243279 0.0525145 0.243234 0.0556116 -0.0454581
0.503906 0.792969 0.252348 0.0524758 0.252271 0.0554974 -0.0439277
0.503906 0.800781 0.261338 0.0523718 0.261225 0.0553141 -0.0423796
0.503906 0.808594 0.270212 0.0521963 0.270059 0.0550551 -0.0408192
0.503906 0.816406 0.278928 0.0519424 0.278732 0.0547132 -0.0392525
0.503906 0.824219 0.287442 0.0516031 0.287199 0.0542811 -0.0376856
0.503906 0.832031 0.295703 0.0511709 0.295409 0.053751 -0.0361257
0.503906 0.839844 0.303659 0.0506381 0.303311 0.0531153 -0.0345801
0.503906 0.847656 0.311257 0.0499974 0.31085 0.0523662 -0.0330569
0.503906 0.855469 0.318441 0.049241 0.317973 0.0514961 -0.0315642
0.503906 0.863281 0.325161 0.0483613 0.324627 0.0504975 -0.0301106
0.503906 0.871094 0.331372 0.0473505 0.330767 0.0493626 -0.028705
0.503906 0.878906 0.337043 0.0461994 0.336364 0.0480826 -0.027356
0.503906 0.886719 0.342177 0.0448963 0.341416 0.0466466 -0.026072
0.503906 0.894531 0.346835 0.043424 0.345981 0.0450382 -0.0248611
0.503906 0.902344 0.351184 0.0417566 0.350223 0.0432327 -0.0237296
0.503906 0.910156 0.355583 0.0398534 0.35449 0.0411908 -0.022684
0.503906 0.917969 0.360696 0.0376574 0.359437 0.0388571 -0.0217256
0.503906 0.925781 0.36765 0.0350897 0.366185 0.036154 -0.0208583
0.503906 0.933594 0.378211 0.0320633 0.376496 0.0329952 -0.0200734
0.503906 0.941406 0.394924 0.0284894 0.392926 0.0292915 -0.0193745
0.503906 0.949219 0.421144 0.0243323 0.418863 0.0250063 -0.0187359
0.503906 0.957031 0.460825 0.0196216 0.458317 0.0201671 -0.0181745
0.503906 0.964844 0.517975 0.0145635 0.515376 0.0149801 -0.0176344
0.503906 0.972656 0.595629 0.00947945 0.593165 0.00976721 -0.0171869
0.503906 0.980469 0.694487 0.00496937 0.692454 0.00513706 -0.0167043
0.503906 0.988281 0.811297 0.00155713 0.809998 0.00162179 -0.0164091
0.503906 0.996094 0.937952 -3.29285e-05 0.937566 -2.88308e-05 -0.0159612
