0.00390625 0.503906 4.23321e-05 0.0235633 3.94255e-05 0.0236248 0.0158152
0.0117188 0.503906 0.000270653 0.0652001 0.000219296 0.0652742 0.015843
0.0195312 0.503906 0.000475996 0.10162 0.000334377 0.101616 0.0157991
0.0273438 0.503906 0.000464676 0.133096 0.00020548 0.132948 0.0157257
0.0351562 0.503906 0.000141573 0.160068 -0.00025661 0.15974 0.0155816
0.0429688 0.503906 -0.000555792 0.183053 -0.00110485 0.182533 0.0153741
0.0507812 0.503906 -0.00162797 0.202664 -0.00233458 0.201962 0.0150847
0.0585938 0.503906 -0.00304663 0.219531 -0.0039124 0.21867 0.0147119
0.0664062 0.503906 -0.00475587 0.234258 -0.00577992 0.233269 0.0142465
0.0742188 0.503906 -0.00669117 0.24737 -0.00787102 0.246286 0.0136849
0.0820312 0.503906 -0.00878544 0.259288 -0.0101183 0.258142 0.0130211
0.0898438 0.503906 -0.0109778 0.270313 -0.0124608 0.269132 0.0122509
0.0976562 0.503906 -0.013216 0.280631 -0.0148469 0.279438 0.0113695
0.105469 0.503906 -0.0154583 0.29033 -0.0172351 0.289145 0.010373
0.113281 0.503906 -0.0176728 0.299421 -0.0195936 0.298257 0.00925814
0.121094 0.503906 -0.0198357 0.307859 -0.0218985 0.306726 0.00802274
0.128906 0.503906 -0.0219299 0.315566 -0.0241322 0.314471 0.00666603
0.136719 0.503906 -0.0239429 0.322447 -0.0262817 0.321397 0.00518889
0.144531 0.503906 -0.0258658 0.328406 -0.0283372 0.327405 0.00359408
0.152344 0.503906 -0.0276925 0.333357 -0.0302917 0.332408 0.00188629
0.160156 0.503906 -0.0294186 0.337228 -0.0321401 0.336332 7.21711e-05
0.167969 0.503906 -0.0310419 0.339965 -0.0338791 0.339123 -0.00183979
0.175781 0.503906 -0.0325616 0.341537 -0.0355072 0.340751 -0.00383946
0.183594 0.503906 -0.0339787 0.341938 -0.0370248 0.341205 -0.00591531
0.191406 0.503906 -0.0352956 0.34118 -0.038434 0.340501 -0.00805476
0.199219 0.503906 -0.0365166 0.339302 -0.0397386 0.338673 -0.0102446
0.207031 0.503906 -0.0376471 0.336357 -0.0409439 0.335776 -0.0124712
0.214844 0.503906 -0.0386941 0.33242 -0.042057 0.331882 -0.0147213
0.222656 0.503906 -0.0396654 0.327575 -0.0430861 0.327076 -0.0169818
0.230469 0.503906 -0.0405698 0.321919 -0.0440401 0.321455 -0.0192405
0.238281 0.503906 -0.0414164 0.315556 -0.0449289 0.315122 -0.0214862
0.246094 0.503906 -0.0422146 0.30859 -0.0457626 0.30818 -0.0237091
0.253906 0.503906 -0.0429737 0.301126 -0.0465511 0.300736 -0.0259004
0.261719 0.503906 -0.0437028 0.293265 -0.0473043 0.292891 -0.028053
0.269531 0.503906 -0.04441 0.285101 -0.0480314 0.284737 -0.0301609
0.277344 0.503906 -0.0451031 0.276718 -0.0487409 0.276361 -0.0322195
0.285156 0.503906 -0.0457886 0.268192 -0.0494402 0.267838 -0.0342255
0.292969 0.503906 -0.0464724 0.259584 -0.0501357 0.25923 -0.0361763
0.300781 0.503906 -0.0471591 0.250946 -0.0508329 0.250591 -0.0380705
0.308594 0.503906 -0.0478523 0.242319 -0.051536 0.24196 -0.0399073
0.316406 0.503906 -0.0485547 0.23373 -0.0522483 0.233366 -0.0416862
0.324219 0.503906 -0.0492683 0.225198 -0.0529719 0.224828 -0.0434075
0.332031 0.503906 -0.0499939 0.216735 -0.0537082 0.216358 -0.0450713
0.339844 0.503906 -0.0507321 0.208341 -0.0544578 0.207958 -0.0466782
0.347656 0.503906 -0.0514826 0.200015 -0.0552207 0.199625 -0.0482286
0.355469 0.503906 -0.0522449 0.191748 -0.0559963 0.191352 -0.0497229
0.363281 0.503906 -0.053018 0.18353 -0.0567836 0.183129 -0.0511613
0.371094 0.503906 -0.053801 0.175348 -0.0575815 0.174942 -0.052544
0.378906 0.503906 -0.0545926 0.167188 -0.0583887 0.166778 -0.053871
0.386719 0.503906 -0.0553915 0.159037 -0.0592038 0.158623 -0.0551419
0.394531 0.503906 -0.0561967 0.150881 -0.0600254 0.150464 -0.0563564
0.402344 0.503906 -0.0570071 0.142709 -0.0608522 0.14229 -0.0575139
0.410156 0.503906 -0.0578216 0.13451 -0.0616831 0.134089 -0.0586136
0.417969 0.503906 -0.0586395 0.126275 -0.0625171 0.125853 -0.0596547
0.425781 0.503906 -0.0594601 0.117997 -0.0633532 0.117574 -0.0606362
0.433594 0.503906 -0.0602829 0.109671 -0.0641908 0.109248 -0.0615571
0.441406 0.503906 -0.0611075 0.101294 -0.0650293 0.10087 -0.0624162
0.449219 0.503906 -0.0619337 0.0928626 -0.0658683 0.0924384 -0.0632126
0.457031 0.503906 -0.0627615 0.0843771 -0.0667077 0.0839527 -0.0639451
0.464844 0.503906 -0.0635908 0.0758377 -0.0675473 0.0754132 -0.0646127
0.472656 0.503906 -0.0644217 0.0672459 -0.068387 0.0668214 -0.0652145
0.480469 0.503906 -0.0652543 0.0586042 -0.069227 0.0581795 -0.0657494
0.488281 0.503906 -0.066089 0.0499155 -0.0700674 0.0494906 -0.0662168
0.496094 0.503906 -0.0669258 0.0411834 -0.0709083 0.0407582 -0.0666158
0.503906 0.503906 -0.0677652 0.0324118 -0.07175 0.0319862 -0.066946
0.511719 0.503906 -0.0686072 0.0236048 -0.0725926 0.0231787 -0.0672067
0.519531 0.503906 -0.0694522 0.0147669 -0.0734364 0.0143402 -0.0673976
0.527344 0.503906 -0.0703004 0.00590228 -0.0742815 0.0054749 -0.0675185
0.535156 0.503906 -0.0711519 -0.00298454 -0.0751282 -0.00341266 -0.0675693
0.542969 0.503906 -0.0720069 -0.0118893 -0.0759764 -0.0123182 -0.06755
0.550781 0.503906 -0.0728655 -0.0208077 -0.0768263 -0.0212374 -0.0674607
0.558594 0.503906 -0.0737275 -0.0297357 -0.0776778 -0.0301661 -0.0673017
0.566406 0.503906 -0.0745929 -0.0386694 -0.0785307 -0.0391004 -0.0670735
0.574219 0.503906 -0.0754614 -0.0476049 -0.0793849 -0.0480363 -0.0667764
0.582031 0.503906 -0.0763327 -0.0565386 -0.0802399 -0.0569703 -0.0664113
0.589844 0.503906 -0.0772062 -0.065467 -0.0810951 -0.0658986 -0.0659788
0.597656 0.503906 -0.0780812 -0.0743867 -0.08195 -0.0748178 -0.0654799
0.605469 0.503906 -0.0789569 -0.0832944 -0.0828035 -0.0837244 -0.0649154
0.613281 0.503906 -0.0798321 -0.0921867 -0.0836545 -0.0926151 -0.0642866
0.621094 0.503906 -0.0807055 -0.10106 -0.0845018 -0.101486 -0.0635946
0.628906 0.503906 -0.0815755 -0.109911 -0.0853435 -0.110334 -0.0628408
0.636719 0.503906 -0.0824403 -0.118736 -0.086178 -0.119155 -0.0620266
0.644531 0.503906 -0.0832976 -0.127532 -0.087003 -0.127945 -0.0611534
0.652344 0.503906 -0.0841451 -0.136292 -0.0878163 -0.136698 -0.0602231
0.660156 0.503906 -0.0849803 -0.145013 -0.0886151 -0.145412 -0.0592372
0.667969 0.503906 -0.0858001 -0.15369 -0.0893967 -0.154079 -0.0581978
0.675781 0.503906 -0.0866019 -0.162316 -0.0901583 -0.162694 -0.0571068
0.683594 0.503906 -0.0873825 -0.170886 -0.0908972 -0.171252 -0.0559662
0.691406 0.503906 -0.0881394 -0.179393 -0.0916108 -0.179746 -0.0547785
0.699219 0.503906 -0.0888703 -0.187831 -0.0922972 -0.18817 -0.0535458
0.707031 0.503906 -0.0895734 -0.196195 -0.0929553 -0.19652 -0.0522707
0.714844 0.503906 -0.0902486 -0.204482 -0.093585 -0.204792 -0.0509557
0.722656 0.503906 -0.0908968 -0.212689 -0.0941884 -0.212987 -0.0496033
0.730469 0.503906 -0.0915218 -0.220821 -0.0947697 -0.221109 -0.0482162
0.738281 0.503906 -0.0921298 -0.228885 -0.0953366 -0.229169 -0.0467969
0.746094 0.503906 -0.0927313 -0.2369 -0.0959005 -0.237186 -0.0453478
0.753906 0.503906 -0.0933412 -0.244894 -0.0964779 -0.245192 -0.0438708
0.761719 0.503906 -0.0939803 -0.252913 -0.0970909 -0.253235 -0.0423679
0.769531 0.503906 -0.0946755 -0.261017 -0.0977682 -0.261381 -0.04084
0.777344 0.503906 -0.095461 -0.269294 -0.0985454 -0.269718 -0.0392874
0.785156 0.503906 -0.0963776 -0.277855 -0.0994644 -0.278362 -0.0377093
0.792969 0.503906 -0.0974722 -0.28684 -0.100573 -0.287454 -0.0361036
0.800781 0.503906 -0.0987961 -0.296417 -0.101923 -0.297165 -0.0344665
0.808594 0.503906 -0.100401 -0.306782 -0.103564 -0.307688 -0.0327922
0.816406 0.503906 -0.102335 -0.318146 -0.105542 -0.319229 -0.0310731
0.824219 0.503906 -0.104631 -0.330722 -0.107886 -0.33199 -0.029299
0.832031 0.503906 -0.107303 -0.344699 -0.110603 -0.346148 -0.0274575
0.839844 0.503906 -0.11033 -0.360213 -0.113664 -0.361815 -0.0255343
0.847656 0.503906 -0.113642 -0.377295 -0.116988 -0.378996 -0.0235141
0.855469 0.503906 -0.117111 -0.395826 -0.120434 -0.397537 -0.0213816
0.863281 0.503906 -0.120536 -0.415469 -0.123791 -0.417064 -0.0191236
0.871094 0.503906 -0.123638 -0.435616 -0.126766 -0.436931 -0.0167325
0.878906 0.503906 -0.126063 -0.455339 -0.128997 -0.456176 -0.0142094
0.886719 0.503906 -0.127392 -0.473361 -0.130062 -0.4735 -0.0115696
0.894531 0.503906 -0.127173 -0.488077 -0.129509 -0.487299 -0.00884568
0.902344 0.503906 -0.124965 -0.49763 -0.126909 -0.495736 -0.00609352
0.910156 0.503906 -0.120396 -0.500053 -0.121908 -0.496902 -0.00338769
0.917969 0.503906 -0.113238 -0.493492 -0.114307 -0.489037 -0.00082688
0.925781 0.503906 -0.103469 -0.476492 -0.104115 -0.470807 0.00149131
0.933594 0.503906 -0.0913388 -0.448297 -0.091616 -0.44159 0.00345836
0.941406 0.503906 -0.077364 -0.4091 -0.0773531 -0.401709 0.0050166
0.949219 0.503906 -0.0623353 -0.36017 -0.0621335 -0.352532 0.00609965
0.957031 0.503906 -0.0471712 -0.303794 -0.0468782 -0.296393 0.00676658
0.964844 0.503906 -0.0329083 -0.243004 -0.0326101 -0.23631 0.00698775
0.972656 0.503906 -0.0203937 -0.181191 -0.0201535 -0.175607 0.00698858
0.980469 0.503906 -0.0104927 -0.121623 -0.0103406 -0.11745 0.00662929
0.988281 0.503906 -0.00352127 -0.0671169 -0.00345927 -0.0645447 0.00640085
0.996094 0.503906 -0.000126004 -0.0196505 -0.00012105 -0.0187765 0.00569348
