0.503906 0.00390625 -0.00302788 8.57545e-07 -0.00302526 1.35884e-06 0.0165013
0.503906 0.0117188 -0.00885516 6.03812e-06 -0.00884849 1.09266e-05 0.0165066
0.503906 0.0195312 -0.014473 1.42226e-05 -0.0144633 2.77177e-05 0.0165085
0.503906 0.0273438 -0.0198974 2.37298e-05 -0.0198855 4.96712e-05 0.0165077
0.503906 0.0351562 -0.0251435 3.33378e-05 -0.0251299 7.53387e-05 0.0165042
0.503906 0.0429688 -0.0302253 4.20947e-05 -0.0302107 0.000103548 0.0164976
0.503906 0.0507812 -0.0351563 4.93216e-05 -0.0351409 0.000133419 0.0164876
0.503906 0.0585938 -0.0399488 5.45977e-05 -0.039933 0.000164347 0.0164739
0.503906 0.0664062 -0.0446147 5.77472e-05 -0.0445986 0.000195985 0.016456
0.503906 0.0742188 -0.0491649 5.88287e-05 -0.0491484 0.000228235 0.0164335
0.503906 0.0820312 -0.0536097 5.81235e-05 -0.0535927 0.000261237 0.0164057
0.503906 0.0898438 -0.0579588 5.61264e-05 -0.0579411 0.000295351 0.0163721
0.503906 0.0976562 -0.0622212 5.35356e-05 -0.0622024 0.000331155 0.016332
0.503906 0.105469 -0.0664053 5.12445e-05 -0.066385 0.00036943 0.0162848
0.503906 0.113281 -0.0705189 5.03328e-05 -0.0704966 0.000411153 0.0162297
0.503906 0.121094 -0.0745693 5.20591e-05 -0.0745443 0.000457487 0.016166
0.503906 0.128906 -0.0785631 5.7853e-05 -0.0785348 0.000509773 0.0160929
0.503906 0.136719 -0.0825066 6.9308e-05 -0.082474 0.000569522 0.0160096
0.503906 0.144531 -0.0864052 8.81737e-05 -0.0863676 0.000638409 0.0159152
0.503906 0.152344 -0.0902641 0.000116349 -0.0902205 0.00071826 0.0158087
0.503906 0.160156 -0.0940877 0.000155876 -0.094037 0.00081105 0.0156893
0.503906 0.167969 -0.09788 0.000208929 -0.0978212 0.000918889 0.015556
0.503906 0.175781 -0.101644 0.000277812 -0.101576 0.00104402 0.0154077
0.503906 0.183594 -0.105384 0.000364945 -0.105306 0.0011888 0.0152433
0.503906 0.191406 -0.109101 0.000472862 -0.109011 0.00135571 0.0150619
0.503906 0.199219 -0.112797 0.000604194 -0.112694 0.00154732 0.0148622
0.503906 0.207031 -0.116474 0.000761667 -0.116356 0.00176629 0.014643
0.503906 0.214844 -0.120131 0.000948085 -0.119998 0.00201539 0.0144032
0.503906 0.222656 -0.123771 0.00116632 -0.12362 0.00229742 0.0141416
0.503906 0.230469 -0.12739 0.00141931 -0.127221 0.00261527 0.0138568
0.503906 0.238281 -0.13099 0.00171001 -0.130801 0.00297186 0.0135478
0.503906 0.246094 -0.134569 0.00204147 -0.134358 0.00337019 0.0132133
0.503906 0.253906 -0.138124 0.00241681 -0.137889 0.0038134 0.012852
0.503906 0.261719 -0.141653 0.00284048 -0.141393 0.00430555 0.0124674
0.503906 0.269531 -0.145147 0.00331439 -0.144862 0.00484866 0.0120416
0.503906 0.277344 -0.148607 0.00384019 -0.148294 0.00544455 0.0115886
0.503906 0.285156 -0.152029 0.00442202 -0.151686 0.006097 0.0111029
0.503906 0.292969 -0.155406 0.00506291 -0.155033 0.00680902 0.0105833
0.503906 0.300781 -0.158734 0.00576579 -0.15833 0.00758349 0.0100283
0.503906 0.308594 -0.162007 0.00653362 -0.161569 0.00842332 0.00943676
0.503906 0.316406 -0.165217 0.00736951 -0.164744 0.00933152 0.00880727
0.503906 0.324219 -0.168356 0.00827785 -0.167846 0.0103119 0.00814316
0.503906 0.332031 -0.171411 0.00925904 -0.170864 0.0113652 0.0074255
0.503906 0.339844 -0.174377 0.0103131 -0.173793 0.0124917 0.0066699
0.503906 0.347656 -0.177248 0.0114437 -0.176625 0.0136947 0.00587118
0.503906 0.355469 -0.180013 0.0126534 -0.179351 0.0149764 0.00502853
0.503906 0.363281 -0.182663 0.0139447 -0.18196 0.0163392 0.00414068
0.503906 0.371094 -0.185187 0.0153202 -0.184441 0.0177853 0.00320999
0.503906 0.378906 -0.187567 0.0167793 -0.186781 0.0193142 0.00222181
0.503906 0.386719 -0.189798 0.0183206 -0.188971 0.020925 0.00118899
0.503906 0.394531 -0.19187 0.0199461 -0.191001 0.0226192 0.000108046
0.503906 0.402344 -0.193771 0.0216571 -0.19286 0.0243976 -0.00102137
0.503906 0.410156 -0.195489 0.0234546 -0.194535 0.0262607 -0.00219768
0.503906 0.417969 -0.197007 0.0253364 -0.196012 0.0282068 -0.00342981
0.503906 0.425781 -0.198317 0.0273003 -0.197282 0.0302337 -0.00470865
0.503906 0.433594 -0.199407 0.0293459 -0.198333 0.0323404 -0.00603589
0.503906 0.441406 -0.200266 0.0314719 -0.199154 0.0345255 -0.0074097
0.503906 0.449219 -0.200881 0.0336753 -0.199731 0.0367859 -0.00883428
0.503906 0.457031 -0.201241 0.0359525 -0.200056 0.0391181 -0.0103033
0.503906 0.464844 -0.201336 0.0383009 -0.200118 0.0415192 -0.0118162
0.503906 0.472656 -0.201156 0.0407173 -0.199906 0.0439856 -0.0133713
0.503906 0.480469 -0.20069 0.043198 -0.199411 0.0465134 -0.0149662
0.503906 0.488281 -0.199927 0.0457377 -0.198622 0.0490974 -0.0166015
0.503906 0.496094 -0.198858 0.0483305 -0.19753 0.0517316 -0.0182717
0.503906 0.503906 -0.197477 0.050971 -0.196127 0.0544103 -0.0199746
0.503906 0.511719 -0.195774 0.053653 -0.194407 0.0571272 -0.0217065
0.503906 0.519531 -0.193742 0.0563695 -0.192362 0.0598754 -0.0234656
0.503906 0.527344 -0.191376 0.059113 -0.189986 0.062647 -0.0252466
0.503906 0.535156 -0.188671 0.0618758 -0.187275 0.0654345 -0.0270458
0.503906 0.542969 -0.185622 0.06465 -0.184225 0.0682296 -0.0288587
0.503906 0.550781 -0.182226 0.0674267 -0.180833 0.0710236 -0.0306816
0.503906 0.558594 -0.178482 0.0701967 -0.177096 0.0738071 -0.0325092
0.503906 0.566406 -0.174387 0.0729507 -0.173013 0.0765707 -0.0343365
0.503906 0.574219 -0.169941 0.0756789 -0.168586 0.0793047 -0.0361586
0.503906 0.582031 -0.165146 0.078371 -0.163813 0.0819988 -0.0379706
0.503906 0.589844 -0.160002 0.0810167 -0.158697 0.0846425 -0.0397668
0.503906 0.597656 -0.154512 0.0836051 -0.15324 0.0872252 -0.041542
0.503906 0.605469 -0.148679 0.0861254 -0.147447 0.0897358 -0.0432908
0.503906 0.613281 -0.142508 0.0885664 -0.14132 0.0921633 -0.0450079
0.503906 0.621094 -0.136003 0.0909167 -0.134866 0.0944965 -0.0466877
0.503906 0.628906 -0.129169 0.0931649 -0.128088 0.096724 -0.0483251
0.503906 0.636719 -0.122013 0.0952997 -0.120993 0.0988343 -0.0499147
0.503906 0.644531 -0.11454 0.0973095 -0.113587 0.100816 -0.0514514
0.503906 0.652344 -0.106756 0.0991829 -0.105876 0.102658 -0.0529304
0.503906 0.660156 -0.0986668 0.100909 -0.0978654 0.10435 -0.0543467
0.503906 0.667969 -0.0902784 0.102476 -0.0895608 0.105879 -0.0556961
0.503906 0.675781 -0.0815952 0.103873 -0.0809669 0.107236 -0.0569741
0.503906 0.683594 -0.0726211 0.10509 -0.0720873 0.108409 -0.0581768
0.503906 0.691406 -0.0633586 0.106116 -0.0629242 0.109389 -0.0593005
0.503906 0.699219 -0.0538083 0.106941 -0.0534784 0.110164 -0.0603418
0.503906 0.707031 -0.0439691 0.107555 -0.0437482 0.110727 -0.0612978
0.503906 0.714844 -0.033837 0.107949 -0.0337297 0.111067 -0.0621655
0.503906 0.722656 -0.0234054 0.108115 -0.0234158 0.111175 -0.0629428
0.503906 0.730469 -0.0126641 0.108043 -0.012796 0.111045 -0.0636276
0.503906 0.738281 -0.00159887 0.107728 -0.00185574 0.110668 -0.0642172
0.503906 0.746094 0.00980876 0.107159 0.0094238 0.110037 -0.0647208
0.503906 0.753906 0.0215839 0.106336 0.0210678 0.109147 -0.0651397
0.503906 0.761719 0.0337584 0.105249 0.0331085 0.107993 -0.065464
0.503906 0.769531 0.0463711 0.103894 0.0455847 0.106568 -0.0656947
0.503906 0.777344 0.0594677 0.102266 0.0585427 0.104868 -0.0658323
0.503906 0.785156 0.0731022 0.10036 0.0720367 0.102888 -0.0658775
0.503906 0.792969 0.0873368 0.0981747 0.0861295 0.100626 -0.0658313
0.503906 0.800781 0.102243 0.0957069 0.100893 0.0980798 -0.0656948
0.503906 0.808594 0.117902 0.0929563 0.11641 0.0952478 -0.0654695
0.503906 0.816406 0.134404 0.0899238 0.13277 0.0921314 -0.065157
0.503906 0.824219 0.151851 0.0866125 0.150078 0.0887334 -0.0647592
0.503906 0.832031 0.170352 0.0830278 0.168443 0.0850592 -0.0642782
0.503906 0.839844 0.190029 0.079178 0.187989 0.0811168 -0.0637163
0.503906 0.847656 0.21101 0.0750745 0.208845 0.0769178 -0.0630761
0.503906 0.855469 0.233431 0.0707327 0.231151 0.0724772 -0.0623605
0.503906 0.863281 0.257435 0.0661723 0.25505 0.0678149 -0.0615729
0.503906 0.871094 0.283166 0.0614179 0.28069 0.0629555 -0.0607169
0.503906 0.878906 0.310767 0.0564997 0.308217 0.0579291 -0.0597969
0.503906 0.886719 0.340378 0.0514536 0.337773 0.0527721 -0.0588178
0.503906 0.894531 0.372128 0.0463221 0.369492 0.047527 -0.0577851
0.503906 0.902344 0.40613 0.0411541 0.403488 0.0422432 -0.0567052
0.503906 0.910156 0.442472 0.0360051 0.439855 0.036977 -0.0555856
0.503906 0.917969 0.481211 0.030937 0.478652 0.031791 -0.0544344
0.503906 0.925781 0.522366 0.0260173 0.5199 0.026754 -0.053261
0.503906 0.933594 0.565902 0.0213182 0.563567 0.0219394 -0.0520757
0.503906 0.941406 0.611728 0.0169153 0.609563 0.0174242 -0.0508899
0.503906 0.949219 0.659687 0.0128845 0.65773 0.0132865 -0.0497156
0.503906 0.957031 0.709546 0.00930021 0.707834 0.00960255 -0.0485657
0.503906 0.964844 0.760996 0.0062312 0.759562 0.00644359 -0.0474534
0.503906 0.972656 0.813648 0.00373655 0.81252 0.00387123 -0.0463916
0.503906 0.980469 0.867039 0.00186101 0.866235 0.0019329 -0.0453918
0.503906 0.988281 0.920642 0.000627557 0.92017 0.00065435 -0.0444754
0.503906 0.996094 0.97388 5.03974e-05 0.973732 5.33286e-05 -0.0435536
