0.00390625 0.503906 -3.77152e-05 0.00720703 -3.78656e-05 0.00711983 0.00061087
0.0117188 0.503906 -0.000372696 0.0208947 -0.000374034 0.0206434 0.000145264
0.0195312 0.503906 -0.00103296 0.0338614 -0.00103652 0.033456 -0.000243778
0.0273438 0.503906 -0.00198967 0.0461149 -0.00199634 0.0455653 -0.000614648
0.0351562 0.503906 -0.00322441 0.0576661 -0.00323494 0.0569819 -0.000962858
0.0429688 0.503906 -0.0047181 0.068528 -0.0047332 0.0677186 -0.00129076
0.0507812 0.503906 -0.00645231 0.0787157 -0.00647261 0.0777904 -0.00160016
0.0585938 0.503906 -0.00840908 0.0882463 -0.00843518 0.0872138 -0.00189301
0.0664062 0.503906 -0.0105711 0.0971383 -0.0106035 0.096007 -0.00217132
0.0742188 0.503906 -0.0129215 0.105411 -0.012961 0.10419 -0.00243711
0.0820312 0.503906 -0.0154444 0.113086 -0.0154913 0.111782 -0.0026924
0.0898438 0.503906 -0.0181243 0.120184 -0.0181794 0.118805 -0.00293915
0.0976562 0.503906 -0.0209465 0.126727 -0.0210103 0.12528 -0.00317929
0.105469 0.503906 -0.0238972 0.132738 -0.0239703 0.131229 -0.00341463
0.113281 0.503906 -0.0269632 0.138238 -0.0270463 0.136675 -0.00364694
0.121094 0.503906 -0.030132 0.14325 -0.0302257 0.141638 -0.00387786
0.128906 0.503906 -0.0333919 0.147796 -0.0334971 0.146141 -0.00410894
0.136719 0.503906 -0.0367323 0.151898 -0.0368495 0.150204 -0.00434162
0.144531 0.503906 -0.0401427 0.155576 -0.0402728 0.153849 -0.00457722
0.152344 0.503906 -0.043614 0.15885 -0.0437576 0.157095 -0.00481695
0.160156 0.503906 -0.0471373 0.161741 -0.0472953 0.159962 -0.00506189
0.167969 0.503906 -0.0507048 0.164268 -0.0508778 0.162467 -0.00531303
0.175781 0.503906 -0.054309 0.166447 -0.0544978 0.16463 -0.00557122
0.183594 0.503906 -0.0579432 0.168296 -0.0581486 0.166465 -0.00583722
0.191406 0.503906 -0.0616014 0.169831 -0.0618241 0.167988 -0.00611167
0.199219 0.503906 -0.0652781 0.171066 -0.0655187 0.169215 -0.00639509
0.207031 0.503906 -0.0689683 0.172016 -0.0692275 0.170159 -0.00668791
0.214844 0.503906 -0.0726675 0.172692 -0.0729459 0.170832 -0.00699046
0.222656 0.503906 -0.0763717 0.173108 -0.0766699 0.171246 -0.00730297
0.230469 0.503906 -0.0800773 0.173273 -0.0803958 0.171411 -0.00762556
0.238281 0.503906 -0.0837812 0.173197 -0.0841205 0.171336 -0.00795826
0.246094 0.503906 -0.0874805 0.172889 -0.0878411 0.171031 -0.00830103
0.253906 0.503906 -0.0911729 0.172357 -0.091555 0.170503 -0.00865372
0.261719 0.503906 -0.094856 0.171607 -0.09526 0.169758 -0.00901608
0.269531 0.503906 -0.098528 0.170646 -0.0989541 0.168802 -0.00938781
0.277344 0.503906 -0.102187 0.169478 -0.102636 0.167641 -0.00976849
0.285156 0.503906 -0.105832 0.168108 -0.106303 0.166279 -0.0101576
0.292969 0.503906 -0.109462 0.16654 -0.109955 0.164719 -0.0105547
0.300781 0.503906 -0.113074 0.164777 -0.113589 0.162964 -0.0109589
0.308594 0.503906 -0.116669 0.162821 -0.117206 0.161017 -0.0113697
0.316406 0.503906 -0.120246 0.160673 -0.120804 0.158879 -0.0117861
0.324219 0.503906 -0.123803 0.158336 -0.124382 0.156552 -0.0122073
0.332031 0.503906 -0.127339 0.155809 -0.12794 0.154036 -0.0126323
0.339844 0.503906 -0.130855 0.153094 -0.131475 0.151332 -0.0130601
0.347656 0.503906 -0.134348 0.15019 -0.134988 0.148439 -0.0134894
0.355469 0.503906 -0.137819 0.147097 -0.138477 0.145359 -0.013919
0.363281 0.503906 -0.141266 0.143815 -0.141942 0.142089 -0.0143477
0.371094 0.503906 -0.144689 0.140342 -0.145381 0.138629 -0.0147741
0.378906 0.503906 -0.148086 0.136677 -0.148794 0.134977 -0.0151966
0.386719 0.503906 -0.151456 0.13282 -0.152178 0.131134 -0.0156139
0.394531 0.503906 -0.154799 0.128768 -0.155534 0.127097 -0.0160241
0.402344 0.503906 -0.158112 0.124521 -0.158858 0.122866 -0.0164257
0.410156 0.503906 -0.161394 0.120076 -0.16215 0.118438 -0.0168169
0.417969 0.503906 -0.164644 0.115433 -0.165407 0.113813 -0.0171958
0.425781 0.503906 -0.167859 0.11059 -0.168628 0.108989 -0.0175605
0.433594 0.503906 -0.171037 0.105546 -0.171809 0.103964 -0.0179091
0.441406 0.503906 -0.174176 0.100299 -0.17495 0.0987388 -0.0182396
0.449219 0.503906 -0.177273 0.0948483 -0.178045 0.0933114 -0.0185498
0.457031 0.503906 -0.180325 0.0891937 -0.181094 0.0876814 -0.0188378
0.464844 0.503906 -0.183328 0.0833342 -0.184091 0.0818483 -0.0191012
0.472656 0.503906 -0.186279 0.0772697 -0.187034 0.0758122 -0.019338
0.480469 0.503906 -0.189174 0.0710002 -0.189917 0.0695733 -0.019546
0.488281 0.503906 -0.192009 0.0645265 -0.192737 0.0631326 -0.0197228
0.496094 0.503906 -0.194778 0.0578496 -0.195489 0.0564911 -0.0198664
0.503906 0.503906 -0.197477 0.050971 -0.198168 0.0496507 -0.0199746
0.511719 0.503906 -0.200099 0.0438928 -0.200766 0.0426139 -0.0200452
0.519531 0.503906 -0.20264 0.0366179 -0.20328 0.0353835 -0.0200761
0.527344 0.503906 -0.205091 0.0291497 -0.205701 0.0279635 -0.0200657
0.535156 0.503906 -0.207447 0.0214922 -0.208022 0.020358 -0.0200123
0.542969 0.503906 -0.209699 0.0136503 -0.210235 0.0125724 -0.0199149
0.550781 0.503906 -0.21184 0.00563014 -0.212333 0.00461171 -0.0197769
0.558594 0.503906 -0.213863 -0.0025446 -0.214311 -0.00350201 -0.0196141
0.566406 0.503906 -0.215755 -0.0108737 -0.216157 -0.0117647 -0.019385
0.574219 0.503906 -0.217512 -0.019368 -0.217865 -0.0201859 -0.0190724
0.582031 0.503906 -0.219125 -0.0280094 -0.219424 -0.0287505 -0.0187059
0.589844 0.503906 -0.220584 -0.0367883 -0.220826 -0.0374482 -0.018284
0.597656 0.503906 -0.22188 -0.0456938 -0.222062 -0.0462677 -0.0178067
0.605469 0.503906 -0.223003 -0.0547136 -0.22312 -0.0551962 -0.017274
0.613281 0.503906 -0.223941 -0.0638337 -0.223991 -0.0642195 -0.0166856
0.621094 0.503906 -0.224683 -0.0730383 -0.224663 -0.0733216 -0.0160419
0.628906 0.503906 -0.225218 -0.08231 -0.225125 -0.082485 -0.0153433
0.636719 0.503906 -0.225534 -0.0916297 -0.225364 -0.0916903 -0.0145906
0.644531 0.503906 -0.225617 -0.100976 -0.225369 -0.100916 -0.013785
0.652344 0.503906 -0.225456 -0.110327 -0.225127 -0.11014 -0.0129281
0.660156 0.503906 -0.225037 -0.119657 -0.224626 -0.119337 -0.0120219
0.667969 0.503906 -0.224348 -0.128939 -0.223852 -0.12848 -0.0110689
0.675781 0.503906 -0.223375 -0.138144 -0.222794 -0.137539 -0.0100719
0.683594 0.503906 -0.222107 -0.14724 -0.221439 -0.146484 -0.00903442
0.691406 0.503906 -0.220529 -0.156195 -0.219775 -0.155281 -0.00796027
0.699219 0.503906 -0.218631 -0.164972 -0.217791 -0.163894 -0.00685383
0.707031 0.503906 -0.2164 -0.173533 -0.215474 -0.172286 -0.00571997
0.714844 0.503906 -0.213826 -0.181837 -0.212815 -0.180417 -0.00456406
0.722656 0.503906 -0.210897 -0.189843 -0.209805 -0.188244 -0.00339195
0.730469 0.503906 -0.207607 -0.197505 -0.206434 -0.195725 -0.00220996
0.738281 0.503906 -0.203946 -0.204777 -0.202697 -0.202812 -0.00102488
0.746094 0.503906 -0.199909 -0.21161 -0.198588 -0.209458 0.00015612
0.753906 0.503906 -0.195492 -0.217955 -0.194103 -0.215614 0.00132546
0.761719 0.503906 -0.190692 -0.223759 -0.189242 -0.22123 0.00247526
0.769531 0.503906 -0.185512 -0.228971 -0.184006 -0.226255 0.00359738
0.777344 0.503906 -0.179952 -0.233537 -0.178399 -0.230638 0.00468349
0.785156 0.503906 -0.174021 -0.237405 -0.172428 -0.234326 0.00572516
0.792969 0.503906 -0.167728 -0.240522 -0.166103 -0.23727 0.00671398
0.800781 0.503906 -0.161086 -0.242837 -0.159439 -0.239419 0.00764164
0.808594 0.503906 -0.154113 -0.244301 -0.152454 -0.240728 0.00850005
0.816406 0.503906 -0.146831 -0.244866 -0.14517 -0.24115 0.00928149
0.824219 0.503906 -0.139265 -0.24449 -0.137613 -0.240645 0.00997872
0.832031 0.503906 -0.131445 -0.243134 -0.129815 -0.239177 0.0105851
0.839844 0.503906 -0.123409 -0.240765 -0.12181 -0.236715 0.0110949
0.847656 0.503906 -0.115194 -0.237356 -0.113638 -0.233234 0.0115031
0.855469 0.503906 -0.106846 -0.232888 -0.105345 -0.228718 0.0118057
0.863281 0.503906 -0.0984141 -0.22735 -0.0969779 -0.223157 0.0119998
0.871094 0.503906 -0.089951 -0.220742 -0.0885898 -0.216552 0.012084
0.878906 0.503906 -0.0815137 -0.21307 -0.0802368 -0.208913 0.0120577
0.886719 0.503906 -0.0731623 -0.204354 -0.0719777 -0.20026 0.011922
0.894531 0.503906 -0.0649596 -0.194625 -0.0638742 -0.190625 0.0116789
0.902344 0.503906 -0.0569702 -0.183924 -0.0559892 -0.18005 0.011332
0.910156 0.503906 -0.0492597 -0.172304 -0.0483869 -0.168588 0.0108857
0.917969 0.503906 -0.041894 -0.159829 -0.0411312 -0.156302 0.0103457
0.925781 0.503906 -0.0349381 -0.146572 -0.0342854 -0.143266 0.00971851
0.933594 0.503906 -0.0284556 -0.132618 -0.0279107 -0.129562 0.00901116
0.941406 0.503906 -0.0225072 -0.118057 -0.022066 -0.11528 0.0082313
0.949219 0.503906 -0.0171505 -0.102987 -0.0168067 -0.100517 0.00738674
0.957031 0.503906 -0.0124387 -0.087514 -0.012184 -0.0853733 0.00648529
0.964844 0.503906 -0.00842057 -0.0717429 -0.00824448 -0.0699544 0.00553441
0.972656 0.503906 -0.00513949 -0.0557825 -0.00502979 -0.0543656 0.00454125
0.980469 0.503906 -0.00263387 -0.0397406 -0.00257645 -0.0387121 0.0035104
0.988281 0.503906 -0.000934044 -0.023723 -0.000913163 -0.023097 0.00246215
0.996094 0.503906 -9.0139e-05 -0.00783106 -8.79925e-05 -0.00761931 0.00125727
