x | y | u.x | u.y | uint | vint | p
0.511719 0.00390625 -0.00131218 -5.8649e-05 0.00246333 0.000102147 -0.0474428
0.511719 0.0117188 -0.00464977 -0.000110624 0.000414795 -3.44567e-05 -0.0470304
0.511719 0.0195312 -0.00883538 -0.000132772 -0.00242984 -8.60745e-05 -0.0467274
0.511719 0.0273438 -0.0133776 -0.000168957 -0.00643772 -8.04341e-05 -0.0463519
0.511719 0.0351562 -0.017935 -0.000213593 -0.0109849 -8.15316e-05 -0.0459276
0.511719 0.0429688 -0.0223663 -0.000263255 -0.0156136 -8.32578e-05 -0.0454597
0.511719 0.0507812 -0.0266449 -0.000316088 -0.0201247 -8.18387e-05 -0.0449524
0.511719 0.0585938 -0.0307844 -0.000371407 -0.0244743 -7.53907e-05 -0.0444089
0.511719 0.0664062 -0.0348041 -0.000428894 -0.0286746 -6.35845e-05 -0.0438313
0.511719 0.0742188 -0.03872 -0.000488224 -0.0327468 -4.65988e-05 -0.0432208
0.511719 0.0820312 -0.0425455 -0.000548931 -0.0367086 -2.46061e-05 -0.0425777
0.511719 0.0898438 -0.0462916 -0.000610381 -0.0405737 2.39115e-06 -0.0419008
0.511719 0.0976562 -0.0499683 -0.000671774 -0.0443538 3.45979e-05 -0.0411885
0.511719 0.105469 -0.0535847 -0.000732137 -0.0480589 7.24322e-05 -0.0404381
0.511719 0.113281 -0.0571494 -0.000790374 -0.0516983 0.000116499 -0.0396468
0.511719 0.121094 -0.0606701 -0.000845203 -0.0552805 0.000167627 -0.0388107
0.511719 0.128906 -0.0641541 -0.0008952 -0.0588132 0.000226788 -0.037927
0.511719 0.136719 -0.0676081 -0.000938851 -0.0623045 0.000295098 -0.036993
0.511719 0.144531 -0.0710384 -0.000974493 -0.0657598 0.000373864 -0.0360062
0.511719 0.152344 -0.0744508 -0.00100035 -0.0691865 0.000464513 -0.034965
0.511719 0.160156 -0.0778505 -0.00101453 -0.0725901 0.000568609 -0.0338687
0.511719 0.167969 -0.0812425 -0.00101503 -0.0759759 0.000687846 -0.0327177
0.511719 0.175781 -0.0846309 -0.000999739 -0.0793489 0.000824045 -0.0315132
0.511719 0.183594 -0.0880196 -0.000966448 -0.0827135 0.000979138 -0.0302579
0.511719 0.191406 -0.091412 -0.000912841 -0.0860735 0.00115517 -0.0289552
0.511719 0.199219 -0.0948108 -0.000836508 -0.0894324 0.00135427 -0.0276098
0.511719 0.207031 -0.0982182 -0.000734948 -0.0927931 0.00157871 -0.0262274
0.511719 0.214844 -0.101636 -0.000605572 -0.096158 0.00183086 -0.0248146
0.511719 0.222656 -0.105065 -0.000445716 -0.0995289 0.00211318 -0.0233789
0.511719 0.230469 -0.108508 -0.000252639 -0.102907 0.00242802 -0.0219282
0.511719 0.238281 -0.11196 -2.35268e-05 -0.106292 0.00277867 -0.0204713
0.511719 0.246094 -0.115424 0.000244454 -0.109687 0.00316723 -0.0190173
0.511719 0.253906 -0.118898 0.000554214 -0.113089 0.00359588 -0.0175755
0.511719 0.261719 -0.122381 0.000908703 -0.116497 0.00406808 -0.0161557
0.511719 0.269531 -0.125869 0.0013109 -0.119911 0.00458651 -0.0147673
0.511719 0.277344 -0.129361 0.00176382 -0.123328 0.00515406 -0.0134204
0.511719 0.285156 -0.132852 0.00227082 -0.126745 0.00577329 -0.0121213
0.511719 0.292969 -0.136337 0.00283516 -0.130159 0.00644788 -0.0108779
0.511719 0.300781 -0.139811 0.00345871 -0.133566 0.0071798 -0.00971571
0.511719 0.308594 -0.143271 0.00414441 -0.136961 0.00797152 -0.00862707
0.511719 0.316406 -0.146709 0.00489601 -0.14034 0.0088269 -0.00762165
0.511719 0.324219 -0.150117 0.00571612 -0.143696 0.00974815 -0.00670718
0.511719 0.332031 -0.153489 0.00660744 -0.147022 0.0107378 -0.00588982
0.511719 0.339844 -0.156817 0.00757292 -0.150312 0.0117986 -0.00517392
0.511719 0.347656 -0.16009 0.00861378 -0.153558 0.0129324 -0.00457766
0.511719 0.355469 -0.163303 0.00973216 -0.156753 0.0141412 -0.0040919
0.511719 0.363281 -0.166443 0.0109316 -0.159887 0.0154276 -0.00372383
0.511719 0.371094 -0.169501 0.0122137 -0.162951 0.0167935 -0.00347676
0.511719 0.378906 -0.172464 0.0135804 -0.165935 0.0182408 -0.00335113
0.511719 0.386719 -0.17532 0.0150317 -0.168829 0.0197704 -0.00335948
0.511719 0.394531 -0.178061 0.0165682 -0.171621 0.0213832 -0.00349208
0.511719 0.402344 -0.180674 0.0181921 -0.174302 0.0230799 -0.00375266
0.511719 0.410156 -0.183144 0.0199041 -0.176858 0.0248614 -0.00414134
0.511719 0.417969 -0.185458 0.021704 -0.179279 0.0267281 -0.00465743
0.511719 0.425781 -0.187604 0.0235905 -0.181552 0.0286795 -0.00530569
0.511719 0.433594 -0.189569 0.0255625 -0.183663 0.0307146 -0.00607823
0.511719 0.441406 -0.191339 0.02762 -0.185602 0.0328325 -0.00697572
0.511719 0.449219 -0.192901 0.0297615 -0.187354 0.0350319 -0.00799491
0.511719 0.457031 -0.194239 0.031984 -0.188907 0.0373111 -0.00913815
0.511719 0.464844 -0.195342 0.0342845 -0.190248 0.0396673 -0.0103988
0.511719 0.472656 -0.196197 0.0366603 -0.191364 0.0420974 -0.0117755
0.511719 0.480469 -0.196789 0.0391082 -0.192243 0.0445982 -0.0132644
0.511719 0.488281 -0.197106 0.0416236 -0.192872 0.047166 -0.0148641
0.511719 0.496094 -0.197136 0.0442011 -0.193238 0.0497961 -0.0165705
0.511719 0.503906 -0.196866 0.0468357 -0.19333 0.0524833 -0.0183799
0.511719 0.511719 -0.196287 0.0495215 -0.193137 0.0552222 -0.0202886
0.511719 0.519531 -0.195386 0.052252 -0.192648 0.0580066 -0.0222931
0.511719 0.527344 -0.194153 0.0550198 -0.191852 0.0608299 -0.02439
0.511719 0.535156 -0.192581 0.0578174 -0.190741 0.0636847 -0.0265742
0.511719 0.542969 -0.19066 0.0606367 -0.189305 0.0665633 -0.028842
0.511719 0.550781 -0.188383 0.0634689 -0.187537 0.0694575 -0.031189
0.511719 0.558594 -0.185744 0.0663048 -0.185429 0.0723585 -0.0336111
0.511719 0.566406 -0.182737 0.0691345 -0.182975 0.075257 -0.0361031
0.511719 0.574219 -0.179358 0.0719479 -0.18017 0.0781432 -0.0386603
0.511719 0.582031 -0.175604 0.0747344 -0.17701 0.0810069 -0.0412776
0.511719 0.589844 -0.171473 0.077483 -0.173492 0.0838376 -0.0439496
0.511719 0.597656 -0.166962 0.0801823 -0.169613 0.0866244 -0.0466705
0.511719 0.605469 -0.162073 0.0828205 -0.165373 0.0893559 -0.0494341
0.511719 0.613281 -0.156805 0.0853858 -0.16077 0.0920206 -0.0522341
0.511719 0.621094 -0.151161 0.0878658 -0.155806 0.0946067 -0.0550635
0.511719 0.628906 -0.145142 0.0902484 -0.150482 0.0971021 -0.0579149
0.511719 0.636719 -0.138753 0.0925209 -0.144801 0.0994947 -0.0607806
0.511719 0.644531 -0.131995 0.094671 -0.138765 0.101772 -0.0636523
0.511719 0.652344 -0.124875 0.0966861 -0.132378 0.103923 -0.0665212
0.511719 0.660156 -0.117395 0.0985536 -0.125644 0.105933 -0.069378
0.511719 0.667969 -0.109559 0.100261 -0.118567 0.107792 -0.072213
0.511719 0.675781 -0.101371 0.101797 -0.111151 0.109487 -0.0750163
0.511719 0.683594 -0.0928342 0.103149 -0.103398 0.111005 -0.0777771
0.511719 0.691406 -0.0839499 0.104305 -0.0953138 0.112337 -0.0804848
0.511719 0.699219 -0.0747187 0.105254 -0.0868987 0.113469 -0.0831282
0.511719 0.707031 -0.0651391 0.105986 -0.0781538 0.11439 -0.0856963
0.511719 0.714844 -0.0552072 0.106489 -0.0690782 0.115091 -0.0881778
0.511719 0.722656 -0.0449166 0.106755 -0.0596687 0.115561 -0.0905616
0.511719 0.730469 -0.0342571 0.106774 -0.0499196 0.11579 -0.092837
0.511719 0.738281 -0.0232149 0.106538 -0.0398218 0.115768 -0.0949932
0.511719 0.746094 -0.0117711 0.10604 -0.0293621 0.11549 -0.0970204
0.511719 0.753906 0.000102 0.105273 -0.018522 0.114942 -0.0989081
0.511719 0.761719 0.0124282 0.104234 -0.00728021 0.114153 -0.100659
0.511719 0.769531 0.0252389 0.102919 0.00439125 0.113035 -0.10227
0.511719 0.777344 0.0385827 0.101321 0.0165222 0.111652 -0.103723
0.511719 0.785156 0.052512 0.0994388 0.0291532 0.109984 -0.105015
0.511719 0.792969 0.0670877 0.0972698 0.0423342 0.108027 -0.106142
0.511719 0.800781 0.0823794 0.0948135 0.0561234 0.105777 -0.107103
0.511719 0.808594 0.0984659 0.0920706 0.0705879 0.103234 -0.107897
0.511719 0.816406 0.115436 0.0890438 0.085804 0.100396 -0.108524
0.511719 0.824219 0.133388 0.0857377 0.101858 0.0972636 -0.108987
0.511719 0.832031 0.152429 0.0821595 0.118847 0.0938413 -0.109291
0.511719 0.839844 0.172678 0.0783191 0.136877 0.0901339 -0.109441
0.511719 0.847656 0.194259 0.0742295 0.156065 0.0861495 -0.109445
0.511719 0.855469 0.217304 0.0699076 0.17654 0.081899 -0.109309
0.511719 0.863281 0.241952 0.0653745 0.198435 0.077397 -0.109045
0.511719 0.871094 0.268343 0.0606557 0.221894 0.072662 -0.108663
0.511719 0.878906 0.296614 0.055782 0.247064 0.0677172 -0.108175
0.511719 0.886719 0.326902 0.0507896 0.274094 0.0625906 -0.107592
0.511719 0.894531 0.359328 0.0457208 0.303133 0.0573162 -0.106927
0.511719 0.902344 0.394001 0.0406235 0.33432 0.0519337 -0.106194
0.511719 0.910156 0.431004 0.0355519 0.367784 0.0464894 -0.105403
0.511719 0.917969 0.470392 0.0305658 0.403636 0.041036 -0.104569
0.511719 0.925781 0.512177 0.02573 0.441955 0.0356329 -0.103702
0.511719 0.933594 0.556324 0.0211136 0.482789 0.0303457 -0.102813
0.511719 0.941406 0.602741 0.0167881 0.526137 0.0252453 -0.101915
0.511719 0.949219 0.651266 0.0128257 0.571945 0.0204072 -0.101017
0.511719 0.957031 0.701668 0.00929698 0.62009 0.0159093 -0.100131
0.511719 0.964844 0.753645 0.00626743 0.670372 0.0118301 -0.0992655
0.511719 0.972656 0.806861 0.00379482 0.7225 0.00824532 -0.098432
0.511719 0.980469 0.86102 0.00192535 0.776106 0.00522508 -0.0976376
0.511719 0.988281 0.915997 0.000685822 0.830797 0.00283256 -0.0968957
0.511719 0.996094 0.971864 8.32508e-05 0.886329 0.00111183 -0.0961226
