x | y | u.x | u.y | uint | vint | p
0.00390625 0.511719 2.25059e-05 0.00797477 2.25059e-05 0.00797477 0.0587994
0.0117188 0.511719 -0.000236696 0.0221149 -0.000236696 0.0221149 0.0579976
0.0195312 0.511719 -0.000836293 0.0344702 -0.000836293 0.0344702 0.05739
0.0273438 0.511719 -0.00171118 0.0456367 -0.00171118 0.0456367 0.0567419
0.0351562 0.511719 -0.00285031 0.0560038 -0.00285031 0.0560038 0.0560793
0.0429688 0.511719 -0.00423878 0.0657389 -0.00423878 0.0657389 0.0554041
0.0507812 0.511719 -0.00586037 0.0748912 -0.00586037 0.0748912 0.0547181
0.0585938 0.511719 -0.0076981 0.0834725 -0.0076981 0.0834725 0.0540214
0.0664062 0.511719 -0.00973507 0.0914909 -0.00973507 0.0914909 0.0533136
0.0742188 0.511719 -0.0119549 0.098959 -0.0119549 0.098959 0.052593
0.0820312 0.511719 -0.0143419 0.105893 -0.0143419 0.105893 0.0518568
0.0898438 0.511719 -0.016881 0.112312 -0.016881 0.112312 0.0511013
0.0976562 0.511719 -0.019558 0.118236 -0.019558 0.118236 0.0503219
0.105469 0.511719 -0.0223595 0.123686 -0.0223595 0.123686 0.0495132
0.113281 0.511719 -0.0252726 0.128681 -0.0252726 0.128681 0.0486695
0.121094 0.511719 -0.0282857 0.133243 -0.0282857 0.133243 0.0477846
0.128906 0.511719 -0.0313874 0.137393 -0.0313874 0.137393 0.0468526
0.136719 0.511719 -0.0345676 0.14115 -0.0345676 0.14115 0.0458678
0.144531 0.511719 -0.0378167 0.144534 -0.0378167 0.144534 0.0448249
0.152344 0.511719 -0.041126 0.147563 -0.041126 0.147563 0.0437195
0.160156 0.511719 -0.0444872 0.150256 -0.0444872 0.150256 0.0425478
0.167969 0.511719 -0.0478931 0.15263 -0.0478931 0.15263 0.0413071
0.175781 0.511719 -0.051337 0.154701 -0.051337 0.154701 0.0399955
0.183594 0.511719 -0.0548129 0.156485 -0.0548129 0.156485 0.0386125
0.191406 0.511719 -0.0583151 0.157995 -0.0583151 0.157995 0.0371584
0.199219 0.511719 -0.0618389 0.159246 -0.0618389 0.159246 0.0356347
0.207031 0.511719 -0.0653797 0.160249 -0.0653797 0.160249 0.034044
0.214844 0.511719 -0.0689338 0.161016 -0.0689338 0.161016 0.0323897
0.222656 0.511719 -0.0724977 0.161558 -0.0724977 0.161558 0.0306761
0.230469 0.511719 -0.0760682 0.161882 -0.0760682 0.161882 0.0289084
0.238281 0.511719 -0.0796427 0.161999 -0.0796427 0.161999 0.0270925
0.246094 0.511719 -0.0832188 0.161915 -0.0832188 0.161915 0.0252346
0.253906 0.511719 -0.0867945 0.161637 -0.0867945 0.161637 0.0233416
0.261719 0.511719 -0.090368 0.16117 -0.090368 0.16117 0.0214206
0.269531 0.511719 -0.0939377 0.160518 -0.0939377 0.160518 0.0194791
0.277344 0.511719 -0.0975022 0.159687 -0.0975022 0.159687 0.0175244
0.285156 0.511719 -0.10106 0.158679 -0.10106 0.158679 0.0155641
0.292969 0.511719 -0.104611 0.157495 -0.104611 0.157495 0.0136054
0.300781 0.511719 -0.108153 0.156139 -0.108153 0.156139 0.0116558
0.308594 0.511719 -0.111687 0.154611 -0.111687 0.154611 0.00972199
0.316406 0.511719 -0.11521 0.152911 -0.11521 0.152911 0.00781075
0.324219 0.511719 -0.118722 0.15104 -0.118722 0.15104 0.00592836
0.332031 0.511719 -0.122222 0.148996 -0.122222 0.148996 0.00408074
0.339844 0.511719 -0.125711 0.14678 -0.125711 0.14678 0.0022734
0.347656 0.511719 -0.129186 0.144388 -0.129186 0.144388 0.000511424
0.355469 0.511719 -0.132647 0.14182 -0.132647 0.14182 -0.0012005
0.363281 0.511719 -0.136093 0.139073 -0.136093 0.139073 -0.00285812
0.371094 0.511719 -0.139523 0.136146 -0.139523 0.136146 -0.00445755
0.378906 0.511719 -0.142936 0.133035 -0.142936 0.133035 -0.00599528
0.386719 0.511719 -0.146331 0.129738 -0.146331 0.129738 -0.00746813
0.394531 0.511719 -0.149705 0.126252 -0.149705 0.126252 -0.00887323
0.402344 0.511719 -0.153059 0.122574 -0.153059 0.122574 -0.0102079
0.410156 0.511719 -0.156389 0.118701 -0.156389 0.118701 -0.0114698
0.417969 0.511719 -0.159694 0.114631 -0.159694 0.114631 -0.0126567
0.425781 0.511719 -0.162971 0.11036 -0.162971 0.11036 -0.0137663
0.433594 0.511719 -0.166218 0.105886 -0.166218 0.105886 -0.0147968
0.441406 0.511719 -0.169433 0.101205 -0.169433 0.101205 -0.0157461
0.449219 0.511719 -0.172612 0.0963167 -0.172612 0.0963167 -0.0166122
0.457031 0.511719 -0.175752 0.0912176 -0.175752 0.0912176 -0.0173931
0.464844 0.511719 -0.178849 0.0859061 -0.178849 0.0859061 -0.0180868
0.472656 0.511719 -0.181899 0.0803807 -0.181899 0.0803807 -0.0186911
0.480469 0.511719 -0.184899 0.0746402 -0.184899 0.0746402 -0.0192038
0.488281 0.511719 -0.187843 0.0686839 -0.187843 0.0686839 -0.0196224
0.496094 0.511719 -0.190726 0.0625117 -0.190726 0.0625117 -0.0199445
0.503906 0.511719 -0.193542 0.0561239 -0.193542 0.0561239 -0.0201675
0.511719 0.511719 -0.196287 0.0495215 -0.196287 0.0495215 -0.0202886
0.519531 0.511719 -0.198952 0.0427061 -0.198952 0.0427061 -0.0203052
0.527344 0.511719 -0.201533 0.0356801 -0.201533 0.0356801 -0.0202142
0.535156 0.511719 -0.204021 0.0284465 -0.204021 0.0284465 -0.0200127
0.542969 0.511719 -0.206408 0.0210093 -0.206408 0.0210093 -0.0196987
0.550781 0.511719 -0.208687 0.0133732 -0.208687 0.0133732 -0.0192699
0.558594 0.511719 -0.210848 0.00554407 -0.210848 0.00554407 -0.0187283
0.566406 0.511719 -0.212884 -0.0024551 -0.212884 -0.0024551 -0.018088
0.574219 0.511719 -0.21478 -0.0106234 -0.21478 -0.0106234 -0.0173056
0.582031 0.511719 -0.216533 -0.0189699 -0.216533 -0.0189699 -0.0163636
0.589844 0.511719 -0.218132 -0.0274758 -0.218132 -0.0274758 -0.0152913
0.597656 0.511719 -0.219568 -0.0361317 -0.219568 -0.0361317 -0.0140868
0.605469 0.511719 -0.220831 -0.0449263 -0.220831 -0.0449263 -0.01275
0.613281 0.511719 -0.221909 -0.0538463 -0.221909 -0.0538463 -0.0112811
0.621094 0.511719 -0.22279 -0.0628766 -0.22279 -0.0628766 -0.00968085
0.628906 0.511719 -0.223463 -0.0720005 -0.223463 -0.0720005 -0.00795064
0.636719 0.511719 -0.223915 -0.0811992 -0.223915 -0.0811992 -0.00609284
0.644531 0.511719 -0.224134 -0.0904522 -0.224134 -0.0904522 -0.00411086
0.652344 0.511719 -0.224107 -0.099737 -0.224107 -0.099737 -0.00200912
0.660156 0.511719 -0.223821 -0.109029 -0.223821 -0.109029 0.000206795
0.667969 0.511719 -0.223262 -0.118302 -0.223262 -0.118302 0.00253015
0.675781 0.511719 -0.222418 -0.127526 -0.222418 -0.127526 0.00495304
0.683594 0.511719 -0.221276 -0.136671 -0.221276 -0.136671 0.00746637
0.691406 0.511719 -0.219822 -0.145703 -0.219822 -0.145703 0.0100599
0.699219 0.511719 -0.218045 -0.154587 -0.218045 -0.154587 0.0127222
0.707031 0.511719 -0.215932 -0.163284 -0.215932 -0.163284 0.0154409
0.714844 0.511719 -0.213472 -0.171755 -0.213472 -0.171755 0.0182026
0.722656 0.511719 -0.210655 -0.179956 -0.210655 -0.179956 0.020993
0.730469 0.511719 -0.207472 -0.187843 -0.207472 -0.187843 0.0237972
0.738281 0.511719 -0.203915 -0.195368 -0.203915 -0.195368 0.0265996
0.746094 0.511719 -0.199977 -0.202484 -0.199977 -0.202484 0.0293841
0.753906 0.511719 -0.195654 -0.209139 -0.195654 -0.209139 0.0321346
0.761719 0.511719 -0.190944 -0.215281 -0.190944 -0.215281 0.0348349
0.769531 0.511719 -0.185847 -0.220857 -0.185847 -0.220857 0.0374688
0.777344 0.511719 -0.180366 -0.225814 -0.180366 -0.225814 0.0400207
0.785156 0.511719 -0.174507 -0.230097 -0.174507 -0.230097 0.0424755
0.792969 0.511719 -0.168279 -0.233653 -0.168279 -0.233653 0.0448191
0.800781 0.511719 -0.161696 -0.236428 -0.161696 -0.236428 0.0470385
0.808594 0.511719 -0.154773 -0.238371 -0.154773 -0.238371 0.0491217
0.816406 0.511719 -0.147534 -0.239434 -0.147534 -0.239434 0.0510587
0.824219 0.511719 -0.140003 -0.239571 -0.140003 -0.239571 0.0528409
0.832031 0.511719 -0.132211 -0.238741 -0.132211 -0.238741 0.0544617
0.839844 0.511719 -0.124194 -0.236908 -0.124194 -0.236908 0.0559165
0.847656 0.511719 -0.11599 -0.234043 -0.11599 -0.234043 0.0572029
0.855469 0.511719 -0.107644 -0.230122 -0.107644 -0.230122 0.0583206
0.863281 0.511719 -0.0992067 -0.225131 -0.0992067 -0.225131 0.0592712
0.871094 0.511719 -0.0907302 -0.219067 -0.0907302 -0.219067 0.0600583
0.878906 0.511719 -0.0822721 -0.211932 -0.0822721 -0.211932 0.0606873
0.886719 0.511719 -0.073893 -0.203743 -0.073893 -0.203743 0.0611649
0.894531 0.511719 -0.0656561 -0.194526 -0.0656561 -0.194526 0.0614988
0.902344 0.511719 -0.0576268 -0.184319 -0.0576268 -0.184319 0.0616974
0.910156 0.511719 -0.0498714 -0.173172 -0.0498714 -0.173172 0.0617693
0.917969 0.511719 -0.0424566 -0.161145 -0.0424566 -0.161145 0.0617231
0.925781 0.511719 -0.0354482 -0.148312 -0.0354482 -0.148312 0.0615667
0.933594 0.511719 -0.0289104 -0.134753 -0.0289104 -0.134753 0.0613075
0.941406 0.511719 -0.0229049 -0.120562 -0.0229049 -0.120562 0.0609518
0.949219 0.511719 -0.0174898 -0.105841 -0.0174898 -0.105841 0.0605051
0.957031 0.511719 -0.0127193 -0.0907005 -0.0127193 -0.0907005 0.0599719
0.964844 0.511719 -0.00864314 -0.0752488 -0.00864314 -0.0752488 0.0593561
0.972656 0.511719 -0.00530693 -0.0595565 -0.00530693 -0.0595565 0.0586609
0.980469 0.511719 -0.00275268 -0.0435747 -0.00275268 -0.0435747 0.057886
0.988281 0.511719 -0.00101348 -0.02702 -0.00101348 -0.02702 0.0570439
0.996094 0.511719 -0.000127201 -0.00934916 -0.000127201 -0.00934916 0.0559989
