0.503906 0.00390625 -0.00560496 -6.27349e-05 -0.00560747 -6.35944e-05 -0.120468
0.503906 0.0117188 -0.0122512 -0.000161303 -0.0122495 -0.000159278 -0.120399
0.503906 0.0195312 -0.016989 -0.00023179 -0.0169845 -0.000221945 -0.1205
0.503906 0.0273438 -0.021403 -0.000304331 -0.0213986 -0.00028322 -0.120607
0.503906 0.0351562 -0.0259537 -0.000380299 -0.0259506 -0.00034463 -0.120734
0.503906 0.0429688 -0.0306111 -0.000460648 -0.0306094 -0.000407253 -0.120876
0.503906 0.0507812 -0.035266 -0.000544591 -0.0352655 -0.000470422 -0.12103
0.503906 0.0585938 -0.0398514 -0.000631254 -0.039852 -0.000533402 -0.121189
0.503906 0.0664062 -0.0443439 -0.000719885 -0.0443452 -0.000595579 -0.121348
0.503906 0.0742188 -0.0487425 -0.000809749 -0.0487444 -0.000656344 -0.1215
0.503906 0.0820312 -0.0530544 -0.000899998 -0.0530565 -0.000714959 -0.121637
0.503906 0.0898438 -0.0572886 -0.000989613 -0.0572906 -0.0007705 -0.121751
0.503906 0.0976562 -0.061454 -0.00107739 -0.0614554 -0.00082185 -0.121835
0.503906 0.105469 -0.0655593 -0.00116195 -0.0655596 -0.000867699 -0.121881
0.503906 0.113281 -0.0696131 -0.00124174 -0.0696115 -0.000906565 -0.121881
0.503906 0.121094 -0.0736234 -0.00131507 -0.0736193 -0.000936799 -0.121829
0.503906 0.128906 -0.0775982 -0.00138008 -0.0775907 -0.000956598 -0.121718
0.503906 0.136719 -0.081545 -0.00143478 -0.0815331 -0.000964006 -0.121542
0.503906 0.144531 -0.0854703 -0.00147703 -0.0854531 -0.000956926 -0.121295
0.503906 0.152344 -0.0893804 -0.00150456 -0.0893568 -0.000933121 -0.120971
0.503906 0.160156 -0.0932805 -0.00151496 -0.0932492 -0.000890224 -0.120566
0.503906 0.167969 -0.0971753 -0.00150571 -0.0971351 -0.000825742 -0.120075
0.503906 0.175781 -0.101069 -0.00147416 -0.101018 -0.000737065 -0.119494
0.503906 0.183594 -0.104964 -0.00141756 -0.104902 -0.000621474 -0.11882
0.503906 0.191406 -0.108863 -0.00133303 -0.108788 -0.000476149 -0.118049
0.503906 0.199219 -0.112768 -0.00121761 -0.112678 -0.000298176 -0.117177
0.503906 0.207031 -0.116681 -0.00106826 -0.116575 -8.45592e-05 -0.116203
0.503906 0.214844 -0.120601 -0.000881841 -0.120477 0.000167773 -0.115122
0.503906 0.222656 -0.124529 -0.000655158 -0.124385 0.000461957 -0.113934
0.503906 0.230469 -0.128463 -0.000384945 -0.128298 0.000801184 -0.112635
0.503906 0.238281 -0.132402 -6.78899e-05 -0.132214 0.00118869 -0.111222
0.503906 0.246094 -0.136344 0.000299366 -0.13613 0.00162776 -0.109695
0.503906 0.253906 -0.140284 0.000720211 -0.140043 0.00212169 -0.10805
0.503906 0.261719 -0.144219 0.00119806 -0.143949 0.00267379 -0.106285
0.503906 0.269531 -0.148144 0.00173632 -0.147844 0.00328739 -0.104399
0.503906 0.277344 -0.152054 0.00233842 -0.151721 0.0039658 -0.102389
0.503906 0.285156 -0.155941 0.00300776 -0.155574 0.0047123 -0.100255
0.503906 0.292969 -0.159799 0.0037477 -0.159395 0.00553016 -0.0979947
0.503906 0.300781 -0.16362 0.00456155 -0.163178 0.00642255 -0.0956076
0.503906 0.308594 -0.167394 0.00545255 -0.166913 0.00739259 -0.0930936
0.503906 0.316406 -0.171112 0.00642384 -0.17059 0.0084433 -0.0904534
0.503906 0.324219 -0.174765 0.00747844 -0.1742 0.00957755 -0.0876883
0.503906 0.332031 -0.178339 0.00861921 -0.17773 0.0107981 -0.0848007
0.503906 0.339844 -0.181825 0.00984883 -0.181171 0.0121074 -0.0817943
0.503906 0.347656 -0.18521 0.0111698 -0.184509 0.0135078 -0.0786736
0.503906 0.355469 -0.18848 0.0125842 -0.187732 0.0150014 -0.0754447
0.503906 0.363281 -0.191623 0.0140941 -0.190826 0.0165899 -0.072115
0.503906 0.371094 -0.194624 0.0157011 -0.193779 0.0182748 -0.068693
0.503906 0.378906 -0.197469 0.0174062 -0.196574 0.020057 -0.0651887
0.503906 0.386719 -0.200143 0.0192103 -0.199199 0.0219372 -0.0616135
0.503906 0.394531 -0.202632 0.0211137 -0.201639 0.0239155 -0.0579797
0.503906 0.402344 -0.20492 0.0231163 -0.203878 0.0259915 -0.0543008
0.503906 0.410156 -0.206992 0.0252173 -0.205902 0.0281644 -0.0505908
0.503906 0.417969 -0.208833 0.0274154 -0.207696 0.0304327 -0.0468646
0.503906 0.425781 -0.210429 0.0297088 -0.209246 0.0327943 -0.0431374
0.503906 0.433594 -0.211763 0.0320949 -0.210535 0.0352465 -0.0394243
0.503906 0.441406 -0.212823 0.0345706 -0.211552 0.0377861 -0.0357402
0.503906 0.449219 -0.213593 0.0371321 -0.212281 0.0404088 -0.0320996
0.503906 0.457031 -0.21406 0.0397748 -0.212709 0.0431102 -0.028516
0.503906 0.464844 -0.21421 0.0424937 -0.212824 0.0458849 -0.0250019
0.503906 0.472656 -0.214033 0.0452828 -0.212614 0.0487268 -0.0215683
0.503906 0.480469 -0.213516 0.0481357 -0.212068 0.0516294 -0.0182247
0.503906 0.488281 -0.21265 0.0510454 -0.211175 0.0545854 -0.0149789
0.503906 0.496094 -0.211423 0.054004 -0.209926 0.0575868 -0.0118365
0.503906 0.503906 -0.209829 0.0570033 -0.208314 0.0606255 -0.00880125
0.503906 0.511719 -0.20786 0.0600345 -0.206331 0.0636923 -0.00587494
0.503906 0.519531 -0.20551 0.0630883 -0.203972 0.066778 -0.0030572
0.503906 0.527344 -0.202774 0.066155 -0.201232 0.0698726 -0.000345795
0.503906 0.535156 -0.199649 0.0692245 -0.198108 0.0729661 0.00226331
0.503906 0.542969 -0.196133 0.0722863 -0.194598 0.076048 0.00477572
0.503906 0.550781 -0.192225 0.0753297 -0.190702 0.0791075 0.00719842
0.503906 0.558594 -0.187926 0.0783439 -0.18642 0.0821336 0.00953946
0.503906 0.566406 -0.183238 0.0813177 -0.181755 0.0851154 0.0118076
0.503906 0.574219 -0.178164 0.08424 -0.17671 0.0880416 0.0140122
0.503906 0.582031 -0.172709 0.0870995 -0.171289 0.0909011 0.0161626
0.503906 0.589844 -0.166879 0.0898852 -0.165498 0.0936827 0.018268
0.503906 0.597656 -0.160679 0.0925857 -0.159343 0.0963753 0.020337
0.503906 0.605469 -0.154117 0.0951901 -0.152833 0.0989678 0.0223776
0.503906 0.613281 -0.147203 0.0976874 -0.145975 0.10145 0.0243965
0.503906 0.621094 -0.139944 0.100067 -0.138779 0.10381 0.0263996
0.503906 0.628906 -0.132351 0.102318 -0.131254 0.106038 0.028391
0.503906 0.636719 -0.124433 0.10443 -0.123409 0.108123 0.0303736
0.503906 0.644531 -0.1162 0.106393 -0.115254 0.110056 0.0323488
0.503906 0.652344 -0.107661 0.108197 -0.1068 0.111827 0.0343165
0.503906 0.660156 -0.0988271 0.109833 -0.0980545 0.113426 0.0362753
0.503906 0.667969 -0.0897056 0.11129 -0.0890266 0.114843 0.0382227
0.503906 0.675781 -0.0803044 0.11256 -0.0797238 0.11607 0.0401551
0.503906 0.683594 -0.0706301 0.113633 -0.0701524 0.117098 0.0420683
0.503906 0.691406 -0.0606873 0.114502 -0.0603169 0.117917 0.0439575
0.503906 0.699219 -0.0504788 0.115157 -0.0502201 0.11852 0.0458179
0.503906 0.707031 -0.0400051 0.115589 -0.0398621 0.118899 0.0476448
0.503906 0.714844 -0.0292637 0.115792 -0.0292404 0.119044 0.0494338
0.503906 0.722656 -0.0182489 0.115757 -0.018349 0.11895 0.0511815
0.503906 0.730469 -0.00695128 0.115477 -0.00717843 0.118607 0.0528852
0.503906 0.738281 0.00464302 0.114945 0.00428541 0.118009 0.0545436
0.503906 0.746094 0.0165526 0.114153 0.0160614 0.11715 0.0561564
0.503906 0.753906 0.0288017 0.113095 0.0281738 0.116022 0.0577252
0.503906 0.761719 0.0414205 0.111765 0.0406533 0.11462 0.0592525
0.503906 0.769531 0.0544459 0.110158 0.053537 0.112938 0.0607427
0.503906 0.777344 0.0679223 0.108269 0.0668697 0.110971 0.0622012
0.503906 0.785156 0.081902 0.106094 0.0807041 0.108717 0.0636349
0.503906 0.792969 0.0964457 0.103631 0.0951016 0.106171 0.0650512
0.503906 0.800781 0.111623 0.100879 0.110133 0.103333 0.0664587
0.503906 0.808594 0.127515 0.097836 0.125878 0.100203 0.067866
0.503906 0.816406 0.144208 0.0945059 0.142428 0.096782 0.0692818
0.503906 0.824219 0.161803 0.0908925 0.159881 0.0930753 0.0707148
0.503906 0.832031 0.180409 0.0870027 0.178349 0.0890893 0.0721727
0.503906 0.839844 0.200141 0.0828464 0.19795 0.084834 0.0736623
0.503906 0.847656 0.221127 0.0784373 0.218812 0.0803229 0.0751894
0.503906 0.855469 0.243498 0.0737927 0.241068 0.0755735 0.0767578
0.503906 0.863281 0.26739 0.0689347 0.264858 0.0706078 0.0783699
0.503906 0.871094 0.292942 0.0638903 0.290323 0.0654529 0.080026
0.503906 0.878906 0.32029 0.058692 0.317601 0.0601414 0.0817242
0.503906 0.886719 0.349564 0.053378 0.346827 0.0547119 0.0834606
0.503906 0.894531 0.380885 0.0479926 0.378122 0.049209 0.0852292
0.503906 0.902344 0.414355 0.0425864 0.411594 0.0436837 0.0870217
0.503906 0.910156 0.450054 0.0372159 0.447325 0.0381935 0.0888281
0.503906 0.917969 0.488033 0.0319438 0.485368 0.0328015 0.0906361
0.503906 0.925781 0.528305 0.0268377 0.525741 0.0275766 0.0924319
0.503906 0.933594 0.57084 0.0219694 0.568414 0.0225919 0.0942002
0.503906 0.941406 0.615552 0.0174137 0.613302 0.0179237 0.095925
0.503906 0.949219 0.662289 0.013246 0.660254 0.013649 0.0975893
0.503906 0.957031 0.710816 0.00953995 0.709033 0.00984368 0.0991764
0.503906 0.964844 0.760808 0.00636435 0.759309 0.00657866 0.10067
0.503906 0.972656 0.811877 0.00377998 0.810693 0.00391716 0.102053
0.503906 0.980469 0.863729 0.00183716 0.862882 0.00191211 0.103311
0.503906 0.988281 0.916523 0.000571666 0.916028 0.000601776 0.104416
0.503906 0.996094 0.971231 1.89824e-05 0.971084 2.37273e-05 0.105476
