0.00390625 0.503906 -0.000145545 0.00538026 -0.000145786 0.0052795 -0.175046
0.0117188 0.503906 -0.000645139 0.0185595 -0.000646672 0.0183038 -0.175505
0.0195312 0.503906 -0.00140929 0.032039 -0.00141334 0.0316363 -0.176229
0.0273438 0.503906 -0.00246578 0.0447985 -0.00247347 0.0442524 -0.176984
0.0351562 0.503906 -0.00379997 0.056608 -0.00381228 0.0559258 -0.177792
0.0429688 0.503906 -0.00539478 0.0675449 -0.00541254 0.0667356 -0.178641
0.0507812 0.503906 -0.00723099 0.0777262 -0.00725489 0.0767992 -0.179522
0.0585938 0.503906 -0.00929015 0.0872332 -0.00932084 0.0861972 -0.180423
0.0664062 0.503906 -0.0115549 0.0961138 -0.011593 0.094977 -0.181329
0.0742188 0.503906 -0.0140089 0.104399 -0.014055 0.103169 -0.182226
0.0820312 0.503906 -0.0166364 0.112113 -0.016691 0.110797 -0.183099
0.0898438 0.503906 -0.0194223 0.119278 -0.019486 0.117884 -0.183934
0.0976562 0.503906 -0.0223522 0.125916 -0.0224255 0.12445 -0.184716
0.105469 0.503906 -0.0254122 0.132049 -0.0254957 0.130518 -0.185433
0.113281 0.503906 -0.0285893 0.137699 -0.0286837 0.136109 -0.186073
0.121094 0.503906 -0.0318711 0.142886 -0.0319769 0.141241 -0.186626
0.128906 0.503906 -0.035246 0.147629 -0.0353637 0.145937 -0.187083
0.136719 0.503906 -0.038703 0.151949 -0.0388333 0.150213 -0.187436
0.144531 0.503906 -0.042232 0.155865 -0.0423755 0.15409 -0.18768
0.152344 0.503906 -0.0458236 0.159394 -0.0459809 0.157585 -0.187811
0.160156 0.503906 -0.049469 0.162555 -0.0496408 0.160716 -0.187825
0.167969 0.503906 -0.0531604 0.165365 -0.0533472 0.163499 -0.18772
0.175781 0.503906 -0.0568904 0.167839 -0.057093 0.165951 -0.187493
0.183594 0.503906 -0.0606525 0.169993 -0.0608714 0.168085 -0.187144
0.191406 0.503906 -0.0644408 0.171842 -0.0646767 0.169917 -0.18667
0.199219 0.503906 -0.06825 0.173397 -0.0685035 0.171459 -0.186069
0.207031 0.503906 -0.0720755 0.174673 -0.0723473 0.172722 -0.185339
0.214844 0.503906 -0.0759132 0.175679 -0.0762038 0.173719 -0.184474
0.222656 0.503906 -0.0797595 0.176426 -0.0800696 0.174459 -0.183472
0.230469 0.503906 -0.0836113 0.176923 -0.0839414 0.174951 -0.182324
0.238281 0.503906 -0.0874659 0.177178 -0.0878167 0.175202 -0.181025
0.246094 0.503906 -0.0913212 0.177198 -0.091693 0.17522 -0.179563
0.253906 0.503906 -0.0951751 0.17699 -0.0955685 0.175011 -0.177929
0.261719 0.503906 -0.0990259 0.176559 -0.0994414 0.17458 -0.176112
0.269531 0.503906 -0.102872 0.175909 -0.10331 0.173932 -0.174097
0.277344 0.503906 -0.106713 0.175045 -0.107174 0.17307 -0.171873
0.285156 0.503906 -0.110547 0.173969 -0.111031 0.171998 -0.169425
0.292969 0.503906 -0.114373 0.172684 -0.11488 0.170717 -0.16674
0.300781 0.503906 -0.11819 0.171192 -0.118721 0.16923 -0.163804
0.308594 0.503906 -0.121997 0.169494 -0.122551 0.167538 -0.160605
0.316406 0.503906 -0.125794 0.16759 -0.126372 0.16564 -0.157133
0.324219 0.503906 -0.129579 0.165481 -0.13018 0.163539 -0.153378
0.332031 0.503906 -0.133351 0.163167 -0.133975 0.161232 -0.149334
0.339844 0.503906 -0.137109 0.160646 -0.137756 0.15872 -0.144997
0.347656 0.503906 -0.140852 0.157918 -0.141522 0.156001 -0.140367
0.355469 0.503906 -0.144579 0.154982 -0.14527 0.153075 -0.135445
0.363281 0.503906 -0.148287 0.151836 -0.149 0.149939 -0.130238
0.371094 0.503906 -0.151977 0.148478 -0.15271 0.146592 -0.124755
0.378906 0.503906 -0.155646 0.144906 -0.156398 0.143031 -0.119009
0.386719 0.503906 -0.159292 0.141118 -0.160062 0.139256 -0.113016
0.394531 0.503906 -0.162913 0.137111 -0.1637 0.135263 -0.106793
0.402344 0.503906 -0.166509 0.132885 -0.167311 0.131051 -0.100363
0.410156 0.503906 -0.170077 0.128435 -0.170893 0.126617 -0.0937492
0.417969 0.503906 -0.173614 0.12376 -0.174442 0.121959 -0.0869757
0.425781 0.503906 -0.17712 0.118858 -0.177958 0.117075 -0.0800685
0.433594 0.503906 -0.180591 0.113726 -0.181437 0.111963 -0.0730538
0.441406 0.503906 -0.184025 0.108364 -0.184877 0.106621 -0.0659573
0.449219 0.503906 -0.187421 0.102768 -0.188275 0.101048 -0.0588038
0.457031 0.503906 -0.190774 0.0969377 -0.191629 0.0952424 -0.0516168
0.464844 0.503906 -0.194082 0.0908721 -0.194936 0.0892034 -0.0444176
0.472656 0.503906 -0.197343 0.0845704 -0.198191 0.0829304 -0.0372251
0.480469 0.503906 -0.200552 0.0780322 -0.201392 0.0764232 -0.0300557
0.488281 0.503906 -0.203705 0.0712577 -0.204535 0.0696824 -0.0229224
0.496094 0.503906 -0.206799 0.0642476 -0.207614 0.0627087 -0.0158353
0.503906 0.503906 -0.209829 0.0570033 -0.210626 0.0555036 -0.00880125
0.511719 0.503906 -0.212789 0.0495266 -0.213565 0.0480694 -0.00182423
0.519531 0.503906 -0.215674 0.0418202 -0.216424 0.0404089 0.00509475
0.527344 0.503906 -0.218477 0.0338875 -0.219198 0.0325257 0.0119571
0.535156 0.503906 -0.221192 0.0257327 -0.221879 0.0244244 0.0187662
0.542969 0.503906 -0.22381 0.0173611 -0.22446 0.0161103 0.025527
0.550781 0.503906 -0.226323 0.00877867 -0.226932 0.0075899 0.0322457
0.558594 0.503906 -0.228723 -7.31139e-06 -0.229285 -0.00112939 0.0389285
0.566406 0.503906 -0.230998 -0.00898852 -0.23151 -0.0100389 0.0455817
0.574219 0.503906 -0.233139 -0.0181554 -0.233596 -0.0191289 0.0522106
0.582031 0.503906 -0.235134 -0.0274971 -0.235531 -0.028388 0.0588194
0.589844 0.503906 -0.23697 -0.0370012 -0.237303 -0.0378038 0.0654103
0.597656 0.503906 -0.238635 -0.046654 -0.2389 -0.0473621 0.0719832
0.605469 0.503906 -0.240115 -0.05644 -0.240307 -0.0570472 0.0785356
0.613281 0.503906 -0.241395 -0.066342 -0.24151 -0.0668415 0.0850619
0.621094 0.503906 -0.242461 -0.076341 -0.242494 -0.0767259 0.0915538
0.628906 0.503906 -0.243298 -0.0864159 -0.243245 -0.0866791 0.098
0.636719 0.503906 -0.243888 -0.0965438 -0.243745 -0.0966777 0.104386
0.644531 0.503906 -0.244216 -0.106699 -0.24398 -0.106696 0.110696
0.652344 0.503906 -0.244264 -0.116855 -0.243932 -0.116708 0.116911
0.660156 0.503906 -0.244017 -0.126981 -0.243585 -0.126681 0.12301
0.667969 0.503906 -0.243458 -0.137044 -0.242923 -0.136585 0.128971
0.675781 0.503906 -0.242569 -0.147011 -0.24193 -0.146384 0.134772
0.683594 0.503906 -0.241334 -0.156844 -0.24059 -0.156041 0.140391
0.691406 0.503906 -0.239737 -0.166502 -0.238887 -0.165517 0.145805
0.699219 0.503906 -0.237764 -0.175943 -0.236807 -0.174769 0.150995
0.707031 0.503906 -0.2354 -0.185123 -0.234338 -0.183753 0.155941
0.714844 0.503906 -0.232632 -0.193994 -0.231466 -0.192422 0.160629
0.722656 0.503906 -0.229449 -0.202506 -0.228181 -0.200728 0.165043
0.730469 0.503906 -0.22584 -0.210608 -0.224474 -0.20862 0.169176
0.738281 0.503906 -0.221799 -0.218248 -0.220339 -0.216046 0.173019
0.746094 0.503906 -0.217319 -0.22537 -0.215772 -0.222952 0.176571
0.753906 0.503906 -0.212399 -0.231918 -0.21077 -0.229286 0.179832
0.761719 0.503906 -0.207039 -0.237838 -0.205336 -0.234991 0.182807
0.769531 0.503906 -0.201242 -0.243073 -0.199475 -0.240015 0.185504
0.777344 0.503906 -0.195017 -0.247567 -0.193194 -0.244304 0.187933
0.785156 0.503906 -0.188374 -0.251268 -0.186507 -0.247807 0.190109
0.792969 0.503906 -0.18133 -0.254124 -0.17943 -0.250473 0.192048
0.800781 0.503906 -0.173905 -0.256087 -0.171983 -0.252258 0.193765
0.808594 0.503906 -0.166123 -0.257111 -0.164194 -0.253118 0.19528
0.816406 0.503906 -0.158016 -0.257156 -0.156091 -0.253017 0.196611
0.824219 0.503906 -0.149616 -0.256189 -0.14771 -0.251922 0.197776
0.832031 0.503906 -0.140963 -0.254182 -0.139089 -0.249807 0.198792
0.839844 0.503906 -0.132102 -0.251114 -0.130274 -0.246655 0.199676
0.847656 0.503906 -0.12308 -0.246973 -0.121311 -0.242455 0.200442
0.855469 0.503906 -0.113951 -0.241754 -0.112252 -0.237204 0.201101
0.863281 0.503906 -0.104769 -0.235464 -0.103153 -0.230911 0.201665
0.871094 0.503906 -0.0955951 -0.228117 -0.0940729 -0.223592 0.202141
0.878906 0.503906 -0.0864907 -0.219739 -0.0850711 -0.215273 0.202534
0.886719 0.503906 -0.0775197 -0.210366 -0.0762107 -0.205989 0.202849
0.894531 0.503906 -0.0687474 -0.200041 -0.067555 -0.195787 0.203086
0.902344 0.503906 -0.0602394 -0.18882 -0.059168 -0.18472 0.203246
0.910156 0.503906 -0.0520611 -0.176765 -0.0511132 -0.17285 0.203328
0.917969 0.503906 -0.0442768 -0.163946 -0.0434528 -0.160247 0.20333
0.925781 0.503906 -0.0369489 -0.150439 -0.0362472 -0.146986 0.203249
0.933594 0.503906 -0.0301372 -0.136326 -0.0295541 -0.133147 0.203081
0.941406 0.503906 -0.0238983 -0.121694 -0.023428 -0.118814 0.202822
0.949219 0.503906 -0.0182853 -0.106638 -0.0179199 -0.104083 0.202468
0.957031 0.503906 -0.0133471 -0.0912673 -0.0130769 -0.0890582 0.202015
0.964844 0.503906 -0.00912879 -0.0756994 -0.00894205 -0.0738568 0.201457
0.972656 0.503906 -0.00567093 -0.0600343 -0.00555415 -0.0585754 0.200789
0.980469 0.503906 -0.00300752 -0.0442459 -0.00294549 -0.043184 0.200002
0.988281 0.503906 -0.0011591 -0.0279407 -0.00113516 -0.0272844 0.199105
0.996094 0.503906 -0.000161244 -0.0101359 -0.000157712 -0.0098987 0.197963
