0.539062 0.585225
0.53864 0.585938

0.538439 0.585938
0.537105 0.589844

0.536706 0.589844
0.536031 0.59375

0.53627 0.59375
0.53578 0.597656

0.535212 0.597656
0.536692 0.601562

0.539062 0.603962
0.536077 0.601562

0.542969 0.580208
0.541448 0.582031

0.539062 0.585253
0.541156 0.582031

0.539062 0.6051
0.542969 0.605138

0.546875 0.575419
0.545036 0.578125

0.542969 0.580355
0.544823 0.578125

0.546875 0.60074
0.545816 0.601562

0.542969 0.603284
0.5459 0.601562

0.550781 0.566498
0.549556 0.570312

0.549442 0.570312
0.547633 0.574219

0.546875 0.575602
0.547759 0.574219

0.550781 0.594274
0.54908 0.597656

0.546875 0.600587
0.549199 0.597656

0.554688 0.555076
0.553257 0.558594

0.552961 0.558594
0.551646 0.5625

0.551965 0.5625
0.550871 0.566406

0.550781 0.566623
0.55084 0.566406

0.554615 0.585938
0.552782 0.589844

0.552709 0.589844
0.550993 0.59375

0.550781 0.594257
0.551017 0.59375

0.558594 0.549411
0.55757 0.550781

0.557375 0.550781
0.555006 0.554688

0.554688 0.555194
0.554901 0.554688

0.558594 0.57941
0.557021 0.582031

0.556882 0.582031
0.554752 0.585938

0.554688 0.586057
0.554744 0.585938

0.5625 0.544787
0.560654 0.546875

0.558594 0.549408
0.560543 0.546875

0.5625 0.573955
0.562304 0.574219

0.562194 0.574219
0.559578 0.578125

0.558594 0.579508
0.559453 0.578125

0.566406 0.540864
0.56416 0.542969

0.5625 0.54477
0.564233 0.542969

0.566406 0.568974
0.565303 0.570312

0.5625 0.573956
0.565181 0.570312

0.570312 0.537769
0.568609 0.539062

0.566406 0.540896
0.568701 0.539062

0.570312 0.564537
0.568623 0.566406

0.566406 0.568964
0.568556 0.566406

0.574219 0.535027
0.57405 0.535156

0.570312 0.537856
0.574041 0.535156

0.574219 0.560476
0.572221 0.5625

0.570312 0.564539
0.572229 0.5625

0.574219 0.535022
0.578125 0.531656

0.578125 0.556812
0.576129 0.558594

0.574219 0.560478
0.576214 0.558594

0.582031 0.52726
0.581934 0.527344

0.582031 0.527733
0.57814 0.53125

0.578125 0.531381
0.578258 0.53125

0.582031 0.553625
0.58067 0.554688

0.578125 0.556841
0.580826 0.554688

0.582031 0.527262
0.585938 0.524977

0.582031 0.527464
0.582204 0.527344

0.585938 0.550743
0.585883 0.550781

0.582031 0.553615
0.585938 0.55087

0.585938 0.525116
0.589844 0.523767

0.585938 0.550743
0.589844 0.548151

0.59375 0.522755
0.591694 0.523438

0.589844 0.523934
0.591526 0.523438

0.59375 0.545422
0.591466 0.546875

0.589844 0.548086
0.591716 0.546875

0.59375 0.52271
0.597656 0.520439

0.597656 0.542857
0.597462 0.542969

0.59375 0.545332
0.597656 0.543062

0.601562 0.516872
0.598453 0.519531

0.597656 0.520346
0.598673 0.519531

0.597656 0.542863
0.601562 0.540987

0.605469 0.513167
0.602187 0.515625

0.601562 0.516704
0.602784 0.515625

0.601562 0.540947
0.605469 0.539297

0.609375 0.511567
0.60897 0.511719

0.605469 0.51326
0.608909 0.511719

0.609375 0.537629
0.60587 0.539062

0.605469 0.539283
0.606043 0.539062

0.609375 0.511613
0.613281 0.51044

0.609375 0.537479
0.613281 0.535761

0.613281 0.510637
0.617188 0.508974

0.617188 0.534028
0.614346 0.535156

0.613281 0.53579
0.614916 0.535156

0.621094 0.506251
0.617609 0.507812

0.617188 0.509008
0.619702 0.507812

0.617188 0.533786
0.621094 0.532473

0.621094 0.50649
0.625 0.505365

0.621094 0.532608
0.625 0.531806

0.628906 0.503361
0.627665 0.503906

0.625 0.505853
0.628906 0.504352

0.628906 0.531205
0.62863 0.53125

0.625 0.531861
0.628551 0.53125

0.628906 0.503248
0.632812 0.501688

0.628906 0.504316
0.629801 0.503906

0.628906 0.53118
0.632812 0.530002

0.632812 0.501374
0.636719 0.500784

0.632812 0.5297
0.636719 0.528448

0.636719 0.501226
0.640625 0.500655

0.636719 0.528497
0.640625 0.527671

0.644531 0.499957
0.6442 0.5

0.640625 0.500812
0.644531 0.500094

0.644531 0.52715
0.642703 0.527344

0.640625 0.527665
0.643202 0.527344

0.644531 0.499949
0.648438 0.499647

0.644531 0.500008
0.644626 0.5

0.644531 0.527175
0.648438 0.52677

0.648438 0.499685
0.652344 0.499597

0.648438 0.526946
0.652344 0.526557

0.652344 0.499663
0.65625 0.49958

0.652344 0.526753
0.65625 0.526227

0.65625 0.499552
0.660156 0.499399

0.65625 0.52653
0.660156 0.526132

0.660156 0.499384
0.664062 0.499248

0.660156 0.525383
0.664062 0.525346

0.664062 0.499254
0.667969 0.499151

0.664062 0.527065
0.667969 0.527041

0.667969 0.499157
0.671875 0.499062

0.667969 0.525329
0.671875 0.525305

0.671875 0.499041
0.675781 0.498985

0.671875 0.525242
0.675781 0.525507

0.675781 0.498982
0.679688 0.499013

0.675781 0.526252
0.679688 0.52665

0.679688 0.499006
0.683594 0.499144

0.679688 0.526341
0.683594 0.526769

0.683594 0.499138
0.6875 0.49941

0.683594 0.52652
0.6875 0.527049

0.6875 0.499414
0.691406 0.499825

0.6875 0.526997
0.690355 0.527344

0.691406 0.527487
0.690186 0.527344

0.691406 0.499897
0.692275 0.5

0.695312 0.500474
0.692104 0.5

0.691406 0.52753
0.695312 0.52825

0.695312 0.500426
0.699219 0.50121

0.695312 0.528331
0.699219 0.529129

0.699219 0.500876
0.703125 0.501678

0.699219 0.529409
0.703125 0.53037

0.703125 0.502054
0.707031 0.50302

0.703125 0.530144
0.707031 0.531166

0.707031 0.503142
0.709796 0.503906

0.710938 0.504328
0.709407 0.503906

0.707031 0.531207
0.707235 0.53125

0.710938 0.532181
0.707186 0.53125

0.710938 0.504438
0.714844 0.505522

0.710938 0.532176
0.714844 0.533453

0.714844 0.505457
0.71875 0.50651

0.714844 0.533573
0.71875 0.534957

0.71875 0.506647
0.722656 0.507778

0.722656 0.507902
0.722299 0.507812

0.71875 0.535069
0.71901 0.535156

0.722656 0.536502
0.718968 0.535156

0.722656 0.507915
0.726562 0.50904

0.722656 0.536695
0.726562 0.538368

0.726562 0.508724
0.730469 0.509964

0.726562 0.538381
0.728231 0.539062

0.730469 0.540057
0.728052 0.539062

0.730469 0.510327
0.734375 0.511594

0.734375 0.511772
0.734193 0.511719

0.730469 0.540291
0.734375 0.542146

0.734375 0.511799
0.738281 0.51313

0.734375 0.542105
0.736242 0.542969

0.738281 0.54399
0.736084 0.542969

0.738281 0.513155
0.742188 0.514593

0.738281 0.544168
0.742188 0.546217

0.742188 0.514655
0.744904 0.515625

0.746094 0.516094
0.744783 0.515625

0.742188 0.546239
0.743347 0.546875

0.746094 0.548406
0.743304 0.546875

0.746094 0.516199
0.75 0.517826

0.746094 0.548548
0.749822 0.550781

0.75 0.551022
0.749622 0.550781

0.75 0.51791
0.753906 0.519517

0.753906 0.519675
0.753549 0.519531

0.75 0.551038
0.753906 0.553619

0.753906 0.519729
0.757812 0.521562

0.753906 0.553774
0.755173 0.554688

0.757812 0.556571
0.755161 0.554688

0.757812 0.521602
0.761425 0.523438

0.761719 0.523732
0.761164 0.523438

0.757812 0.55668
0.760414 0.558594

0.761719 0.559641
0.760336 0.558594

0.761719 0.523798
0.765625 0.526148

0.761719 0.559671
0.765454 0.5625

0.765625 0.562761
0.765301 0.5625

0.765625 0.526272
0.767266 0.527344

0.769531 0.528864
0.767214 0.527344

0.765625 0.562763
0.769531 0.565943

0.769531 0.529004
0.772741 0.53125

0.773438 0.531871
0.772598 0.53125

0.769531 0.566069
0.769915 0.566406

0.773438 0.569475
0.769916 0.566406

0.773438 0.531885
0.777344 0.534789

0.773438 0.569562
0.774256 0.570312

0.777344 0.573139
0.774258 0.570312

0.777344 0.534926
0.777627 0.535156

0.78125 0.53806
0.777627 0.535156

0.777344 0.573173
0.778455 0.574219

0.78125 0.576873
0.778456 0.574219

0.78125 0.538165
0.782285 0.539062

0.785156 0.541569
0.78229 0.539062

0.78125 0.576871
0.782537 0.578125

0.785156 0.580757
0.782537 0.578125

0.785156 0.541616
0.786623 0.542969

0.789062 0.54528
0.786622 0.542969

0.785156 0.580725
0.786419 0.582031

0.789062 0.584927
0.786416 0.582031

0.789062 0.545288
0.790675 0.546875

0.792969 0.549216
0.790664 0.546875

0.789062 0.584844
0.790041 0.585938

0.792969 0.58946
0.790038 0.585938

0.792969 0.549214
0.79448 0.550781

0.796875 0.553321
0.794465 0.550781

0.792969 0.58932
0.793408 0.589844

0.793429 0.589844
0.796458 0.59375

0.796875 0.594139
0.796575 0.59375

0.796875 0.553306
0.798188 0.554688

0.800781 0.557426
0.79818 0.554688

0.796875 0.594132
0.79943 0.597656

0.800781 0.599453
0.79952 0.597656

0.800781 0.55739
0.801937 0.558594

0.804688 0.561485
0.801934 0.558594

0.800781 0.599357
0.802303 0.601562

0.804688 0.605127
0.802349 0.601562

0.804688 0.561423
0.805715 0.5625

0.808594 0.56563
0.805714 0.5625

0.804688 0.604885
0.805086 0.605469

0.80508 0.605469
0.807588 0.609375

0.808594 0.610792
0.807723 0.609375

0.808594 0.565527
0.809396 0.566406

0.8125 0.570044
0.809395 0.566406

0.808594 0.610691
0.810146 0.613281

0.8125 0.617112
0.810237 0.613281

0.8125 0.886507
0.812314 0.886719

0.812129 0.886719
0.810334 0.890625

0.809533 0.890625
0.810253 0.894531

0.8125 0.896257
0.811157 0.894531

0.8125 0.569905
0.812849 0.570312

0.81285 0.570312
0.815966 0.574219

0.816406 0.574644
0.816066 0.574219

0.8125 0.616853
0.812705 0.617188

0.812705 0.617188
0.815024 0.621094

0.816406 0.623314
0.81516 0.621094

0.816406 0.883242
0.812561 0.886719

0.8125 0.89636
0.815465 0.898438

0.816406 0.574642
0.819057 0.578125

0.820312 0.579666
0.81913 0.578125

0.816406 0.62308
0.817477 0.625

0.817528 0.625
0.819655 0.628906

0.820312 0.630053
0.81973 0.628906

0.820312 0.880953
0.817263 0.882812

0.816406 0.883266
0.817097 0.882812

0.816406 0.898458
0.820312 0.898974

0.820312 0.579614
0.822144 0.582031

0.824219 0.584784
0.822187 0.582031

0.820312 0.629902
0.821783 0.632812

0.821928 0.632812
0.823914 0.636719

0.824219 0.637137
0.824028 0.636719

0.824219 0.878695
0.823871 0.878906

0.820312 0.88096
0.82389 0.878906

0.820312 0.89895
0.824219 0.899098

0.824219 0.584578
0.825241 0.585938

0.825257 0.585938
0.828003 0.589844

0.824219 0.637077
0.825851 0.640625

0.825973 0.640625
0.827748 0.644531

0.828125 0.645298
0.82782 0.644531

0.824219 0.878584
0.828125 0.876003

0.824219 0.899035
0.828125 0.89899

0.828125 0.589768
0.82818 0.589844

0.828184 0.589844
0.830776 0.59375

0.832031 0.595631
0.830888 0.59375

0.828125 0.645177
0.82947 0.648438

0.829597 0.648438
0.831285 0.652344

0.832031 0.654199
0.831315 0.652344

0.832031 0.872818
0.829225 0.875

0.828125 0.875993
0.82943 0.875

0.828125 0.898954
0.832031 0.898914

0.832031 0.595456
0.833341 0.597656

0.833396 0.597656
0.835618 0.601562

0.835938 0.601873
0.835768 0.601562

0.832031 0.654025
0.832912 0.65625

0.832929 0.65625
0.834428 0.660156

0.834535 0.660156
0.835785 0.664062

0.835938 0.869133
0.833964 0.871094

0.832031 0.87285
0.833986 0.871094

0.832031 0.898991
0.835938 0.898871

0.835938 0.601849
0.83786 0.605469

0.839844 0.60916
0.83797 0.605469

0.835938 0.66381
0.836011 0.664062

0.836017 0.664062
0.837396 0.667969

0.837471 0.667969
0.838875 0.671875

0.839844 0.674913
0.838898 0.671875

0.839844 0.864408
0.83775 0.867188

0.835938 0.86914
0.837688 0.867188

0.835938 0.898878
0.839844 0.898508

0.839844 0.608884
0.840093 0.609375

0.840106 0.609375
0.842068 0.613281

0.84375 0.6166
0.842179 0.613281

0.839844 0.674513
0.840221 0.675781

0.84027 0.675781
0.841542 0.679688

0.8416 0.679688
0.84281 0.683594

0.84375 0.686879
0.842851 0.683594

0.84375 0.858541
0.84325 0.859375

0.843247 0.859375
0.840761 0.863281

0.839844 0.864394
0.840656 0.863281

0.839844 0.898397
0.84375 0.897582

0.839844 0.898475
0.840091 0.898438

0.84375 0.616299
0.844164 0.617188

0.844199 0.617188
0.846054 0.621094

0.847656 0.624532
0.846143 0.621094

0.84375 0.686436
0.84402 0.6875

0.844065 0.6875
0.845178 0.691406

0.845226 0.691406
0.846313 0.695312

0.846324 0.695312
0.847354 0.699219

0.847656 0.700198
0.847419 0.699219

0.847656 0.852091
0.845787 0.855469

0.84375 0.85868
0.84561 0.855469

0.84375 0.897712
0.847656 0.896769

0.847656 0.624211
0.847992 0.625

0.848028 0.625
0.849766 0.628906

0.849859 0.628906
0.851511 0.632812

0.847656 0.700094
0.848482 0.703125

0.848448 0.703125
0.849426 0.707031

0.8495 0.707031
0.850331 0.710938

0.850464 0.710938
0.851376 0.714844

0.851562 0.715666
0.851395 0.714844

0.851562 0.844608
0.850233 0.847656

0.850071 0.847656
0.848064 0.851562

0.847656 0.852117
0.847965 0.851562

0.847656 0.896524
0.851562 0.895679

0.851562 0.632613
0.851642 0.632812

0.851643 0.632812
0.853272 0.636719

0.853395 0.636719
0.855091 0.640625

0.855469 0.641315
0.855199 0.640625

0.851562 0.715558
0.85233 0.71875

0.852296 0.71875
0.853146 0.722656

0.853227 0.722656
0.853904 0.726562

0.853997 0.726562
0.854785 0.730469

0.854821 0.730469
0.855459 0.734375

0.855469 0.834273
0.855018 0.835938

0.854946 0.835938
0.853626 0.839844

0.853551 0.839844
0.852032 0.84375

0.851562 0.844688
0.851953 0.84375

0.851562 0.895732
0.855469 0.894812

0.855469 0.641216
0.856805 0.644531

0.856915 0.644531
0.858741 0.648438

0.859375 0.649604
0.858861 0.648438

0.855469 0.734158
0.855496 0.734375

0.855494 0.734375
0.856128 0.738281

0.855984 0.738281
0.856769 0.742188

0.856335 0.742188
0.856793 0.746094

0.857431 0.746094
0.857492 0.75

0.857393 0.75
0.857617 0.753906

0.857694 0.753906
0.858123 0.757812

0.858137 0.757812
0.858586 0.761719

0.858596 0.761719
0.859016 0.765625

0.859375 0.769436
0.859018 0.765625

0.859375 0.815716
0.859309 0.816406

0.859284 0.816406
0.858716 0.820312

0.858686 0.820312
0.857989 0.824219

0.857977 0.824219
0.857234 0.828125

0.857132 0.828125
0.856132 0.832031

0.855469 0.834389
0.856122 0.832031

0.859375 0.893383
0.85612 0.894531

0.855469 0.89478
0.856298 0.894531

0.859375 0.649317
0.860687 0.652344

0.860819 0.652344
0.862559 0.65625

0.863281 0.658121
0.862563 0.65625

0.859375 0.769185
0.859402 0.769531

0.859404 0.769531
0.859935 0.773438

0.859816 0.773438
0.860623 0.777344

0.860263 0.777344
0.860778 0.78125

0.861357 0.78125
0.861381 0.785156

0.861336 0.785156
0.861332 0.789062

0.861357 0.789062
0.861365 0.792969

0.861355 0.792969
0.861343 0.796875

0.861356 0.796875
0.861319 0.800781

0.860784 0.800781
0.860261 0.804688

0.860451 0.804688
0.85982 0.808594

0.860062 0.808594
0.859693 0.8125

0.859375 0.816119
0.859768 0.8125

0.859375 0.893261
0.863281 0.891311

0.863281 0.657765
0.864176 0.660156

0.864278 0.660156
0.865612 0.664062

0.865684 0.664062
0.86673 0.667969

0.867188 0.670611
0.866654 0.667969

0.867188 0.888811
0.86411 0.890625

0.863281 0.89125
0.864343 0.890625

0.867188 0.670438
0.867461 0.671875

0.867528 0.671875
0.868468 0.675781

0.868522 0.675781
0.869489 0.679688

0.869556 0.679688
0.870574 0.683594

0.871094 0.685749
0.870563 0.683594

0.871094 0.886066
0.87014 0.886719

0.867188 0.888653
0.870151 0.886719

0.871094 0.685335
0.871627 0.6875

0.871731 0.6875
0.872783 0.691406

0.872855 0.691406
0.874171 0.695312

0.875 0.697501
0.874235 0.695312

0.871094 0.885975
0.875 0.883143

0.875 0.697326
0.875633 0.699219

0.875693 0.699219
0.87706 0.703125

0.877179 0.703125
0.878461 0.707031

0.878906 0.708619
0.878573 0.707031

0.878906 0.879574
0.875489 0.882812

0.875 0.883148
0.875407 0.882812

0.878906 0.708381
0.879376 0.710938

0.879362 0.710938
0.87992 0.714844

0.879915 0.714844
0.880363 0.71875

0.880361 0.71875
0.880715 0.722656

0.880488 0.722656
0.881206 0.726562

0.881536 0.726562
0.882507 0.730469

0.882812 0.732552
0.882443 0.730469

0.882812 0.874149
0.882426 0.875

0.882358 0.875
0.87959 0.878906

0.878906 0.879549
0.87948 0.878906

0.882812 0.732121
0.883219 0.734375

0.883288 0.734375
0.884127 0.738281

0.884131 0.738281
0.884966 0.742188

0.885045 0.742188
0.88609 0.746094

0.886719 0.74821
0.886198 0.746094

0.886719 0.862104
0.886512 0.863281

0.886488 0.863281
0.885447 0.867188

0.885379 0.867188
0.884097 0.871094

0.882812 0.874425
0.884208 0.871094

0.886719 0.74816
0.887131 0.75

0.887181 0.75
0.888051 0.753906

0.888149 0.753906
0.888791 0.757812

0.888964 0.757812
0.889764 0.761719

0.889743 0.761719
0.890442 0.765625

0.890264 0.765625
0.890462 0.769531

0.890394 0.769531
0.89056 0.773438

0.890625 0.775147
0.890559 0.773438

0.890625 0.844832
0.889945 0.847656

0.889947 0.847656
0.888935 0.851562

0.888772 0.851562
0.888 0.855469

0.888039 0.855469
0.8873 0.859375

0.886719 0.862373
0.887262 0.859375

0.890625 0.774868
0.890736 0.777344

0.890766 0.777344
0.891017 0.78125

0.891037 0.78125
0.89127 0.785156

0.891273 0.785156
0.891445 0.789062

0.891432 0.789062
0.891563 0.792969

0.89155 0.792969
0.891693 0.796875

0.891696 0.796875
0.891868 0.800781

0.891878 0.800781
0.892054 0.804688

0.89205 0.804688
0.892216 0.808594

0.892217 0.808594
0.892381 0.8125

0.89241 0.8125
0.892513 0.816406

0.892492 0.816406
0.892517 0.820312

0.892503 0.820312
0.89252 0.824219

0.892525 0.824219
0.892553 0.828125

0.892566 0.828125
0.89257 0.832031

0.892647 0.832031
0.892446 0.835938

0.892461 0.835938
0.89187 0.839844

0.891774 0.839844
0.890955 0.84375

0.890625 0.845116
0.890913 0.84375

