0.460938 0.612605
0.460918 0.609375

0.460938 0.615705
0.460916 0.613281

0.460938 0.617951
0.460937 0.617188

0.460932 0.621094
0.460918 0.625

0.460938 0.626053
0.4609 0.625

0.464844 0.577315
0.464646 0.578125

0.464574 0.578125
0.463562 0.582031

0.463406 0.582031
0.462641 0.585938

0.462351 0.585938
0.461727 0.589844

0.461929 0.589844
0.461342 0.59375

0.461398 0.59375
0.461149 0.597656

0.461123 0.597656
0.461072 0.601562

0.460981 0.601562
0.460978 0.605469

0.460992 0.605469
0.460997 0.609375

0.461069 0.609375
0.461116 0.613281

0.461101 0.613281
0.461157 0.617188

0.461008 0.617188
0.461015 0.621094

0.461073 0.621094
0.461053 0.625

0.461141 0.625
0.461369 0.628906

0.461378 0.628906
0.461952 0.632812

0.461648 0.632812
0.462037 0.636719

0.46122 0.636719
0.461249 0.640625

0.461688 0.640625
0.462129 0.644531

0.462955 0.644531
0.464034 0.648438

0.464844 0.650852
0.464224 0.648438

0.46875 0.562897
0.467975 0.566406

0.467916 0.566406
0.46697 0.570312

0.466786 0.570312
0.465658 0.574219

0.464844 0.577385
0.465725 0.574219

0.464844 0.650692
0.465244 0.652344

0.46528 0.652344
0.466225 0.65625

0.465766 0.65625
0.466836 0.660156

0.467165 0.660156
0.468698 0.664062

0.46875 0.664156
0.468711 0.664062

0.472656 0.547727
0.471854 0.550781

0.471789 0.550781
0.470801 0.554688

0.470497 0.554688
0.469565 0.558594

0.46987 0.558594
0.468949 0.5625

0.46875 0.563168
0.468881 0.5625

0.46875 0.66271
0.469301 0.664062

0.469285 0.664062
0.470843 0.667969

0.470709 0.667969
0.472069 0.671875

0.472656 0.673425
0.472027 0.671875

0.476562 0.537212
0.475894 0.539062

0.475753 0.539062
0.474346 0.542969

0.47432 0.542969
0.473037 0.546875

0.472656 0.547895
0.472919 0.546875

0.472656 0.672749
0.473968 0.675781

0.473956 0.675781
0.476192 0.679688

0.476562 0.680276
0.476183 0.679688

0.480469 0.528595
0.479309 0.53125

0.479074 0.53125
0.47733 0.535156

0.476562 0.537268
0.477348 0.535156

0.476709 0.679688
0.478965 0.683594

0.480469 0.686976
0.479101 0.683594

0.484375 0.521491
0.483339 0.523438

0.483148 0.523438
0.481117 0.527344

0.480469 0.528681
0.48106 0.527344

0.480469 0.687042
0.480627 0.6875

0.480565 0.6875
0.481813 0.691406

0.481712 0.691406
0.483456 0.695312

0.484375 0.696897
0.483385 0.695312

0.488281 0.51546
0.488163 0.515625

0.488033 0.515625
0.48559 0.519531

0.484375 0.521555
0.485469 0.519531

0.484375 0.696298
0.486247 0.699219

0.488281 0.701945
0.486452 0.699219

0.492188 0.51045
0.491126 0.511719

0.488281 0.515461
0.490994 0.511719

0.492188 0.589862
0.491483 0.59375

0.491645 0.59375
0.490852 0.597656

0.491281 0.597656
0.490739 0.601562

0.49014 0.601562
0.489814 0.605469

0.489761 0.605469
0.489441 0.609375

0.489452 0.609375
0.489221 0.613281

0.489215 0.613281
0.489066 0.617188

0.489054 0.617188
0.489022 0.621094

0.489013 0.621094
0.489141 0.625

0.489169 0.625
0.48942 0.628906

0.489433 0.628906
0.489727 0.632812

0.489671 0.632812
0.490092 0.636719

0.490648 0.636719
0.491319 0.640625

0.491067 0.640625
0.491718 0.644531

0.491526 0.644531
0.491998 0.648438

0.492188 0.650555
0.491954 0.648438

0.488281 0.701702
0.489227 0.703125

0.489272 0.703125
0.491486 0.707031

0.492188 0.708464
0.491479 0.707031

0.496094 0.50615
0.494569 0.507812

0.492188 0.510451
0.494454 0.507812

0.496094 0.575324
0.495335 0.578125

0.495456 0.578125
0.494335 0.582031

0.494126 0.582031
0.493109 0.585938

0.493089 0.585938
0.492269 0.589844

0.492188 0.590157
0.492235 0.589844

0.492188 0.650161
0.492459 0.652344

0.492478 0.652344
0.493302 0.65625

0.493243 0.65625
0.494503 0.660156

0.494792 0.660156
0.496031 0.664062

0.496094 0.664284
0.496049 0.664062

0.492188 0.708386
0.493459 0.710938

0.493409 0.710938
0.495916 0.714844

0.496094 0.715075
0.495906 0.714844

0.5 0.501912
0.498217 0.503906

0.496094 0.506169
0.498165 0.503906

0.5 0.565101
0.499522 0.566406

0.499486 0.566406
0.498014 0.570312

0.497903 0.570312
0.496556 0.574219

0.496094 0.575514
0.496439 0.574219

0.496094 0.664304
0.496931 0.667969

0.49683 0.667969
0.498087 0.671875

0.498264 0.671875
0.49977 0.675781

0.5 0.676386
0.49981 0.675781

0.496217 0.714844
0.49943 0.71875

0.5 0.719348
0.499468 0.71875

0.503906 0.49744
0.501668 0.5

0.5 0.501912
0.501681 0.5

0.503906 0.556852
0.503088 0.558594

0.503115 0.558594
0.501293 0.5625

0.5 0.565249
0.501052 0.5625

0.500063 0.675781
0.501337 0.679688

0.501168 0.679688
0.502592 0.683594

0.503906 0.686496
0.502775 0.683594

0.5 0.71901
0.502946 0.722656

0.503906 0.723936
0.502989 0.722656

0.507812 0.493277
0.505064 0.496094

0.503906 0.497416
0.505103 0.496094

0.507812 0.549867
0.507309 0.550781

0.507263 0.550781
0.505181 0.554688

0.503906 0.556969
0.50499 0.554688

0.503906 0.686239
0.504388 0.6875

0.504408 0.6875
0.506251 0.691406

0.507812 0.694331
0.506405 0.691406

0.503906 0.723891
0.505712 0.726562

0.507812 0.729722
0.505611 0.726562

0.511719 0.489779
0.509001 0.492188

0.507812 0.493297
0.508992 0.492188

0.511719 0.543259
0.509644 0.546875

0.507812 0.549904
0.509471 0.546875

0.507812 0.694025
0.50843 0.695312

0.508455 0.695312
0.510485 0.699219

0.511719 0.701449
0.510549 0.699219

0.507812 0.729746
0.508362 0.730469

0.511719 0.734015
0.508284 0.730469

0.515625 0.486418
0.513522 0.488281

0.511719 0.489831
0.513504 0.488281

0.515625 0.537289
0.514488 0.539062

0.514374 0.539062
0.512021 0.542969

0.511719 0.543443
0.512001 0.542969

0.511719 0.701209
0.512738 0.703125

0.512854 0.703125
0.515179 0.707031

0.515625 0.707739
0.515164 0.707031

0.511719 0.733994
0.512185 0.734375

0.515625 0.736797
0.512245 0.734375

0.519531 0.482653
0.517728 0.484375

0.515625 0.486402
0.517807 0.484375

0.519531 0.531712
0.517132 0.535156

0.515625 0.537307
0.517013 0.535156

0.515625 0.707503
0.51782 0.710938

0.519531 0.71331
0.51787 0.710938

0.515625 0.736826
0.518119 0.738281

0.519531 0.7391
0.518125 0.738281

0.523438 0.478942
0.521695 0.480469

0.519531 0.482626
0.521882 0.480469

0.523438 0.526987
0.523134 0.527344

0.523037 0.527344
0.520026 0.53125

0.519531 0.53185
0.519981 0.53125

0.519531 0.71317
0.520737 0.714844

0.523438 0.718363
0.520808 0.714844

0.519531 0.739329
0.523438 0.741489

0.527344 0.475955
0.526527 0.476562

0.523438 0.478972
0.526618 0.476562

0.527344 0.522608
0.526571 0.523438

0.523438 0.526987
0.526488 0.523438

0.523438 0.71836
0.523747 0.71875

0.523867 0.71875
0.527019 0.722656

0.527344 0.723033
0.527014 0.722656

0.523438 0.74153
0.524823 0.742188

0.527344 0.743408
0.524728 0.742188

0.527344 0.475925
0.53125 0.47316

0.53125 0.518581
0.530292 0.519531

0.527344 0.522604
0.530301 0.519531

0.527344 0.722906
0.530556 0.726562

0.53125 0.7273
0.530557 0.726562

0.527344 0.743596
0.53125 0.745428

0.535156 0.470211
0.531828 0.472656

0.53125 0.473137
0.531891 0.472656

0.535156 0.514864
0.53432 0.515625

0.53125 0.518585
0.534416 0.515625

0.53125 0.727244
0.534365 0.730469

0.535156 0.731249
0.534366 0.730469

0.53125 0.745423
0.532842 0.746094

0.535156 0.747089
0.532821 0.746094

0.539062 0.467094
0.536651 0.46875

0.535156 0.470077
0.537003 0.46875

0.539062 0.511497
0.538797 0.511719

0.535156 0.514865
0.538919 0.511719

0.535156 0.731289
0.53849 0.734375

0.539062 0.734887
0.538494 0.734375

0.535156 0.7472
0.539062 0.749319

0.542969 0.464809
0.542898 0.464844

0.539062 0.467071
0.542969 0.46496

0.539062 0.511501
0.542969 0.508465

0.539062 0.734982
0.542969 0.738197

0.539062 0.749218
0.540184 0.75

0.542969 0.752223
0.54007 0.75

0.542969 0.464814
0.546875 0.463353

0.546875 0.50543
0.543637 0.507812

0.542969 0.508364
0.543682 0.507812

0.542969 0.738197
0.543073 0.738281

0.542969 0.738306
0.546875 0.741242

0.542969 0.752282
0.54462 0.753906

0.546875 0.756519
0.544479 0.753906

0.546875 0.46336
0.550781 0.461722

0.550781 0.50248
0.548744 0.503906

0.546875 0.505386
0.548962 0.503906

0.546875 0.741285
0.548086 0.742188

0.550781 0.744177
0.547991 0.742188

0.546875 0.756574
0.547973 0.757812

0.550781 0.760805
0.547799 0.757812

0.554688 0.45963
0.552139 0.460938

0.550781 0.461761
0.552417 0.460938

0.554688 0.499805
0.554381 0.5

0.550781 0.502432
0.554637 0.5

0.550781 0.744332
0.553485 0.746094

0.554688 0.746886
0.553473 0.746094

0.550781 0.760975
0.551802 0.761719

0.554688 0.763628
0.551641 0.761719

0.558594 0.456898
0.55835 0.457031

0.554688 0.459424
0.558594 0.457294

0.554688 0.499814
0.558594 0.497586

0.554688 0.747018
0.558594 0.749287

0.554688 0.763607
0.558594 0.765151

0.558594 0.456911
0.5625 0.455484

0.5625 0.495344
0.561094 0.496094

0.558594 0.497519
0.561289 0.496094

0.558594 0.749303
0.559911 0.75

0.5625 0.751429
0.559791 0.75

0.558594 0.765053
0.561075 0.765625

0.5625 0.765929
0.561005 0.765625

0.5625 0.455543
0.566406 0.454639

0.5625 0.49536
0.566406 0.493261

0.5625 0.751476
0.566406 0.753818

0.5625 0.766066
0.566406 0.766705

0.566406 0.454757
0.570312 0.453703

0.570312 0.491053
0.567931 0.492188

0.566406 0.493092
0.568291 0.492188

0.566406 0.753815
0.566532 0.753906

0.570312 0.757186
0.566799 0.753906

0.566406 0.767271
0.570312 0.766441

0.574219 0.451888
0.571763 0.453125

0.570312 0.453726
0.571684 0.453125

0.570312 0.490902
0.574219 0.489179

0.570312 0.757161
0.570843 0.757812

0.571163 0.757812
0.572698 0.761719

0.573422 0.761719
0.571761 0.765625

0.570312 0.766743
0.571732 0.765625

0.578125 0.448159
0.5765 0.449219

0.574219 0.451587
0.577978 0.449219

0.578125 0.487834
0.576656 0.488281

0.574219 0.489199
0.577046 0.488281

0.578125 0.448363
0.582031 0.44718

0.578125 0.487832
0.582031 0.486638

0.582031 0.447497
0.585938 0.44725

0.582031 0.486612
0.585938 0.485438

0.585938 0.447429
0.589844 0.447127

0.589844 0.483925
0.588455 0.484375

0.585938 0.485475
0.589342 0.484375

0.589844 0.446878
0.59375 0.446037

0.589844 0.48388
0.59375 0.482478

0.59375 0.445849
0.597656 0.445341

0.59375 0.482313
0.597656 0.481317

0.597656 0.445454
0.601562 0.445489

0.597656 0.481397
0.601562 0.4808

0.605469 0.44503
0.60318 0.445312

0.601562 0.445881
0.605469 0.445472

0.605469 0.480464
0.605393 0.480469

0.601562 0.480799
0.605172 0.480469

0.605469 0.444969
0.609375 0.444319

0.605469 0.480466
0.609375 0.48016

0.609375 0.444359
0.613281 0.443961

0.609375 0.480246
0.613281 0.479727

0.613281 0.444042
0.617188 0.443651

0.613281 0.479883
0.617188 0.479101

0.617188 0.443519
0.621094 0.443239

0.617188 0.478684
0.621094 0.478064

0.621094 0.441645
0.625 0.44163

0.621094 0.478156
0.625 0.477908

0.625 0.441807
0.628906 0.44186

0.625 0.477935
0.628906 0.477822

0.628906 0.443393
0.632812 0.443395

0.628906 0.477816
0.632812 0.477796

0.632812 0.441869
0.636719 0.441944

0.632812 0.477785
0.636719 0.477892

0.636719 0.443449
0.640625 0.443635

0.636719 0.477922
0.640625 0.478117

0.640625 0.443633
0.644531 0.443817

0.640625 0.478106
0.644531 0.47835

0.644531 0.443808
0.648438 0.444011

0.644531 0.478241
0.648438 0.478773

0.648438 0.443999
0.652344 0.444261

0.648438 0.479148
0.652344 0.479889

0.652344 0.44425
0.65625 0.44462

0.652344 0.479715
0.65625 0.480307

0.65625 0.444623
0.660156 0.445114

0.65625 0.48026
0.658011 0.480469

0.660156 0.48079
0.657783 0.480469

0.660156 0.44518
0.661107 0.445312

0.664062 0.445846
0.66096 0.445312

0.660156 0.480842
0.664062 0.481652

0.664062 0.445809
0.667969 0.446703

0.664062 0.481742
0.667969 0.482573

0.667969 0.446784
0.671875 0.447824

0.667969 0.482724
0.671875 0.483654

0.671875 0.447861
0.675781 0.449084

0.675781 0.449261
0.675634 0.449219

0.671875 0.483534
0.67529 0.484375

0.675781 0.484536
0.675042 0.484375

0.675781 0.449274
0.679688 0.450783

0.675781 0.484563
0.679688 0.485647

0.679688 0.450902
0.683594 0.452539

0.679688 0.485642
0.683594 0.487006

0.683594 0.452599
0.684991 0.453125

0.6875 0.454207
0.684712 0.453125

0.683594 0.487196
0.686936 0.488281

0.6875 0.488521
0.68667 0.488281

0.6875 0.454344
0.691406 0.455949

0.6875 0.488579
0.691406 0.489706

0.691406 0.455927
0.694445 0.457031

0.695312 0.457494
0.694016 0.457031

0.691406 0.489896
0.695312 0.491259

0.695312 0.45755
0.699219 0.459051

0.695312 0.491148
0.698118 0.492188

0.699219 0.492661
0.697905 0.492188

0.699219 0.4591
0.703125 0.460524

0.699219 0.492747
0.703125 0.494369

0.703125 0.460644
0.703954 0.460938

0.707031 0.462137
0.703857 0.460938

0.703125 0.494427
0.707031 0.496061

0.707031 0.496184
0.706806 0.496094

0.707031 0.462245
0.710938 0.463959

0.707031 0.496201
0.710938 0.498044

0.710938 0.464004
0.712869 0.464844

0.714844 0.465814
0.712676 0.464844

0.710938 0.498162
0.714584 0.5

0.714844 0.500282
0.714296 0.5

0.714844 0.465948
0.71875 0.468025

0.714844 0.500311
0.71875 0.502485

0.71875 0.468109
0.719881 0.46875

0.722656 0.47037
0.719809 0.46875

0.71875 0.502607
0.721068 0.503906

0.722656 0.504912
0.720877 0.503906

0.722656 0.470524
0.726063 0.472656

0.726562 0.473131
0.725847 0.472656

0.722656 0.505009
0.726562 0.50736

0.726562 0.473135
0.730469 0.47571

0.726562 0.507478
0.727083 0.507812

0.730469 0.509931
0.727072 0.507812

0.730469 0.475882
0.731472 0.476562

0.734375 0.478495
0.731434 0.476562

0.730469 0.510063
0.733057 0.511719

0.734375 0.512674
0.73292 0.511719

0.734375 0.478593
0.7372 0.480469

0.738281 0.481316
0.737048 0.480469

0.734375 0.512721
0.738281 0.515337

0.738281 0.481334
0.742188 0.484044

0.738281 0.51548
0.738478 0.515625

0.742188 0.518274
0.738477 0.515625

0.742188 0.484175
0.742451 0.484375

0.746094 0.48711
0.74245 0.484375

0.742188 0.518403
0.743661 0.519531

0.746094 0.521394
0.743648 0.519531

0.746094 0.487225
0.747371 0.488281

0.75 0.490484
0.747366 0.488281

0.746094 0.521459
0.748622 0.523438

0.75 0.524599
0.748556 0.523438

0.75 0.490541
0.75186 0.492188

0.753906 0.494062
0.751824 0.492188

0.75 0.524617
0.753369 0.527344

0.753906 0.527894
0.753259 0.527344

0.753906 0.494091
0.756123 0.496094

0.757812 0.497672
0.756058 0.496094

0.753906 0.527894
0.75781 0.53125

0.757812 0.531343
0.75771 0.53125

0.757812 0.497693
0.760512 0.5

0.761719 0.501097
0.760422 0.5

0.757812 0.531342
0.761719 0.534945

0.761719 0.501093
0.765248 0.503906

0.765625 0.504276
0.765174 0.503906

0.761719 0.535001
0.76188 0.535156

0.765625 0.538826
0.761878 0.535156

0.765625 0.504266
0.769531 0.507486

0.765625 0.538846
0.765841 0.539062

0.769531 0.542815
0.765838 0.539062

0.769531 0.507506
0.769874 0.507812

0.773438 0.511206
0.76988 0.507812

0.769531 0.542803
0.769693 0.542969

0.773438 0.546829
0.769692 0.542969

0.773438 0.511169
0.773963 0.511719

0.773972 0.511719
0.777283 0.515625

0.773438 0.546784
0.773526 0.546875

0.773527 0.546875
0.777264 0.550781

0.777344 0.515611
0.777355 0.515625

0.777361 0.515625
0.780194 0.519531

0.78125 0.52096
0.780274 0.519531

0.777344 0.550782
0.780938 0.554688

0.78125 0.554939
0.78102 0.554688

0.78125 0.520943
0.782907 0.523438

0.785156 0.526762
0.782968 0.523438

0.78125 0.554937
0.784412 0.558594

0.785156 0.559397
0.784469 0.558594

0.785156 0.526626
0.785654 0.527344

0.785667 0.527344
0.788472 0.53125

0.789062 0.531763
0.788655 0.53125

0.785156 0.559394
0.787714 0.5625

0.789062 0.564094
0.787754 0.5625

0.789062 0.53176
0.791675 0.535156

0.792969 0.536623
0.791823 0.535156

0.789062 0.564054
0.79097 0.566406

0.792969 0.568895
0.791007 0.566406

0.792969 0.536562
0.794854 0.539062

0.796875 0.541961
0.794939 0.539062

0.792969 0.56876
0.794197 0.570312

0.796875 0.573911
0.79421 0.570312

0.796875 0.541753
0.797687 0.542969

0.797747 0.542969
0.800139 0.546875

0.800781 0.547893
0.800185 0.546875

0.796875 0.5737
0.797271 0.574219

0.797262 0.574219
0.80002 0.578125

0.800781 0.579029
0.800161 0.578125

0.800781 0.547861
0.802444 0.550781

0.804688 0.554521
0.80255 0.550781

0.800781 0.57899
0.802771 0.582031

0.804688 0.584972
0.802867 0.582031

0.804688 0.554271
0.804935 0.554688

0.804949 0.554688
0.807255 0.558594

0.808594 0.560693
0.807388 0.558594

0.804688 0.584741
0.805443 0.585938

0.80544 0.585938
0.807559 0.589844

0.808594 0.591926
0.807707 0.589844

0.808594 0.560516
0.809729 0.5625

0.809836 0.5625
0.812082 0.566406

0.8125 0.566951
0.81219 0.566406

0.808594 0.591815
0.809408 0.59375

0.809395 0.59375
0.810977 0.597656

0.8125 0.601292
0.810984 0.597656

0.8125 0.601636
0.812456 0.601562

0.8125 0.56693
0.814376 0.570312

0.816406 0.573757
0.814492 0.570312

0.8125 0.6017
0.815851 0.605469

0.816406 0.606308
0.8153 0.605469

0.816406 0.573494
0.816821 0.574219

0.816855 0.574219
0.819066 0.578125

0.820312 0.580292
0.819214 0.578125

0.816406 0.606499
0.820312 0.606971

0.820312 0.580036
0.821302 0.582031

0.821549 0.582031
0.823384 0.585938

0.824219 0.588573
0.823432 0.585938

0.824219 0.603197
0.822419 0.605469

0.820312 0.606819
0.822553 0.605469

0.824219 0.588219
0.824599 0.589844

0.824635 0.589844
0.824935 0.59375

0.824811 0.59375
0.824696 0.597656

0.82476 0.597656
0.82435 0.601562

0.824219 0.60187
0.824335 0.601562

