0.406245 0.578125
0.405612 0.582031

0.405586 0.582031
0.404892 0.585938

0.404771 0.585938
0.404314 0.589844

0.404438 0.589844
0.404212 0.59375

0.403516 0.59375
0.403123 0.597656

0.403256 0.597656
0.402908 0.601562

0.402802 0.601562
0.402702 0.605469

0.402676 0.605469
0.402621 0.609375

0.4026 0.609375
0.402565 0.613281

0.402665 0.613281
0.402609 0.617188

0.402556 0.617188
0.402594 0.621094

0.402842 0.621094
0.403293 0.625

0.40315 0.625
0.403624 0.628906

0.402828 0.628906
0.402768 0.632812

0.402965 0.632812
0.403186 0.636719

0.403991 0.636719
0.405468 0.640625

0.40625 0.642067
0.405709 0.640625

0.410156 0.559454
0.409544 0.5625

0.409532 0.5625
0.408676 0.566406

0.408572 0.566406
0.407885 0.570312

0.40776 0.570312
0.40699 0.574219

0.407107 0.574219
0.40627 0.578125

0.40625 0.578283
0.406271 0.578125

0.40625 0.640287
0.406396 0.640625

0.406656 0.640625
0.407898 0.644531

0.406521 0.644531
0.406496 0.648438

0.406839 0.648438
0.406665 0.652344

0.406792 0.652344
0.407195 0.65625

0.40713 0.65625
0.40778 0.660156

0.408152 0.660156
0.409163 0.664062

0.410156 0.666411
0.409347 0.664062

0.414062 0.547008
0.412847 0.550781

0.412779 0.550781
0.411539 0.554688

0.411498 0.554688
0.410439 0.558594

0.410156 0.559821
0.410396 0.558594

0.410156 0.665595
0.41099 0.667969

0.410939 0.667969
0.412163 0.671875

0.412043 0.671875
0.413353 0.675781

0.414062 0.677352
0.413279 0.675781

0.417969 0.536042
0.416983 0.539062

0.416961 0.539062
0.415639 0.542969

0.415611 0.542969
0.414306 0.546875

0.414062 0.547565
0.414268 0.546875

0.414062 0.676237
0.415817 0.679688

0.416016 0.679688
0.417836 0.683594

0.417969 0.683931
0.417864 0.683594

0.421875 0.527273
0.42184 0.527344

0.421655 0.527344
0.420004 0.53125

0.419966 0.53125
0.418431 0.535156

0.417969 0.536322
0.418346 0.535156

0.417969 0.683903
0.419146 0.6875

0.418873 0.6875
0.420153 0.691406

0.421875 0.695175
0.420153 0.691406

0.425781 0.52035
0.423972 0.523438

0.421875 0.527278
0.423869 0.523438

0.421875 0.694562
0.422265 0.695312

0.422551 0.695312
0.425346 0.699219

0.425781 0.699775
0.425405 0.699219

0.429688 0.514761
0.429136 0.515625

0.429034 0.515625
0.426558 0.519531

0.425781 0.520617
0.426451 0.519531

0.425832 0.699219
0.428142 0.703125

0.428183 0.703125
0.429674 0.707031

0.429688 0.707126
0.429668 0.707031

0.433594 0.508778
0.431704 0.511719

0.429688 0.514802
0.431598 0.511719

0.429688 0.707287
0.430508 0.710938

0.430239 0.710938
0.43147 0.714844

0.431502 0.714844
0.433563 0.71875

0.433594 0.718774
0.433575 0.71875

0.4375 0.503612
0.437254 0.503906

0.437156 0.503906
0.43431 0.507812

0.433594 0.508866
0.434302 0.507812

0.433987 0.71875
0.437148 0.722656

0.4375 0.723004
0.437186 0.722656

0.441406 0.499379
0.440786 0.5

0.4375 0.503606
0.440698 0.5

0.441406 0.593459
0.441373 0.59375

0.441318 0.59375
0.440847 0.597656

0.441007 0.597656
0.440589 0.601562

0.440834 0.601562
0.440404 0.605469

0.440685 0.605469
0.440347 0.609375

0.440832 0.609375
0.440694 0.613281

0.441001 0.613281
0.440946 0.617188

0.44133 0.617188
0.441328 0.621094

0.440258 0.621094
0.440598 0.625

0.440204 0.625
0.440772 0.628906

0.440591 0.628906
0.441005 0.632812

0.440859 0.632812
0.441197 0.636719

0.441406 0.64046
0.441145 0.636719

0.4375 0.722685
0.440771 0.726562

0.441406 0.727323
0.440784 0.726562

0.445312 0.495761
0.444948 0.496094

0.441406 0.499386
0.444922 0.496094

0.445312 0.575801
0.444684 0.578125

0.444722 0.578125
0.443688 0.582031

0.443572 0.582031
0.442733 0.585938

0.442731 0.585938
0.441985 0.589844

0.441406 0.593538
0.441946 0.589844

0.441406 0.640441
0.441416 0.640625

0.441424 0.640625
0.441771 0.644531

0.441762 0.644531
0.442299 0.648438

0.442242 0.648438
0.443103 0.652344

0.443323 0.652344
0.444591 0.65625

0.445312 0.658501
0.444685 0.65625

0.441406 0.727259
0.443918 0.730469

0.445312 0.732254
0.443869 0.730469

0.445312 0.495772
0.449219 0.492251

0.449219 0.562863
0.448139 0.566406

0.448335 0.566406
0.447246 0.570312

0.447085 0.570312
0.446042 0.574219

0.445312 0.576318
0.44588 0.574219

0.445312 0.658239
0.445787 0.660156

0.445791 0.660156
0.446662 0.664062

0.446532 0.664062
0.447591 0.667969

0.447687 0.667969
0.44903 0.671875

0.449219 0.672339
0.449046 0.671875

0.445312 0.732183
0.447132 0.734375

0.449219 0.736697
0.447147 0.734375

0.453125 0.488499
0.449242 0.492188

0.449219 0.492209
0.449241 0.492188

0.453125 0.552342
0.45225 0.554688

0.452336 0.554688
0.450914 0.558594

0.450742 0.558594
0.449497 0.5625

0.449219 0.563255
0.449429 0.5625

0.449231 0.671875
0.450808 0.675781

0.450951 0.675781
0.452678 0.679688

0.453125 0.680699
0.452707 0.679688

0.449219 0.736639
0.450733 0.738281

0.453125 0.740799
0.450768 0.738281

0.457031 0.484558
0.453285 0.488281

0.453125 0.488438
0.453283 0.488281

0.457031 0.543915
0.455747 0.546875

0.455668 0.546875
0.453907 0.550781

0.453125 0.552536
0.453786 0.550781

0.453125 0.68041
0.454471 0.683594

0.45459 0.683594
0.456452 0.6875

0.457031 0.688671
0.456461 0.6875

0.453125 0.740795
0.454444 0.742188

0.457031 0.744876
0.454417 0.742188

0.460938 0.480644
0.457175 0.484375

0.457031 0.484518
0.457174 0.484375

0.460938 0.536223
0.459609 0.539062

0.459524 0.539062
0.457637 0.542969

0.457031 0.54418
0.457553 0.542969

0.457031 0.688426
0.458494 0.691406

0.45861 0.691406
0.460681 0.695312

0.460938 0.695766
0.460685 0.695312

0.457031 0.744903
0.458245 0.746094

0.460938 0.748579
0.45821 0.746094

0.464844 0.476868
0.461077 0.480469

0.460938 0.480604
0.461075 0.480469

0.464844 0.52936
0.463795 0.53125

0.46369 0.53125
0.461603 0.535156

0.460938 0.536413
0.461527 0.535156

0.460938 0.695497
0.462976 0.699219

0.464844 0.702305
0.463083 0.699219

0.460938 0.748612
0.462617 0.75

0.464844 0.751735
0.462631 0.75

0.46875 0.473268
0.465102 0.476562

0.464844 0.476806
0.465102 0.476562

0.46875 0.523383
0.468712 0.523438

0.468587 0.523438
0.46615 0.527344

0.464844 0.529463
0.46603 0.527344

0.464844 0.702211
0.465385 0.703125

0.465477 0.703125
0.467966 0.707031

0.46875 0.708091
0.468011 0.707031

0.464844 0.751817
0.467815 0.753906

0.46875 0.754564
0.467827 0.753906

0.472656 0.469883
0.469345 0.472656

0.46875 0.473188
0.469349 0.472656

0.472656 0.5182
0.471606 0.519531

0.46875 0.523385
0.471455 0.519531

0.46875 0.7079
0.470839 0.710938

0.472656 0.713303
0.47086 0.710938

0.46875 0.754722
0.472656 0.757334

0.476562 0.46677
0.47395 0.46875

0.472656 0.469812
0.473994 0.46875

0.476562 0.513459
0.474797 0.515625

0.472656 0.518216
0.4747 0.515625

0.472656 0.7132
0.473951 0.714844

0.476562 0.717943
0.474003 0.714844

0.472656 0.757362
0.473331 0.757812

0.476562 0.759944
0.473174 0.757812

0.480469 0.463933
0.47911 0.464844

0.476562 0.466707
0.479338 0.464844

0.480469 0.508685
0.478072 0.511719

0.476562 0.513517
0.478036 0.511719

0.476562 0.717928
0.477273 0.71875

0.480469 0.722302
0.47732 0.71875

0.476562 0.76009
0.479362 0.761719

0.480469 0.762381
0.479337 0.761719

0.480469 0.463901
0.484375 0.461489

0.484346 0.503906
0.481261 0.507812

0.480469 0.508789
0.481257 0.507812

0.480469 0.722299
0.480802 0.722656

0.484375 0.72632
0.480842 0.722656

0.480469 0.762472
0.484375 0.764698

0.488281 0.459171
0.485093 0.460938

0.484375 0.461375
0.485131 0.460938

0.488281 0.499482
0.487798 0.5

0.487751 0.5
0.484415 0.503906

0.484375 0.503957
0.484417 0.503906

0.484375 0.726316
0.484623 0.726562

0.488281 0.730059
0.484626 0.726562

0.484375 0.764779
0.4859 0.765625

0.488281 0.767008
0.485773 0.765625

0.492188 0.456928
0.491979 0.457031

0.488281 0.459039
0.492188 0.457058

0.492188 0.49555
0.491615 0.496094

0.488281 0.499476
0.491623 0.496094

0.488281 0.730057
0.488722 0.730469

0.492188 0.733609
0.488674 0.730469

0.488281 0.767128
0.492188 0.769401

0.492188 0.45692
0.496094 0.45517

0.496094 0.492068
0.495957 0.492188

0.492188 0.495555
0.496006 0.492188

0.492188 0.73362
0.493045 0.734375

0.496094 0.736996
0.492982 0.734375

0.492188 0.769404
0.492391 0.769531

0.492188 0.769553
0.496094 0.771925

0.496094 0.45506
0.5 0.453417

0.496094 0.492071
0.5 0.48878

0.496094 0.737027
0.497614 0.738281

0.5 0.740215
0.497582 0.738281

0.496094 0.772081
0.498325 0.773438

0.5 0.774534
0.498204 0.773438

0.503906 0.451871
0.500546 0.453125

0.5 0.453348
0.500629 0.453125

0.503906 0.485315
0.500506 0.488281

0.5 0.488717
0.500498 0.488281

0.5 0.740301
0.502496 0.742188

0.503906 0.743253
0.502499 0.742188

0.5 0.774668
0.503906 0.77698

0.503906 0.451662
0.507812 0.449985

0.507812 0.481611
0.504842 0.484375

0.503906 0.485244
0.504847 0.484375

0.503906 0.743382
0.507812 0.746093

0.503906 0.777023
0.504495 0.777344

0.507812 0.779223
0.504228 0.777344

0.511719 0.448395
0.509595 0.449219

0.507812 0.449973
0.509734 0.449219

0.511719 0.477878
0.508909 0.480469

0.507812 0.481556
0.508958 0.480469

0.507812 0.746218
0.511719 0.748789

0.507812 0.779292
0.511719 0.7812

0.511719 0.448314
0.515625 0.446676

0.515625 0.474528
0.513055 0.476562

0.511719 0.477822
0.513191 0.476562

0.511719 0.748885
0.513441 0.75

0.515625 0.751464
0.513324 0.75

0.511719 0.781204
0.511821 0.78125

0.511719 0.78137
0.515625 0.783156

0.519531 0.444922
0.518592 0.445312

0.515625 0.446671
0.518903 0.445312

0.519531 0.471865
0.518308 0.472656

0.515625 0.474528
0.518477 0.472656

0.515625 0.75162
0.519493 0.753906

0.519531 0.753932
0.519488 0.753906

0.515625 0.783239
0.519531 0.784962

0.519531 0.444841
0.523438 0.442854

0.519531 0.471908
0.523438 0.469774

0.519531 0.754043
0.523438 0.75614

0.519531 0.785008
0.519938 0.785156

0.519531 0.785198
0.523438 0.786669

0.527344 0.440583
0.525616 0.441406

0.523438 0.442717
0.526134 0.441406

0.527344 0.467837
0.525276 0.46875

0.523438 0.469642
0.525448 0.46875

0.523438 0.756277
0.52656 0.757812

0.527344 0.758217
0.526511 0.757812

0.523438 0.786836
0.527344 0.788293

0.527344 0.440488
0.53125 0.438911

0.527344 0.467863
0.53125 0.466254

0.527344 0.75828
0.53125 0.760192

0.527344 0.788281
0.529959 0.789062

0.53125 0.789423
0.529906 0.789062

0.53125 0.438756
0.535156 0.437867

0.535156 0.464631
0.534575 0.464844

0.53125 0.466175
0.534893 0.464844

0.53125 0.76037
0.534325 0.761719

0.535156 0.762111
0.534232 0.761719

0.53125 0.78948
0.535156 0.79054

0.535156 0.437703
0.539062 0.437654

0.535156 0.464598
0.539062 0.462542

0.535156 0.762173
0.539062 0.76387

0.535156 0.790919
0.539062 0.79203

0.539062 0.437571
0.542969 0.439004

0.542969 0.459595
0.541407 0.460938

0.539062 0.462539
0.541298 0.460938

0.539062 0.764005
0.542969 0.765551

0.539062 0.791703
0.542969 0.79279

0.542969 0.438898
0.545698 0.441406

0.546875 0.443859
0.545674 0.441406

0.546875 0.45368
0.545272 0.457031

0.542969 0.459492
0.545062 0.457031

0.542969 0.765568
0.543138 0.765625

0.542969 0.765692
0.546875 0.767132

0.542969 0.792788
0.543684 0.792969

0.546875 0.794001
0.543325 0.792969

0.546875 0.444402
0.547148 0.445312

0.546993 0.445312
0.547273 0.449219

0.547421 0.449219
0.54711 0.453125

0.546875 0.453534
0.547025 0.453125

0.546875 0.7672
0.550781 0.768648

0.546875 0.794185
0.550781 0.795333

0.550781 0.768749
0.553445 0.769531

0.554688 0.769907
0.553306 0.769531

0.550781 0.795294
0.554688 0.796378

0.554688 0.769899
0.558594 0.771118

0.554688 0.796448
0.55634 0.796875

0.558594 0.797549
0.556007 0.796875

0.558594 0.771244
0.5625 0.772475

0.558594 0.797704
0.5625 0.798619

0.5625 0.772547
0.566128 0.773438

0.566406 0.773506
0.566069 0.773438

0.5625 0.798872
0.566406 0.799826

0.566406 0.773496
0.570312 0.774462

0.566406 0.79959
0.570312 0.800589

0.570312 0.774273
0.574219 0.775215

0.570312 0.800598
0.571449 0.800781

0.574219 0.80127
0.571306 0.800781

0.574219 0.775428
0.578125 0.776303

0.574219 0.801326
0.578125 0.802022

0.578125 0.776437
0.582031 0.777292

0.578125 0.802074
0.582031 0.802604

0.582031 0.777315
0.582233 0.777344

0.582031 0.77739
0.585938 0.778052

0.582031 0.802614
0.585938 0.802853

0.585938 0.777838
0.589844 0.778625

0.585938 0.803853
0.589844 0.804039

0.589844 0.778301
0.59375 0.779022

0.589844 0.803759
0.59375 0.804032

0.59375 0.779579
0.597656 0.780079

0.59375 0.804022
0.597656 0.804189

0.597656 0.780042
0.601562 0.78055

0.597656 0.80424
0.601562 0.80432

0.601562 0.780598
0.605469 0.781095

0.601562 0.804311
0.605469 0.804372

0.605469 0.781147
0.6067 0.78125

0.609375 0.781504
0.606381 0.78125

0.605469 0.804483
0.609375 0.804501

0.609375 0.781452
0.613281 0.781823

0.609375 0.80458
0.613281 0.804585

0.613281 0.781661
0.617188 0.782

0.613281 0.804625
0.617188 0.804627

0.617188 0.781806
0.621094 0.782287

0.617188 0.804623
0.621094 0.804625

0.621094 0.781803
0.625 0.781933

0.621094 0.804509
0.625 0.804524

0.625 0.804694
0.622766 0.804688

0.625 0.781489
0.628906 0.781468

0.625 0.804379
0.628906 0.804315

0.625 0.804701
0.626123 0.804688

0.628906 0.781968
0.632812 0.782258

0.628906 0.804415
0.632812 0.804376

0.632812 0.783156
0.636719 0.783262

0.632812 0.804347
0.636719 0.804396

0.636719 0.783203
0.640625 0.783224

0.636719 0.804222
0.640625 0.804035

0.640625 0.783258
0.644531 0.783243

0.640625 0.804294
0.644531 0.804225

0.644531 0.781541
0.648438 0.781519

0.644531 0.804234
0.648438 0.804314

0.648438 0.783235
0.652344 0.783179

0.648438 0.804454
0.652344 0.804474

0.652344 0.782674
0.65625 0.782117

0.652344 0.804255
0.65625 0.804331

0.65625 0.782442
0.660156 0.7816

0.65625 0.804106
0.660156 0.803753

0.664062 0.781142
0.66306 0.78125

0.660156 0.781642
0.66307 0.78125

0.660156 0.803717
0.664062 0.802669

0.664062 0.781117
0.667969 0.780661

0.667969 0.800775
0.667944 0.800781

0.664062 0.801941
0.667942 0.800781

0.667969 0.780704
0.671875 0.78011

0.667969 0.800773
0.671875 0.799639

0.671875 0.779973
0.675781 0.779429

0.671875 0.799843
0.675781 0.799071

0.675781 0.779703
0.679688 0.778934

0.675781 0.798844
0.679688 0.798483

0.679688 0.778715
0.683594 0.777567

0.679688 0.798394
0.683594 0.797936

0.6875 0.77625
0.683762 0.777344

0.683594 0.77753
0.684299 0.777344

0.683594 0.79806
0.6875 0.797435

0.6875 0.77623
0.691406 0.774954

0.691406 0.795913
0.688977 0.796875

0.6875 0.797613
0.68976 0.796875

0.691406 0.774902
0.695312 0.773626

0.695312 0.792561
0.694868 0.792969

0.691406 0.795948
0.695312 0.793032

0.695312 0.773437
0.699219 0.772204

0.695312 0.7736
0.695877 0.773438

0.699219 0.789054
0.699207 0.789062

0.695312 0.792258
0.699207 0.789062

0.695312 0.793029
0.695374 0.792969

0.699219 0.772304
0.703125 0.77075

0.699219 0.788786
0.703125 0.786869

0.707031 0.76878
0.705279 0.769531

0.703125 0.770547
0.705494 0.769531

0.703125 0.787027
0.707031 0.785805

0.707031 0.768762
0.710938 0.766715

0.710938 0.784798
0.709638 0.785156

0.707031 0.785871
0.709706 0.785156

0.714844 0.76419
0.712336 0.765625

0.710938 0.76664
0.712706 0.765625

0.710938 0.78473
0.714844 0.78313

0.714844 0.76405
0.71875 0.761838

0.71875 0.78124
0.718724 0.78125

0.714844 0.782897
0.718727 0.78125

0.71875 0.761422
0.722656 0.759973

0.71875 0.761802
0.718963 0.761719

0.71875 0.781124
0.722656 0.77945

0.722656 0.758494
0.726562 0.758368

0.726562 0.777337
0.726554 0.777344

0.722656 0.779636
0.726556 0.777344

0.726562 0.75907
0.730469 0.761659

0.730469 0.763303
0.729624 0.761719

0.730469 0.76887
0.730442 0.769531

0.730469 0.770268
0.729608 0.773438

0.729891 0.773438
0.726882 0.777344

0.730469 0.762349
0.731155 0.765625

0.730469 0.768709
0.730616 0.765625

0.730469 0.770418
0.73062 0.769531

