0.386693 0.632812
0.385133 0.636719

0.385228 0.636719
0.384844 0.640625

0.384991 0.640625
0.385301 0.644531

0.385366 0.644531
0.385945 0.648438

0.385896 0.648438
0.386706 0.652344

0.386719 0.652404
0.386705 0.652344

0.386719 0.63221
0.390625 0.629711

0.386719 0.651862
0.386821 0.652344

0.387042 0.652344
0.388137 0.65625

0.38767 0.65625
0.388425 0.660156

0.388918 0.660156
0.389378 0.664062

0.389437 0.664062
0.389697 0.667969

0.389627 0.667969
0.389705 0.671875

0.389598 0.671875
0.389848 0.675781

0.389896 0.675781
0.390434 0.679688

0.390625 0.68054
0.390448 0.679688

0.390625 0.629505
0.394531 0.62975

0.390625 0.680459
0.391467 0.683594

0.391526 0.683594
0.392474 0.6875

0.392636 0.6875
0.393061 0.691406

0.393059 0.691406
0.393495 0.695312

0.393437 0.695312
0.394001 0.699219

0.394531 0.701793
0.394021 0.699219

0.394531 0.63072
0.398438 0.632182

0.394531 0.701547
0.394882 0.703125

0.394973 0.703125
0.396357 0.707031

0.396501 0.707031
0.39801 0.710938

0.398438 0.711951
0.398078 0.710938

0.398438 0.63236
0.399223 0.632812

0.402344 0.634728
0.399283 0.632812

0.398438 0.711523
0.399668 0.714844

0.399705 0.714844
0.401305 0.71875

0.402344 0.721223
0.401392 0.71875

0.402344 0.634919
0.404416 0.636719

0.40625 0.638511
0.404507 0.636719

0.402344 0.721076
0.402952 0.722656

0.403004 0.722656
0.404658 0.726562

0.40625 0.730341
0.404822 0.726562

0.40625 0.638611
0.407942 0.640625

0.410156 0.643858
0.408076 0.640625

0.40625 0.730316
0.406304 0.730469

0.406422 0.730469
0.407989 0.734375

0.408071 0.734375
0.409729 0.738281

0.410156 0.739188
0.409786 0.738281

0.410156 0.643928
0.410527 0.644531

0.410603 0.644531
0.412652 0.648438

0.414062 0.651448
0.412834 0.648438

0.410156 0.738902
0.411554 0.742188

0.411638 0.742188
0.413494 0.746094

0.414062 0.747167
0.413568 0.746094

0.414062 0.651338
0.414434 0.652344

0.414571 0.652344
0.415636 0.65625

0.415608 0.65625
0.416269 0.660156

0.416341 0.660156
0.4172 0.664062

0.417969 0.667215
0.41716 0.664062

0.414062 0.746876
0.415519 0.75

0.415605 0.75
0.417551 0.753906

0.417969 0.754683
0.417567 0.753906

0.417969 0.667091
0.418164 0.667969

0.418227 0.667969
0.419161 0.671875

0.419065 0.671875
0.420248 0.675781

0.420359 0.675781
0.421769 0.679688

0.421875 0.679939
0.421774 0.679688

0.417969 0.754481
0.419712 0.757812

0.421875 0.761161
0.419725 0.757812

0.42192 0.679688
0.423606 0.683594

0.42371 0.683594
0.425628 0.6875

0.425781 0.68779
0.425622 0.6875

0.421875 0.761133
0.422292 0.761719

0.425781 0.765514
0.422256 0.761719

0.42582 0.6875
0.427942 0.691406

0.429688 0.694374
0.428104 0.691406

0.425781 0.76551
0.425915 0.765625

0.429688 0.768379
0.425934 0.765625

0.429688 0.694143
0.430313 0.695312

0.430345 0.695312
0.432439 0.699219

0.433594 0.70135
0.432574 0.699219

0.429688 0.768371
0.431705 0.769531

0.433594 0.770596
0.431718 0.769531

0.433594 0.701084
0.434551 0.703125

0.434513 0.703125
0.436509 0.707031

0.4375 0.708659
0.436641 0.707031

0.433594 0.770646
0.4375 0.772982

0.4375 0.708496
0.43879 0.710938

0.438876 0.710938
0.441177 0.714844

0.441406 0.715201
0.441169 0.714844

0.4375 0.772951
0.438192 0.773438

0.441406 0.775894
0.438117 0.773438

0.441406 0.714942
0.443906 0.71875

0.445312 0.720619
0.443955 0.71875

0.441406 0.775952
0.442914 0.777344

0.445312 0.779851
0.44279 0.777344

0.445312 0.720413
0.44694 0.722656

0.449219 0.725726
0.447059 0.722656

0.445312 0.779919
0.446585 0.78125

0.449219 0.783968
0.446492 0.78125

0.449219 0.725713
0.449827 0.726562

0.449953 0.726562
0.452644 0.730469

0.453125 0.731147
0.452636 0.730469

0.449219 0.784009
0.450473 0.785156

0.453125 0.787377
0.450456 0.785156

0.453125 0.730986
0.455493 0.734375

0.457031 0.736393
0.4555 0.734375

0.453125 0.787454
0.455421 0.789062

0.457031 0.790153
0.455436 0.789062

0.457031 0.736311
0.458575 0.738281

0.460938 0.740999
0.458588 0.738281

0.457031 0.790237
0.460938 0.792662

0.460938 0.740976
0.462059 0.742188

0.464844 0.74497
0.462067 0.742188

0.460938 0.792673
0.461413 0.792969

0.464844 0.795113
0.461247 0.792969

0.464844 0.744959
0.466053 0.746094

0.46875 0.7485
0.466052 0.746094

0.464844 0.795271
0.467623 0.796875

0.46875 0.797567
0.467567 0.796875

0.46875 0.748506
0.470493 0.75

0.472656 0.751823
0.47049 0.75

0.46875 0.797687
0.472656 0.79991

0.472656 0.75186
0.475124 0.753906

0.476562 0.755107
0.475127 0.753906

0.472656 0.800066
0.474122 0.800781

0.476562 0.802031
0.47393 0.800781

0.476562 0.755212
0.479795 0.757812

0.480469 0.758366
0.479797 0.757812

0.476562 0.802142
0.480469 0.804023

0.480469 0.758527
0.484375 0.761483

0.480469 0.804106
0.481846 0.804688

0.484375 0.805794
0.48172 0.804688

0.484375 0.761491
0.48468 0.761719

0.488281 0.76434
0.484493 0.761719

0.484375 0.805989
0.488281 0.807763

0.488281 0.764421
0.490103 0.765625

0.492188 0.767021
0.490045 0.765625

0.488281 0.807768
0.490275 0.808594

0.492188 0.809418
0.490164 0.808594

0.492188 0.767147
0.496037 0.769531

0.496094 0.769569
0.496034 0.769531

0.492188 0.809506
0.496094 0.811178

0.496094 0.769696
0.5 0.772045

0.496094 0.811282
0.499388 0.8125

0.5 0.812732
0.499323 0.8125

0.5 0.772168
0.502173 0.773438

0.503906 0.774519
0.502061 0.773438

0.5 0.812892
0.503906 0.814221

0.503906 0.774644
0.507812 0.776909

0.503906 0.814327
0.507812 0.815702

0.507812 0.776952
0.508535 0.777344

0.511719 0.779164
0.508256 0.777344

0.507812 0.815769
0.509996 0.816406

0.511719 0.816899
0.509872 0.816406

0.511719 0.779285
0.515625 0.781185

0.511719 0.816936
0.515625 0.817961

0.515625 0.781195
0.515759 0.78125

0.515625 0.781324
0.519531 0.782989

0.515625 0.818242
0.519531 0.8194

0.519531 0.783051
0.523438 0.78466

0.519531 0.819223
0.523438 0.820306

0.523438 0.784752
0.524604 0.785156

0.527344 0.786209
0.524397 0.785156

0.523438 0.820299
0.523502 0.820312

0.527344 0.821312
0.523511 0.820312

0.527344 0.786061
0.53125 0.787426

0.527344 0.821453
0.53125 0.822556

0.53125 0.787643
0.535156 0.788841

0.53125 0.822567
0.535156 0.823693

0.535156 0.788893
0.535718 0.789062

0.539062 0.790315
0.535362 0.789062

0.535156 0.823767
0.536866 0.824219

0.539062 0.824879
0.536543 0.824219

0.539062 0.79044
0.542969 0.791866

0.539062 0.825024
0.542969 0.82593

0.542969 0.791957
0.546609 0.792969

0.546875 0.793042
0.546555 0.792969

0.542969 0.826397
0.546875 0.827166

0.546875 0.793002
0.550781 0.794045

0.546875 0.826807
0.550781 0.827589

0.550781 0.793861
0.554688 0.794875

0.550781 0.82744
0.554688 0.828061

0.554688 0.795075
0.558594 0.796029

0.554688 0.828091
0.55503 0.828125

0.554688 0.828126
0.558594 0.828581

0.558594 0.796209
0.56141 0.796875

0.5625 0.797178
0.561093 0.796875

0.558594 0.8286
0.5625 0.829047

0.5625 0.797148
0.566406 0.798182

0.5625 0.829047
0.566406 0.829448

0.566406 0.79845
0.570312 0.799242

0.566406 0.829437
0.570312 0.829814

0.570312 0.799025
0.574219 0.799545

0.570312 0.82989
0.574219 0.830114

0.574219 0.799548
0.578125 0.800226

0.574219 0.829989
0.578125 0.830156

0.578125 0.800353
0.581007 0.800781

0.582031 0.800949
0.580688 0.800781

0.578125 0.830863
0.582031 0.831265

0.582031 0.800956
0.585938 0.801453

0.582031 0.830953
0.585938 0.831457

0.585938 0.801248
0.589844 0.801677

0.585938 0.831231
0.589844 0.831696

0.589844 0.801417
0.59375 0.801861

0.589844 0.83161
0.59375 0.832005

0.59375 0.801538
0.597656 0.801854

0.59375 0.832016
0.593983 0.832031

0.59375 0.83205
0.597656 0.832385

0.597656 0.801364
0.601562 0.801496

0.597656 0.832401
0.601562 0.832754

0.601562 0.802799
0.605469 0.802933

0.601562 0.832764
0.605469 0.833085

0.605469 0.802917
0.609375 0.803067

0.605469 0.833095
0.609375 0.833346

0.609375 0.803099
0.613281 0.803231

0.609375 0.833353
0.613281 0.833499

0.613281 0.803239
0.617188 0.803274

0.613281 0.833498
0.617188 0.833527

0.617188 0.803271
0.621094 0.803196

0.617188 0.833517
0.621094 0.833452

0.621094 0.803177
0.625 0.803036

0.621094 0.833441
0.625 0.833323

0.625 0.803077
0.628906 0.802821

0.625 0.833318
0.628906 0.833179

0.628906 0.802187
0.632812 0.801642

0.628906 0.833173
0.632812 0.833036

0.632812 0.801876
0.636719 0.80132

0.632812 0.833025
0.636719 0.832924

0.636719 0.801478
0.640625 0.801132

0.636719 0.832943
0.640625 0.832862

0.640625 0.801259
0.644531 0.800964

0.640625 0.832959
0.644531 0.832664

0.648438 0.800776
0.648326 0.800781

0.644531 0.801012
0.64831 0.800781

0.648438 0.831604
0.646678 0.832031

0.644531 0.83276
0.648088 0.832031

0.652344 0.800435
0.648462 0.800781

0.648438 0.831405
0.652344 0.830376

0.652344 0.800424
0.65625 0.799867

0.652344 0.831233
0.65625 0.83091

0.65625 0.799931
0.660156 0.79906

0.65625 0.829882
0.660156 0.830226

0.660156 0.798862
0.664062 0.79757

0.660156 0.830864
0.664062 0.831406

0.667969 0.796134
0.665654 0.796875

0.664062 0.797555
0.666146 0.796875

0.664062 0.831586
0.667969 0.831102

0.667969 0.795897
0.671875 0.794982

0.671875 0.827267
0.670713 0.828125

0.667969 0.831002
0.671875 0.828758

0.671875 0.795354
0.675781 0.794521

0.671875 0.827446
0.675781 0.825297

0.671875 0.828731
0.672701 0.828125

0.675781 0.794297
0.679688 0.793203

0.675781 0.825427
0.679688 0.824761

0.683594 0.792103
0.680195 0.792969

0.679688 0.793167
0.680548 0.792969

0.679688 0.824979
0.683594 0.824961

0.683594 0.792152
0.6875 0.79083

0.683594 0.825165
0.6875 0.824951

0.6875 0.790755
0.691406 0.789163

0.691406 0.823544
0.689428 0.824219

0.6875 0.825158
0.690938 0.824219

0.691406 0.788965
0.695312 0.787005

0.691406 0.789166
0.691618 0.789062

0.691406 0.823339
0.695312 0.821178

0.699219 0.784734
0.6984 0.785156

0.695312 0.786826
0.698566 0.785156

0.699219 0.818981
0.69616 0.820312

0.695312 0.821021
0.696848 0.820312

0.699219 0.784652
0.703125 0.782605

0.699219 0.819351
0.703125 0.818176

0.707031 0.780445
0.70548 0.78125

0.703125 0.782545
0.705659 0.78125

0.703125 0.817889
0.707031 0.817176

0.707031 0.78033
0.710938 0.777955

0.707031 0.817287
0.710938 0.816602

0.714844 0.775056
0.711696 0.777344

0.710938 0.777991
0.711851 0.777344

0.714844 0.815256
0.711609 0.816406

0.710938 0.816685
0.711919 0.816406

0.71875 0.771396
0.716588 0.773438

0.714844 0.775075
0.716723 0.773438

0.714844 0.815144
0.71875 0.812866

0.722656 0.767227
0.720493 0.769531

0.71875 0.771376
0.720539 0.769531

0.71875 0.812407
0.722656 0.80976

0.71875 0.812866
0.719248 0.8125

0.726562 0.763013
0.72419 0.765625

0.722656 0.767225
0.724142 0.765625

0.726562 0.807286
0.724195 0.808594

0.722656 0.809599
0.724394 0.808594

0.730469 0.758468
0.727898 0.761719

0.726562 0.763026
0.727735 0.761719

0.726562 0.807343
0.730469 0.805321

0.734375 0.752651
0.733711 0.753906

0.733592 0.753906
0.731059 0.757812

0.730469 0.758471
0.730978 0.757812

0.734375 0.802972
0.731525 0.804688

0.730469 0.805393
0.731705 0.804688

0.738281 0.600084
0.736463 0.601562

0.736717 0.601562
0.735111 0.605469

0.736 0.605469
0.736954 0.609375

0.738281 0.612149
0.737276 0.609375

0.738281 0.745015
0.737841 0.746094

0.737772 0.746094
0.735891 0.75

0.734375 0.752809
0.735817 0.75

0.738281 0.799476
0.736895 0.800781

0.734375 0.803009
0.737089 0.800781

0.738281 0.600251
0.742188 0.600027

0.738281 0.611768
0.738824 0.613281

0.738892 0.613281
0.740306 0.617188

0.740324 0.617188
0.741618 0.621094

0.742188 0.622416
0.741766 0.621094

0.742188 0.736466
0.741449 0.738281

0.741345 0.738281
0.739595 0.742188

0.738281 0.7452
0.73953 0.742188

0.742188 0.795222
0.74062 0.796875

0.738281 0.799408
0.740706 0.796875

0.742188 0.600515
0.743851 0.601562

0.746094 0.60387
0.743703 0.601562

0.742188 0.622332
0.743081 0.625

0.743061 0.625
0.744212 0.628906

0.744266 0.628906
0.745232 0.632812

0.746094 0.635504
0.745428 0.632812

0.746094 0.727161
0.744965 0.730469

0.744697 0.730469
0.743052 0.734375

0.742188 0.73669
0.743134 0.734375

0.746094 0.791344
0.744417 0.792969

0.742188 0.7952
0.744389 0.792969

0.746094 0.604092
0.747015 0.605469

0.746918 0.605469
0.748634 0.609375

0.748535 0.609375
0.749844 0.613281

0.75 0.613489
0.749939 0.613281

0.746094 0.635316
0.746417 0.636719

0.74644 0.636719
0.74747 0.640625

0.747647 0.640625
0.748487 0.644531

0.748339 0.644531
0.749048 0.648438

0.749132 0.648438
0.749836 0.652344

0.75 0.653235
0.749877 0.652344

0.75 0.712869
0.749691 0.714844

0.749611 0.714844
0.748695 0.71875

0.748675 0.71875
0.74764 0.722656

0.747616 0.722656
0.746444 0.726562

0.746094 0.727408
0.746359 0.726562

0.75 0.787583
0.748582 0.789062

0.746094 0.791422
0.748509 0.789062

0.75 0.613418
0.751226 0.617188

0.751512 0.617188
0.753014 0.621094

0.753906 0.623945
0.752929 0.621094

0.75 0.65316
0.750491 0.65625

0.75042 0.65625
0.751248 0.660156

0.750864 0.660156
0.751384 0.664062

0.751942 0.664062
0.75202 0.667969

0.751912 0.667969
0.752083 0.671875

0.752196 0.671875
0.752452 0.675781

0.752431 0.675781
0.752589 0.679688

0.752591 0.679688
0.752687 0.683594

0.752698 0.683594
0.752703 0.6875

0.752724 0.6875
0.752576 0.691406

0.752548 0.691406
0.752262 0.695312

0.752191 0.695312
0.751967 0.699219

0.752072 0.699219
0.751841 0.703125

0.75147 0.703125
0.750802 0.707031

0.750981 0.707031
0.750204 0.710938

0.75 0.713385
0.750349 0.710938

0.753906 0.782756
0.752237 0.785156

0.75 0.787627
0.752141 0.785156

0.753906 0.623747
0.754305 0.625

0.754364 0.625
0.755676 0.628906

0.755791 0.628906
0.757194 0.632812

0.757812 0.634599
0.757263 0.632812

0.757812 0.776384
0.757369 0.777344

0.757272 0.777344
0.75502 0.78125

0.753906 0.782744
0.754902 0.78125

0.757812 0.634409
0.758503 0.636719

0.758578 0.636719
0.75975 0.640625

0.759855 0.640625
0.76106 0.644531

0.761719 0.646946
0.761102 0.644531

0.761719 0.767045
0.760996 0.769531

0.760998 0.769531
0.759393 0.773438

0.757812 0.776553
0.759208 0.773438

0.761719 0.646889
0.762072 0.648438

0.762099 0.648438
0.76305 0.652344

0.763072 0.652344
0.764071 0.65625

0.764135 0.65625
0.76519 0.660156

0.765625 0.661648
0.765308 0.660156

0.765625 0.750812
0.764863 0.753906

0.764882 0.753906
0.763955 0.757812

0.763865 0.757812
0.763103 0.761719

0.763053 0.761719
0.762137 0.765625

0.761719 0.767132
0.762103 0.765625

0.765625 0.661386
0.766167 0.664062

0.766214 0.664062
0.766911 0.667969

0.766911 0.667969
0.767425 0.671875

0.768314 0.671875
0.768695 0.675781

0.76796 0.675781
0.768731 0.679688

0.769531 0.683252
0.768657 0.679688

0.769531 0.684231
0.769392 0.683594

0.769531 0.731064
0.768985 0.734375

0.769065 0.734375
0.768219 0.738281

0.7686 0.738281
0.76794 0.742188

0.767524 0.742188
0.766861 0.746094

0.766719 0.746094
0.765855 0.75

0.765625 0.750922
0.765818 0.75

0.769531 0.683696
0.770611 0.6875

0.771466 0.6875
0.772463 0.691406

0.772697 0.691406
0.772894 0.695312

0.772974 0.695312
0.77287 0.699219

0.772899 0.699219
0.772752 0.703125

0.77283 0.703125
0.772672 0.707031

0.773041 0.707031
0.772989 0.710938

0.771497 0.710938
0.771471 0.714844

0.771516 0.714844
0.771418 0.71875

0.771499 0.71875
0.771077 0.722656

0.770946 0.722656
0.770298 0.726562

0.770296 0.726562
0.769688 0.730469

0.769531 0.731178
0.769629 0.730469

