0.511719 0.812599
0.509989 0.816406

0.509804 0.816406
0.5101 0.820312

0.511719 0.822612
0.510278 0.820312

0.515625 0.809377
0.511981 0.8125

0.511719 0.812704
0.511835 0.8125

0.511719 0.822653
0.513338 0.824219

0.515625 0.825421
0.513617 0.824219

0.519531 0.807975
0.517838 0.808594

0.515625 0.809366
0.517452 0.808594

0.515625 0.825416
0.519531 0.82642

0.519531 0.807948
0.523438 0.807007

0.519531 0.826685
0.523438 0.827263

0.523438 0.807078
0.527344 0.8063

0.523438 0.826829
0.527344 0.827628

0.527344 0.805897
0.53125 0.805304

0.527344 0.82757
0.530314 0.828125

0.53125 0.828313
0.530149 0.828125

0.53125 0.805469
0.535156 0.805095

0.53125 0.82838
0.535156 0.829229

0.535156 0.80518
0.539062 0.80493

0.535156 0.82919
0.539062 0.83025

0.539062 0.804774
0.542969 0.804762

0.539062 0.830343
0.542969 0.831632

0.542969 0.80491
0.546875 0.805241

0.542969 0.831654
0.544105 0.832031

0.546875 0.833187
0.543604 0.832031

0.546875 0.805151
0.550781 0.8059

0.546875 0.833394
0.550781 0.835085

0.550781 0.806188
0.554688 0.807107

0.550781 0.835117
0.552926 0.835938

0.554688 0.836696
0.552592 0.835938

0.554688 0.807066
0.558594 0.807946

0.554688 0.836682
0.558594 0.838079

0.558594 0.808057
0.561562 0.808594

0.5625 0.808782
0.561276 0.808594

0.558594 0.838162
0.5625 0.839493

0.5625 0.808628
0.566406 0.809642

0.5625 0.83953
0.563645 0.839844

0.566406 0.840745
0.563251 0.839844

0.566406 0.809558
0.570312 0.810507

0.566406 0.840947
0.570312 0.841814

0.574219 0.479136
0.572557 0.480469

0.572218 0.480469
0.570801 0.484375

0.571598 0.484375
0.573587 0.488281

0.574219 0.489567
0.573008 0.488281

0.570312 0.810749
0.574219 0.811317

0.570312 0.841933
0.574219 0.842833

0.574219 0.479354
0.578125 0.478148

0.574219 0.489305
0.578125 0.490955

0.574219 0.81135
0.578125 0.811966

0.574219 0.842671
0.578125 0.843693

0.578125 0.478561
0.582031 0.478662

0.578125 0.490189
0.582031 0.490127

0.578125 0.812007
0.581864 0.8125

0.582031 0.812523
0.581811 0.8125

0.578125 0.843698
0.578448 0.84375

0.582031 0.844439
0.578255 0.84375

0.582031 0.478797
0.585938 0.479109

0.582031 0.490011
0.585938 0.490002

0.582031 0.812566
0.585938 0.813093

0.582031 0.84445
0.585938 0.845228

0.585938 0.479107
0.589844 0.479362

0.585938 0.490082
0.589844 0.4902

0.585938 0.812956
0.589844 0.8135

0.585938 0.845375
0.589844 0.8459

0.589844 0.479336
0.59375 0.479589

0.589844 0.491524
0.59375 0.491637

0.589844 0.813182
0.59375 0.813638

0.589844 0.846064
0.59375 0.846781

0.59375 0.479583
0.597656 0.479897

0.59375 0.49099
0.597656 0.491384

0.59375 0.813056
0.597656 0.812971

0.59375 0.846595
0.597656 0.847559

0.597656 0.479909
0.601562 0.480274

0.597656 0.491044
0.601562 0.491609

0.597656 0.813221
0.601562 0.813014

0.597656 0.847565
0.598249 0.847656

0.601562 0.848258
0.598071 0.847656

0.601562 0.480308
0.603359 0.480469

0.605469 0.480708
0.603111 0.480469

0.601562 0.491332
0.605469 0.491862

0.601562 0.812996
0.605469 0.812909

0.601562 0.848272
0.605469 0.849047

0.605469 0.480703
0.609375 0.481305

0.605469 0.491792
0.608074 0.492188

0.609375 0.492469
0.607642 0.492188

0.605469 0.812979
0.609375 0.813219

0.605469 0.849237
0.609375 0.849705

0.609375 0.481095
0.613281 0.481778

0.609375 0.492563
0.613281 0.493502

0.609375 0.813355
0.613281 0.813801

0.609375 0.849323
0.613281 0.849869

0.613281 0.481365
0.617188 0.481865

0.613281 0.493551
0.617188 0.49454

0.613281 0.814452
0.617188 0.81449

0.613281 0.85018
0.617188 0.851134

0.617188 0.48244
0.621094 0.483006

0.617188 0.494591
0.621094 0.495635

0.617188 0.814432
0.621094 0.814511

0.617188 0.851187
0.619362 0.851562

0.621094 0.851856
0.619114 0.851562

0.621094 0.483107
0.625 0.483992

0.621094 0.495655
0.622801 0.496094

0.625 0.496763
0.622508 0.496094

0.621094 0.814545
0.625 0.814714

0.621094 0.851867
0.625 0.852394

0.625 0.484046
0.626305 0.484375

0.628906 0.485172
0.626147 0.484375

0.625 0.496883
0.628906 0.498074

0.625 0.814734
0.628906 0.814887

0.625 0.852403
0.628906 0.852858

0.628906 0.485204
0.632812 0.486381

0.628906 0.498127
0.632812 0.499403

0.628906 0.814894
0.632812 0.814977

0.628906 0.852867
0.632812 0.853216

0.632812 0.48643
0.636719 0.48752

0.632812 0.499399
0.634567 0.5

0.636719 0.500838
0.634375 0.5

0.632812 0.814962
0.636719 0.814989

0.632812 0.853221
0.636719 0.853437

0.636719 0.487673
0.638613 0.488281

0.640625 0.48902
0.638442 0.488281

0.636719 0.500975
0.640625 0.502649

0.636719 0.814983
0.640625 0.814993

0.636719 0.853438
0.640625 0.853506

0.640625 0.4891
0.644531 0.490379

0.640625 0.502704
0.643597 0.503906

0.644531 0.504392
0.643317 0.503906

0.640625 0.815
0.644531 0.814992

0.640625 0.853501
0.644531 0.853432

0.644531 0.490464
0.648438 0.491432

0.644531 0.504466
0.648438 0.506294

0.644531 0.815
0.648438 0.814944

0.644531 0.853417
0.648438 0.853253

0.648438 0.491487
0.651481 0.492188

0.652344 0.492435
0.651212 0.492188

0.648438 0.506368
0.651505 0.507812

0.652344 0.508348
0.651215 0.507812

0.648438 0.814966
0.652344 0.814801

0.648438 0.853238
0.652344 0.853037

0.652344 0.492515
0.65625 0.493548

0.652344 0.508422
0.65625 0.510491

0.652344 0.814748
0.65625 0.814536

0.652344 0.853039
0.65625 0.852827

0.65625 0.49314
0.660156 0.49434

0.65625 0.510591
0.658427 0.511719

0.660156 0.512719
0.658235 0.511719

0.65625 0.814507
0.660156 0.814414

0.65625 0.852848
0.660156 0.852579

0.660156 0.494745
0.663771 0.496094

0.664062 0.496341
0.663409 0.496094

0.660156 0.512842
0.664062 0.515091

0.660156 0.814458
0.664062 0.814455

0.660156 0.852587
0.664062 0.852202

0.664062 0.496431
0.667969 0.498413

0.664062 0.515175
0.664785 0.515625

0.667969 0.517584
0.664772 0.515625

0.664062 0.814619
0.667969 0.814292

0.667969 0.851555
0.667877 0.851562

0.664062 0.852166
0.667969 0.851721

0.667969 0.4985
0.670641 0.5

0.671875 0.500857
0.670404 0.5

0.667969 0.517722
0.670748 0.519531

0.671875 0.520382
0.670617 0.519531

0.667969 0.813932
0.671875 0.813146

0.667969 0.851501
0.671875 0.851337

0.667969 0.851675
0.669889 0.851562

0.671875 0.500973
0.675781 0.503498

0.671875 0.520425
0.675781 0.523162

0.671875 0.813251
0.675781 0.812514

0.671875 0.851515
0.675781 0.851368

0.675781 0.503633
0.676171 0.503906

0.679688 0.506322
0.676169 0.503906

0.675781 0.52331
0.675946 0.523438

0.679688 0.526287
0.675945 0.523438

0.679688 0.811876
0.67613 0.8125

0.675781 0.812519
0.67592 0.8125

0.675781 0.851526
0.679688 0.850731

0.679688 0.506446
0.68151 0.507812

0.683594 0.509402
0.681509 0.507812

0.679688 0.526418
0.68081 0.527344

0.683594 0.529621
0.680814 0.527344

0.679688 0.811754
0.683594 0.810955

0.679688 0.850705
0.683594 0.849941

0.683594 0.50944
0.686378 0.511719

0.6875 0.512743
0.686321 0.511719

0.683594 0.529684
0.685421 0.53125

0.6875 0.533065
0.685414 0.53125

0.683594 0.81103
0.6875 0.810207

0.683594 0.849677
0.6875 0.849522

0.6875 0.512763
0.690668 0.515625

0.691406 0.51642
0.690564 0.515625

0.6875 0.533087
0.689804 0.535156

0.691406 0.53665
0.689789 0.535156

0.6875 0.81011
0.691406 0.809078

0.6875 0.849658
0.691406 0.849409

0.691406 0.516443
0.69476 0.519531

0.695312 0.520168
0.69462 0.519531

0.691406 0.536657
0.693929 0.539062

0.695312 0.540434
0.693921 0.539062

0.695312 0.807926
0.692774 0.808594

0.691406 0.809034
0.693126 0.808594

0.691406 0.849315
0.695312 0.848889

0.695312 0.520186
0.699175 0.523438

0.699219 0.523589
0.699036 0.523438

0.695312 0.54043
0.697802 0.542969

0.699219 0.544456
0.69781 0.542969

0.695312 0.807718
0.699219 0.80682

0.695312 0.848868
0.699219 0.848495

0.699219 0.523588
0.703125 0.526543

0.699219 0.544443
0.701442 0.546875

0.703125 0.548781
0.701459 0.546875

0.699219 0.806681
0.703125 0.805664

0.699219 0.848501
0.703125 0.84821

0.703125 0.526613
0.704108 0.527344

0.707031 0.529446
0.70412 0.527344

0.703125 0.548744
0.704862 0.550781

0.707031 0.553466
0.704877 0.550781

0.707031 0.804611
0.706752 0.804688

0.703125 0.805847
0.706821 0.804688

0.703125 0.848216
0.707031 0.847983

0.707031 0.529491
0.709322 0.53125

0.710938 0.532535
0.709339 0.53125

0.707031 0.553356
0.708101 0.554688

0.710938 0.55842
0.708112 0.554688

0.707031 0.804495
0.710938 0.803365

0.707031 0.847982
0.710938 0.847797

0.710938 0.532534
0.713841 0.535156

0.714844 0.536167
0.713842 0.535156

0.710938 0.558228
0.711224 0.558594

0.711221 0.558594
0.714107 0.5625

0.714844 0.563317
0.714231 0.5625

0.710938 0.803448
0.714844 0.802108

0.710938 0.847763
0.714844 0.847696

0.714844 0.536158
0.717426 0.539062

0.71875 0.540769
0.717413 0.539062

0.714844 0.563311
0.717078 0.566406

0.71875 0.568593
0.71716 0.566406

0.71875 0.800511
0.717945 0.800781

0.714844 0.801943
0.718121 0.800781

0.714844 0.847709
0.71875 0.847801

0.71875 0.540751
0.72042 0.542969

0.722656 0.546058
0.720396 0.542969

0.71875 0.568491
0.720086 0.570312

0.722656 0.573862
0.720118 0.570312

0.71875 0.800476
0.722656 0.798831

0.71875 0.848026
0.722656 0.8478

0.722656 0.545998
0.72333 0.546875

0.723321 0.546875
0.726556 0.550781

0.722656 0.573619
0.723106 0.574219

0.723105 0.574219
0.725832 0.578125

0.726562 0.57896
0.726009 0.578125

0.722656 0.798735
0.726562 0.796885

0.726562 0.846065
0.722947 0.847656

0.722656 0.847957
0.723597 0.847656

0.726562 0.550663
0.726671 0.550781

0.72667 0.550781
0.730441 0.554688

0.726562 0.578913
0.728517 0.582031

0.730469 0.585238
0.728581 0.582031

0.726562 0.796737
0.730469 0.79451

0.726562 0.796883
0.726576 0.796875

0.730469 0.842437
0.728837 0.84375

0.726562 0.845987
0.729588 0.84375

0.730469 0.554581
0.730578 0.554688

0.734375 0.558452
0.730576 0.554688

0.730469 0.585015
0.731026 0.585938

0.731028 0.585938
0.73326 0.589844

0.734375 0.591752
0.73341 0.589844

0.734375 0.79164
0.732503 0.792969

0.730469 0.794488
0.732709 0.792969

0.734375 0.83982
0.734328 0.839844

0.730469 0.84223
0.734331 0.839844

0.734375 0.558303
0.734662 0.558594

0.734673 0.558594
0.738155 0.5625

0.738281 0.562518
0.738266 0.5625

0.734375 0.591516
0.73549 0.59375

0.735562 0.59375
0.737513 0.597656

0.738281 0.599241
0.737574 0.597656

0.738281 0.788279
0.737414 0.789062

0.734375 0.791628
0.737465 0.789062

0.738281 0.838553
0.734588 0.839844

0.738281 0.562512
0.741118 0.566406

0.742188 0.568046
0.741172 0.566406

0.738281 0.599011
0.739425 0.601562

0.73952 0.601562
0.741396 0.605469

0.742188 0.607162
0.741439 0.605469

0.742188 0.784337
0.741408 0.785156

0.738281 0.788258
0.741438 0.785156

0.738281 0.838886
0.742188 0.837721

0.742188 0.567907
0.743629 0.570312

0.743657 0.570312
0.745861 0.574219

0.746094 0.574429
0.745972 0.574219

0.742188 0.606822
0.743326 0.609375

0.743434 0.609375
0.745263 0.613281

0.746094 0.615261
0.745239 0.613281

0.746094 0.780026
0.744996 0.78125

0.742188 0.784331
0.745003 0.78125

0.742188 0.837435
0.746094 0.836373

0.746094 0.574428
0.748203 0.578125

0.75 0.580964
0.748298 0.578125

0.746094 0.614875
0.747113 0.617188

0.747299 0.617188
0.74907 0.621094

0.75 0.623672
0.749036 0.621094

0.75 0.775602
0.748525 0.777344

0.746094 0.780066
0.74847 0.777344

0.75 0.834999
0.747109 0.835938

0.746094 0.836332
0.747448 0.835938

0.75 0.580707
0.750823 0.582031

0.750889 0.582031
0.753429 0.585938

0.753906 0.586441
0.753559 0.585938

0.75 0.623314
0.750626 0.625

0.750655 0.625
0.752128 0.628906

0.752238 0.628906
0.753486 0.632812

0.753906 0.634138
0.753532 0.632812

0.753906 0.770604
0.751946 0.773438

0.75 0.775644
0.75179 0.773438

0.75 0.83515
0.753906 0.833314

0.753906 0.586413
0.756183 0.589844

0.757812 0.592221
0.756293 0.589844

0.753906 0.633998
0.754736 0.636719

0.754725 0.636719
0.755859 0.640625

0.755944 0.640625
0.756901 0.644531

0.757812 0.647732
0.75699 0.644531

0.757812 0.763739
0.757026 0.765625

0.756954 0.765625
0.754776 0.769531

0.753906 0.770603
0.754632 0.769531

0.757812 0.830396
0.755416 0.832031

0.753906 0.833258
0.755855 0.832031

0.757812 0.591888
0.758999 0.59375

0.759038 0.59375
0.76128 0.597656

0.761719 0.598294
0.76143 0.597656

0.757812 0.647266
0.7581 0.648438

0.758154 0.648438
0.759302 0.652344

0.759392 0.652344
0.760474 0.65625

0.760413 0.65625
0.761476 0.660156

0.761719 0.660312
0.761677 0.660156

0.761719 0.753138
0.761533 0.753906

0.761421 0.753906
0.760205 0.757812

0.760037 0.757812
0.758591 0.761719

0.757812 0.76387
0.758681 0.761719

0.761719 0.826611
0.760141 0.828125

0.757812 0.830418
0.760369 0.828125

0.761719 0.598131
0.763222 0.601562

0.763344 0.601562
0.764924 0.605469

0.765625 0.607708
0.764942 0.605469

0.761719 0.660319
0.762836 0.664062

0.762627 0.664062
0.763399 0.667969

0.763589 0.667969
0.764005 0.671875

0.764082 0.671875
0.764675 0.675781

0.764721 0.675781
0.765244 0.679688

0.765251 0.679688
0.765597 0.683594

0.765625 0.684061
0.7656 0.683594

0.765625 0.738093
0.7656 0.738281

0.765588 0.738281
0.764734 0.742188

0.764622 0.742188
0.76362 0.746094

0.763424 0.746094
0.762412 0.75

0.761719 0.753439
0.762604 0.75

0.765625 0.822972
0.764096 0.824219

0.761719 0.826421
0.76421 0.824219

0.765625 0.607462
0.766158 0.609375

0.766198 0.609375
0.767191 0.613281

0.767301 0.613281
0.768602 0.617188

0.769531 0.61966
0.768533 0.617188

0.765625 0.684187
0.765841 0.6875

0.765802 0.6875
0.766168 0.691406

0.766016 0.691406
0.766627 0.695312

0.766433 0.695312
0.767128 0.699219

0.767659 0.699219
0.768018 0.703125

0.767923 0.703125
0.768011 0.707031

0.768001 0.707031
0.768028 0.710938

0.76807 0.710938
0.767972 0.714844

0.767922 0.714844
0.767717 0.71875

0.767671 0.71875
0.767552 0.722656

0.767674 0.722656
0.76749 0.726562

0.766927 0.726562
0.766404 0.730469

0.766707 0.730469
0.766064 0.734375

0.766254 0.734375
0.765665 0.738281

0.765625 0.822877
0.769531 0.8205

0.769531 0.619575
0.770149 0.621094

0.770239 0.621094
0.772228 0.625

0.773438 0.627162
0.772342 0.625

0.773438 0.818703
0.770196 0.820312

0.769531 0.820506
0.769931 0.820312

0.773438 0.626605
0.774588 0.628906

0.77475 0.628906
0.776613 0.632812

0.777344 0.63501
0.776574 0.632812

0.777344 0.815725
0.776827 0.816406

0.773438 0.818985
0.776756 0.816406

0.777344 0.634503
0.778065 0.636719

0.778088 0.636719
0.779148 0.640625

0.779253 0.640625
0.780412 0.644531

0.78125 0.647602
0.780415 0.644531

0.78125 0.803331
0.7808 0.804688

0.780852 0.804688
0.779948 0.808594

0.780421 0.808594
0.779306 0.8125

0.777344 0.815747
0.77919 0.8125

0.78125 0.64759
0.78144 0.648438

0.781453 0.648438
0.7823 0.652344

0.782318 0.652344
0.78321 0.65625

0.783216 0.65625
0.784474 0.660156

0.785156 0.6615
0.784659 0.660156

0.785156 0.796625
0.784925 0.796875

0.784933 0.796875
0.782245 0.800781

0.78125 0.8033
0.78222 0.800781

0.785156 0.6615
0.786117 0.664062

0.786192 0.664062
0.787857 0.667969

0.789062 0.671033
0.787975 0.667969

0.789062 0.792832
0.788951 0.792969

0.788931 0.792969
0.785468 0.796875

0.789062 0.669983
0.789665 0.671875

0.789666 0.671875
0.790477 0.675781

0.790435 0.675781
0.790713 0.679688

0.790609 0.679688
0.790644 0.683594

0.790639 0.683594
0.790648 0.6875

0.790656 0.6875
0.790633 0.691406

0.790517 0.691406
0.790677 0.695312

0.790359 0.695312
0.79157 0.699219

0.792969 0.702253
0.791277 0.699219

0.792969 0.786057
0.791922 0.789062

0.79195 0.789062
0.789416 0.792969

0.792969 0.699173
0.792989 0.699219

0.793018 0.699219
0.79508 0.703125

0.795429 0.703125
0.796059 0.707031

0.796258 0.707031
0.796105 0.710938

0.794904 0.710938
0.794918 0.714844

0.795464 0.714844
0.795983 0.71875

0.795534 0.71875
0.796504 0.722656

0.796875 0.724122
0.796674 0.722656

0.796875 0.764986
0.796804 0.765625

0.796772 0.765625
0.795954 0.769531

0.796108 0.769531
0.7954 0.773438

0.795968 0.773438
0.795424 0.777344

0.794585 0.777344
0.793914 0.78125

0.793971 0.78125
0.793225 0.785156

0.792969 0.786074
0.793228 0.785156

0.796875 0.723777
0.797138 0.726562

0.797066 0.726562
0.797139 0.730469

0.797076 0.730469
0.797114 0.734375

0.797122 0.734375
0.797236 0.738281

0.797255 0.738281
0.79739 0.742188

0.797395 0.742188
0.797503 0.746094

0.797485 0.746094
0.797592 0.75

0.797633 0.75
0.797691 0.753906

0.797703 0.753906
0.797606 0.757812

0.797619 0.757812
0.797315 0.761719

0.796875 0.765183
0.797266 0.761719

