0.609375 0.727673
0.608723 0.730469

0.608623 0.730469
0.607716 0.734375

0.607047 0.734375
0.606386 0.738281

0.60649 0.738281
0.606112 0.742188

0.606196 0.742188
0.605961 0.746094

0.606059 0.746094
0.605867 0.75

0.605851 0.75
0.605753 0.753906

0.605738 0.753906
0.605829 0.757812

0.605921 0.757812
0.606251 0.761719

0.606146 0.761719
0.60668 0.765625

0.6071 0.765625
0.607827 0.769531

0.607832 0.769531
0.608763 0.773438

0.609375 0.775487
0.608865 0.773438

0.613281 0.71627
0.612449 0.71875

0.612344 0.71875
0.610983 0.722656

0.610913 0.722656
0.609713 0.726562

0.609375 0.727744
0.609644 0.726562

0.609375 0.775333
0.609902 0.777344

0.609894 0.777344
0.611335 0.78125

0.611492 0.78125
0.613109 0.785156

0.613281 0.785297
0.613213 0.785156

0.617188 0.707506
0.615687 0.710938

0.615489 0.710938
0.613815 0.714844

0.613281 0.716334
0.613782 0.714844

0.613281 0.785245
0.615194 0.789062

0.617188 0.792261
0.615327 0.789062

0.621094 0.700402
0.619656 0.703125

0.619488 0.703125
0.617505 0.707031

0.617188 0.707499
0.61739 0.707031

0.617188 0.792212
0.617655 0.792969

0.617746 0.792969
0.620539 0.796875

0.621094 0.797443
0.62062 0.796875

0.625 0.69433
0.624358 0.695312

0.624229 0.695312
0.621884 0.699219

0.621094 0.700426
0.621745 0.699219

0.621094 0.797415
0.624086 0.800781

0.625 0.801647
0.624135 0.800781

0.628906 0.68874
0.627022 0.691406

0.625 0.694328
0.626882 0.691406

0.625 0.801635
0.628416 0.804688

0.628906 0.805437
0.628024 0.804688

0.632812 0.683738
0.629924 0.6875

0.628906 0.688741
0.629825 0.6875

0.628906 0.805521
0.632812 0.807973

0.636719 0.679358
0.636417 0.679688

0.636342 0.679688
0.633037 0.683594

0.632812 0.683797
0.632981 0.683594

0.632812 0.807808
0.634418 0.808594

0.636719 0.809486
0.635029 0.808594

0.640625 0.675272
0.640112 0.675781

0.636719 0.679366
0.640113 0.675781

0.636719 0.809477
0.640559 0.8125

0.640625 0.813698
0.639366 0.8125

0.644531 0.671563
0.644187 0.671875

0.640625 0.675272
0.644276 0.671875

0.640625 0.813719
0.644531 0.81611

0.644531 0.671557
0.648438 0.668296

0.644531 0.815952
0.647199 0.816406

0.648438 0.816562
0.646831 0.816406

0.652344 0.665202
0.648678 0.667969

0.648438 0.668311
0.64886 0.667969

0.648438 0.816356
0.652344 0.816094

0.65625 0.662322
0.653735 0.664062

0.652344 0.665206
0.653942 0.664062

0.652344 0.816099
0.65625 0.815563

0.660156 0.65963
0.659343 0.660156

0.65625 0.66229
0.659603 0.660156

0.65625 0.815778
0.660156 0.815146

0.660156 0.659598
0.664062 0.657295

0.660156 0.815599
0.664062 0.815256

0.667969 0.655069
0.665653 0.65625

0.664062 0.657261
0.666016 0.65625

0.664062 0.816071
0.667969 0.816035

0.667969 0.654904
0.671875 0.652988

0.667969 0.814619
0.671875 0.814198

0.675781 0.6513
0.673288 0.652344

0.671875 0.653068
0.673611 0.652344

0.671875 0.814095
0.675781 0.813141

0.675781 0.651004
0.679688 0.649284

0.679688 0.811727
0.677441 0.8125

0.675781 0.81308
0.677651 0.8125

0.683594 0.647802
0.681947 0.648438

0.679688 0.649464
0.682318 0.648438

0.679688 0.8117
0.683594 0.809872

0.683594 0.647687
0.6875 0.646077

0.6875 0.807621
0.685597 0.808594

0.683594 0.809677
0.685785 0.808594

0.691406 0.644472
0.691199 0.644531

0.6875 0.645992
0.691406 0.644651

0.6875 0.807524
0.691406 0.805038

0.691406 0.644449
0.695312 0.643626

0.691406 0.644579
0.691639 0.644531

0.695312 0.801919
0.691641 0.804688

0.691406 0.804929
0.691729 0.804688

0.695312 0.643554
0.699219 0.643176

0.699219 0.798341
0.696497 0.800781

0.695312 0.80184
0.69654 0.800781

0.699219 0.643311
0.703125 0.643251

0.703125 0.794357
0.700693 0.796875

0.699219 0.798298
0.700676 0.796875

0.703125 0.643333
0.707031 0.643157

0.707031 0.789952
0.704446 0.792969

0.703125 0.794332
0.704384 0.792969

0.707031 0.643059
0.710938 0.642802

0.710931 0.785156
0.707884 0.789062

0.707031 0.789951
0.707785 0.789062

0.710938 0.642772
0.714844 0.64269

0.714844 0.780155
0.714049 0.78125

0.713923 0.78125
0.711063 0.785156

0.710938 0.785196
0.710969 0.785156

0.714844 0.642763
0.71875 0.642766

0.71875 0.774607
0.716924 0.777344

0.714844 0.780129
0.716783 0.777344

0.71875 0.64271
0.722656 0.64276

0.722656 0.769051
0.722342 0.769531

0.722239 0.769531
0.719707 0.773438

0.71875 0.774609
0.719549 0.773438

0.722656 0.642729
0.726562 0.642999

0.726562 0.762959
0.724951 0.765625

0.722656 0.769049
0.724787 0.765625

0.726562 0.643007
0.730469 0.643542

0.730469 0.756928
0.729942 0.757812

0.729884 0.757812
0.727529 0.761719

0.726562 0.762962
0.727328 0.761719

0.730469 0.64358
0.734375 0.644289

0.734375 0.750428
0.73239 0.753906

0.730469 0.756938
0.732221 0.753906

0.734375 0.644362
0.735218 0.644531

0.738281 0.645288
0.735146 0.644531

0.738281 0.744005
0.737143 0.746094

0.736991 0.746094
0.734758 0.75

0.734375 0.750433
0.734628 0.75

0.738281 0.645217
0.742188 0.646502

0.742188 0.737405
0.741721 0.738281

0.74166 0.738281
0.739487 0.742188

0.738281 0.744028
0.739283 0.742188

0.742188 0.646653
0.746094 0.648134

0.746094 0.730409
0.746063 0.730469

0.746018 0.730469
0.743959 0.734375

0.742188 0.73744
0.743799 0.734375

0.746094 0.6483
0.746385 0.648438

0.75 0.650233
0.746386 0.648438

0.75 0.723103
0.748306 0.726562

0.748146 0.726562
0.746146 0.730469

0.75 0.650235
0.753169 0.652344

0.753906 0.652949
0.753101 0.652344

0.753906 0.715362
0.752395 0.71875

0.752249 0.71875
0.750345 0.722656

0.75 0.72308
0.750205 0.722656

0.753906 0.652965
0.757265 0.65625

0.757812 0.656891
0.757294 0.65625

0.757812 0.706892
0.757765 0.707031

0.757689 0.707031
0.756091 0.710938

0.755969 0.710938
0.75425 0.714844

0.753906 0.715325
0.754113 0.714844

0.757812 0.656888
0.760116 0.660156

0.761719 0.663199
0.760163 0.660156

0.761719 0.696419
0.760884 0.699219

0.760977 0.699219
0.759509 0.703125

0.757812 0.706983
0.759234 0.703125

0.761719 0.663084
0.762193 0.664062

0.762239 0.664062
0.76382 0.667969

0.763972 0.667969
0.765201 0.671875

0.765625 0.674629
0.76523 0.671875

0.765625 0.679082
0.76561 0.679688

0.765536 0.679688
0.765079 0.683594

0.765207 0.683594
0.764476 0.6875

0.764734 0.6875
0.763736 0.691406

0.763293 0.691406
0.762159 0.695312

0.761719 0.696398
0.762017 0.695312

0.765625 0.675228
0.76567 0.675781

0.765625 0.679167
0.765668 0.675781

