0.515625 0.762124
0.515138 0.765625

0.515116 0.765625
0.514564 0.769531

0.514513 0.769531
0.514097 0.773438

0.514092 0.773438
0.513924 0.777344

0.513973 0.777344
0.513962 0.78125

0.513987 0.78125
0.513985 0.785156

0.513943 0.785156
0.513984 0.789062

0.51394 0.789062
0.514195 0.792969

0.514255 0.792969
0.514689 0.796875

0.514755 0.796875
0.515116 0.800781

0.514991 0.800781
0.515397 0.804688

0.515625 0.805847
0.515406 0.804688

0.519531 0.746564
0.518639 0.75

0.518538 0.75
0.517532 0.753906

0.51731 0.753906
0.516368 0.757812

0.516553 0.757812
0.515736 0.761719

0.515625 0.762211
0.515688 0.761719

0.515625 0.805624
0.516365 0.808594

0.516324 0.808594
0.517972 0.8125

0.519531 0.815222
0.518239 0.8125

0.523438 0.735123
0.522388 0.738281

0.522298 0.738281
0.520969 0.742188

0.520938 0.742188
0.519763 0.746094

0.519531 0.7466
0.519652 0.746094

0.519531 0.814912
0.520256 0.816406

0.520223 0.816406
0.52244 0.820312

0.523438 0.821659
0.522605 0.820312

0.527344 0.725929
0.527098 0.726562

0.526935 0.726562
0.52538 0.730469

0.525313 0.730469
0.523819 0.734375

0.523438 0.735166
0.523691 0.734375

0.523438 0.821507
0.525116 0.824219

0.527344 0.827282
0.525173 0.824219

0.53125 0.717528
0.53071 0.71875

0.530574 0.71875
0.528784 0.722656

0.527344 0.725973
0.528693 0.722656

0.527344 0.827152
0.528085 0.828125

0.53125 0.831911
0.528081 0.828125

0.535156 0.710082
0.534722 0.710938

0.534581 0.710938
0.532604 0.714844

0.53125 0.717585
0.532485 0.714844

0.53125 0.831801
0.531462 0.832031

0.535156 0.835787
0.53142 0.832031

0.538995 0.703125
0.536849 0.707031

0.535156 0.71011
0.536721 0.707031

0.535156 0.835743
0.535365 0.835938

0.539062 0.839184
0.535294 0.835938

0.542969 0.696932
0.541581 0.699219

0.541452 0.699219
0.539162 0.703125

0.539062 0.703241
0.539129 0.703125

0.539062 0.839222
0.539827 0.839844

0.542969 0.842248
0.539768 0.839844

0.546875 0.69131
0.546808 0.691406

0.546654 0.691406
0.544129 0.695312

0.542969 0.696995
0.544007 0.695312

0.542969 0.842371
0.545063 0.84375

0.546875 0.84492
0.545064 0.84375

0.550781 0.685832
0.549574 0.6875

0.546875 0.691311
0.549451 0.6875

0.546875 0.84507
0.550781 0.847297

0.554688 0.680716
0.552494 0.683594

0.550781 0.685826
0.552403 0.683594

0.550781 0.847404
0.551309 0.847656

0.554688 0.849255
0.551297 0.847656

0.558594 0.676012
0.555585 0.679688

0.554688 0.680765
0.555549 0.679688

0.554688 0.849392
0.558594 0.851154

0.562393 0.671875
0.558892 0.675781

0.558594 0.676108
0.55888 0.675781

0.558594 0.851242
0.559443 0.851562

0.5625 0.852742
0.559457 0.851562

0.566406 0.667904
0.566344 0.667969

0.566214 0.667969
0.562513 0.671875

0.5625 0.671888
0.562512 0.671875

0.5625 0.853017
0.566406 0.854669

0.570312 0.663728
0.570014 0.664062

0.566406 0.667904
0.56993 0.664062

0.566406 0.854593
0.568717 0.855469

0.570312 0.856082
0.56868 0.855469

0.574219 0.65906
0.573299 0.660156

0.570312 0.663718
0.57332 0.660156

0.570312 0.856207
0.574219 0.8579

0.578125 0.654619
0.576498 0.65625

0.574219 0.659033
0.576664 0.65625

0.574219 0.85802
0.577602 0.859375

0.578125 0.859585
0.577573 0.859375

0.582031 0.651525
0.580856 0.652344

0.578125 0.654616
0.58106 0.652344

0.578125 0.859753
0.582031 0.861288

0.582031 0.651602
0.585938 0.649445

0.582031 0.861403
0.585938 0.862836

0.589844 0.647485
0.58804 0.648438

0.585938 0.649533
0.588084 0.648438

0.585938 0.862959
0.587206 0.863281

0.589844 0.863942
0.587106 0.863281

0.59375 0.644386
0.593568 0.644531

0.589844 0.647407
0.59375 0.644719

0.589844 0.864112
0.59375 0.864666

0.597656 0.640595
0.597619 0.640625

0.59375 0.644371
0.597656 0.641296

0.59375 0.864526
0.597656 0.864654

0.597656 0.640591
0.601562 0.638655

0.597656 0.64095
0.598216 0.640625

0.597656 0.864625
0.601562 0.864666

0.601562 0.638268
0.605469 0.637561

0.601562 0.864657
0.605469 0.864688

0.605469 0.636984
0.609375 0.637013

0.605469 0.864688
0.609375 0.864725

0.609375 0.637397
0.613281 0.637637

0.609375 0.864749
0.613281 0.864744

0.613281 0.63861
0.617188 0.638795

0.617188 0.726884
0.616924 0.730469

0.616977 0.730469
0.616684 0.734375

0.616846 0.734375
0.616606 0.738281

0.61679 0.738281
0.616603 0.742188

0.616774 0.742188
0.616629 0.746094

0.616804 0.746094
0.616709 0.75

0.616904 0.75
0.616863 0.753906

0.616783 0.753906
0.616847 0.757812

0.616669 0.757812
0.616787 0.761719

0.616677 0.761719
0.616801 0.765625

0.616625 0.765625
0.616802 0.769531

0.616612 0.769531
0.61685 0.773438

0.616671 0.773438
0.61699 0.777344

0.617188 0.779953
0.616972 0.777344

0.613281 0.86474
0.617188 0.864651

0.617188 0.638661
0.621094 0.639026

0.621094 0.698073
0.620941 0.699219

0.620896 0.699219
0.62026 0.703125

0.620494 0.703125
0.619848 0.707031

0.620218 0.707031
0.619653 0.710938

0.619002 0.710938
0.618526 0.714844

0.618523 0.714844
0.618086 0.71875

0.618105 0.71875
0.617678 0.722656

0.617643 0.722656
0.617258 0.726562

0.617188 0.726998
0.617215 0.726562

0.617188 0.779747
0.617312 0.78125

0.617373 0.78125
0.61783 0.785156

0.617851 0.785156
0.61832 0.789062

0.618278 0.789062
0.618801 0.792969

0.618781 0.792969
0.619482 0.796875

0.619789 0.796875
0.620527 0.800781

0.620327 0.800781
0.620931 0.804688

0.621094 0.806061
0.620909 0.804688

0.617188 0.864633
0.621094 0.864503

0.621094 0.638704
0.625 0.640161

0.625 0.677122
0.624585 0.679688

0.624611 0.679688
0.623834 0.683594

0.624168 0.683594
0.623404 0.6875

0.622949 0.6875
0.622246 0.691406

0.622266 0.691406
0.621588 0.695312

0.621094 0.698225
0.621522 0.695312

0.621094 0.805891
0.621524 0.808594

0.621607 0.808594
0.622496 0.8125

0.622456 0.8125
0.623545 0.816406

0.623726 0.816406
0.624778 0.820312

0.625 0.821491
0.624774 0.820312

0.621094 0.86455
0.625 0.86432

0.625 0.640364
0.625348 0.640625

0.625738 0.640625
0.628751 0.644531

0.628906 0.647808
0.628257 0.644531

0.628785 0.648438
0.628847 0.652344

0.628856 0.652344
0.628674 0.65625

0.628705 0.65625
0.628232 0.660156

0.628366 0.660156
0.627693 0.664062

0.628004 0.664062
0.627276 0.667969

0.626712 0.667969
0.626001 0.671875

0.626009 0.671875
0.625311 0.675781

0.625 0.677214
0.625217 0.675781

0.625 0.821329
0.625598 0.824219

0.625614 0.824219
0.626676 0.828125

0.626923 0.828125
0.628167 0.832031

0.628906 0.83494
0.62814 0.832031

0.625 0.864478
0.628906 0.863737

0.628906 0.835155
0.629085 0.835938

0.629148 0.835938
0.630157 0.839844

0.630107 0.839844
0.63142 0.84375

0.632812 0.847442
0.63168 0.84375

0.632812 0.860915
0.630226 0.863281

0.628906 0.864022
0.630357 0.863281

0.632812 0.847441
0.632866 0.847656

0.632974 0.847656
0.633712 0.851562

0.633799 0.851562
0.634145 0.855469

0.634377 0.855469
0.63369 0.859375

0.632812 0.861163
0.633892 0.859375

