0.480469 0.807733
0.480348 0.808594

0.480276 0.808594
0.47985 0.8125

0.479874 0.8125
0.479605 0.816406

0.479599 0.816406
0.479452 0.820312

0.479435 0.820312
0.479457 0.824219

0.479461 0.824219
0.479679 0.828125

0.479706 0.828125
0.480055 0.832031

0.480469 0.835844
0.480055 0.832031

0.484366 0.789062
0.483397 0.792969

0.483278 0.792969
0.482547 0.796875

0.482749 0.796875
0.482101 0.800781

0.481873 0.800781
0.481014 0.804688

0.480469 0.807972
0.481053 0.804688

0.480469 0.835722
0.480491 0.835938

0.480524 0.835938
0.481344 0.839844

0.481214 0.839844
0.482194 0.84375

0.482328 0.84375
0.483463 0.847656

0.484375 0.849937
0.483518 0.847656

0.488281 0.777252
0.488255 0.777344

0.488097 0.777344
0.486949 0.78125

0.486971 0.78125
0.485775 0.785156

0.485696 0.785156
0.484542 0.789062

0.484375 0.789676
0.484513 0.789062

0.484375 0.849585
0.485171 0.851562

0.485252 0.851562
0.487508 0.855469

0.488281 0.85656
0.487517 0.855469

0.492188 0.765305
0.492095 0.765625

0.491946 0.765625
0.490809 0.769531

0.490891 0.769531
0.489641 0.773438

0.488281 0.777272
0.489501 0.773438

0.488281 0.856186
0.490506 0.859375

0.492188 0.861497
0.490517 0.859375

0.496094 0.754273
0.49491 0.757812

0.494901 0.757812
0.493478 0.761719

0.492188 0.765359
0.493371 0.761719

0.492188 0.861418
0.493714 0.863281

0.496094 0.865882
0.493679 0.863281

0.5 0.743541
0.498964 0.746094

0.499037 0.746094
0.497745 0.75

0.497747 0.75
0.496438 0.753906

0.496094 0.754859
0.496395 0.753906

0.496094 0.865903
0.497424 0.867188

0.5 0.869394
0.497446 0.867188

0.503906 0.737867
0.50344 0.738281

0.503786 0.738281
0.500555 0.742188

0.5 0.743439
0.500558 0.742188

0.5 0.869474
0.502226 0.871094

0.503906 0.872246
0.502274 0.871094

0.503906 0.737738
0.507812 0.736181

0.503906 0.872358
0.507812 0.87479

0.507812 0.736515
0.511719 0.736806

0.507812 0.874859
0.508056 0.875

0.511719 0.877095
0.507907 0.875

0.511719 0.73698
0.515625 0.738103

0.511719 0.877204
0.515113 0.878906

0.515625 0.879163
0.515109 0.878906

0.519531 0.740306
0.515781 0.738281

0.515625 0.879339
0.519531 0.881199

0.519531 0.740469
0.521749 0.742188

0.523438 0.743619
0.521807 0.742188

0.519531 0.881264
0.523161 0.882812

0.523438 0.88293
0.52315 0.882812

0.523438 0.743756
0.525617 0.746094

0.527344 0.748265
0.525728 0.746094

0.523438 0.883137
0.527344 0.884697

0.527344 0.748325
0.528526 0.75

0.528648 0.75
0.530928 0.753906

0.53125 0.75452
0.530942 0.753906

0.527344 0.884766
0.53125 0.886249

0.53125 0.754428
0.532931 0.757812

0.533069 0.757812
0.534965 0.761719

0.535156 0.7621
0.53498 0.761719

0.53125 0.886373
0.532391 0.886719

0.535156 0.887577
0.532322 0.886719

0.535156 0.761951
0.536891 0.765625

0.537046 0.765625
0.538951 0.769531

0.539062 0.769743
0.538959 0.769531

0.535156 0.887641
0.539062 0.888822

0.539062 0.769534
0.540992 0.773438

0.542969 0.777091
0.541142 0.773438

0.539062 0.888895
0.542969 0.890078

0.542969 0.776894
0.543194 0.777344

0.54322 0.777344
0.545265 0.78125

0.546875 0.784097
0.545388 0.78125

0.542969 0.890153
0.544857 0.890625

0.546875 0.891126
0.544773 0.890625

0.546875 0.783837
0.54757 0.785156

0.547593 0.785156
0.549795 0.789062

0.550781 0.790649
0.549869 0.789062

0.546875 0.891174
0.550781 0.892177

0.550781 0.790397
0.552245 0.792969

0.552306 0.792969
0.554659 0.796875

0.554688 0.796919
0.554659 0.796875

0.550781 0.892615
0.554688 0.893614

0.554688 0.796696
0.554802 0.796875

0.554842 0.796875
0.557361 0.800781

0.558594 0.802543
0.557375 0.800781

0.554688 0.893229
0.558594 0.894218

0.558594 0.802292
0.560251 0.804688

0.5625 0.807768
0.56027 0.804688

0.558594 0.894299
0.559702 0.894531

0.5625 0.895221
0.55937 0.894531

0.5625 0.807617
0.56324 0.808594

0.563272 0.808594
0.566264 0.8125

0.566406 0.812677
0.566261 0.8125

0.5625 0.895288
0.566406 0.89616

0.566406 0.8125
0.569572 0.816406

0.570312 0.817249
0.569582 0.816406

0.566406 0.89674
0.570312 0.897496

0.570312 0.81714
0.573076 0.820312

0.574219 0.821555
0.573068 0.820312

0.570312 0.896993
0.574219 0.897861

0.574219 0.821497
0.576797 0.824219

0.578125 0.825564
0.576793 0.824219

0.574219 0.897865
0.576948 0.898438

0.578125 0.898696
0.576741 0.898438

0.578125 0.825563
0.580754 0.828125

0.582031 0.829323
0.580763 0.828125

0.578125 0.898761
0.582031 0.899527

0.582031 0.829374
0.584998 0.832031

0.585938 0.832847
0.585015 0.832031

0.582031 0.89958
0.585938 0.90021

0.585938 0.832949
0.589577 0.835938

0.589844 0.836155
0.589582 0.835938

0.585938 0.900785
0.589844 0.901411

0.589844 0.83626
0.59375 0.839269

0.589844 0.900971
0.59375 0.901758

0.59375 0.839337
0.594404 0.839844

0.597656 0.842289
0.594302 0.839844

0.59375 0.901628
0.597656 0.90233

0.597656 0.842413
0.599565 0.84375

0.601562 0.845122
0.599572 0.84375

0.597656 0.902337
0.59771 0.902344

0.597656 0.902405
0.601562 0.902992

0.601562 0.84526
0.605342 0.847656

0.605469 0.847739
0.605341 0.847656

0.601562 0.902997
0.605469 0.903621

0.605469 0.847842
0.609375 0.850222

0.605469 0.903695
0.609375 0.904197

0.609375 0.850391
0.611394 0.851562

0.613281 0.852687
0.61133 0.851562

0.609375 0.905002
0.613281 0.905404

0.613281 0.85282
0.617188 0.854986

0.613281 0.904897
0.617188 0.905508

0.617188 0.855053
0.61801 0.855469

0.621094 0.85708
0.617881 0.855469

0.617188 0.905247
0.621094 0.905951

0.621094 0.857213
0.625 0.859168

0.621094 0.905927
0.623723 0.90625

0.625 0.906402
0.62358 0.90625

0.625 0.859212
0.625358 0.859375

0.628906 0.861126
0.625089 0.859375

0.625 0.906444
0.628906 0.906918

0.628906 0.86121
0.632812 0.862971

0.628906 0.906927
0.632812 0.907401

0.632812 0.863031
0.633433 0.863281

0.636719 0.864759
0.633172 0.863281

0.632812 0.907395
0.636719 0.907862

0.636719 0.864839
0.640625 0.866531

0.636719 0.907951
0.640625 0.908244

0.640625 0.866655
0.642076 0.867188

0.644531 0.868154
0.641916 0.867188

0.640625 0.909436
0.644531 0.909569

0.644531 0.868038
0.648438 0.869478

0.644531 0.908931
0.648438 0.90935

0.648438 0.869697
0.652344 0.870947

0.648438 0.90903
0.652344 0.909604

0.652344 0.870987
0.652708 0.871094

0.65625 0.872372
0.652363 0.871094

0.652344 0.909401
0.65625 0.909844

0.65625 0.872434
0.660156 0.873863

0.65625 0.909758
0.660156 0.910118

0.660156 0.874002
0.663488 0.875

0.664062 0.875176
0.663381 0.875

0.660156 0.910136
0.660505 0.910156

0.664062 0.910435
0.660162 0.910156

0.664062 0.875176
0.667969 0.876285

0.664062 0.910447
0.667969 0.910747

0.667969 0.876355
0.671875 0.877564

0.667969 0.910752
0.671875 0.911039

0.671875 0.877633
0.675781 0.878692

0.671875 0.91104
0.675781 0.911303

0.675781 0.87874
0.676601 0.878906

0.679688 0.879629
0.676485 0.878906

0.675781 0.911303
0.679688 0.911542

0.679688 0.879542
0.683594 0.880417

0.679688 0.911541
0.683594 0.911757

0.683594 0.880533
0.6875 0.881351

0.683594 0.911754
0.6875 0.911953

0.6875 0.881394
0.691406 0.882299

0.6875 0.911986
0.691406 0.912109

0.691406 0.882399
0.693658 0.882812

0.695312 0.883172
0.693235 0.882812

0.691406 0.912093
0.695312 0.912109

0.695312 0.883065
0.699219 0.884022

0.695312 0.912073
0.699219 0.912085

0.699219 0.883775
0.703125 0.884603

0.699219 0.913696
0.703125 0.913731

0.703125 0.88495
0.707031 0.885515

0.703125 0.913533
0.707031 0.913607

0.707031 0.885551
0.710938 0.886207

0.707031 0.913365
0.710938 0.913501

0.710938 0.886289
0.714253 0.886719

0.714844 0.886813
0.713908 0.886719

0.710938 0.913574
0.714844 0.913646

0.71875 0.88738
0.715153 0.886719

0.714844 0.913687
0.71875 0.91373

0.71875 0.88738
0.722656 0.888205

0.71875 0.913706
0.722656 0.913747

0.722656 0.888451
0.726562 0.888894

0.722656 0.913854
0.726562 0.913868

0.726562 0.888777
0.730469 0.889111

0.726562 0.91383
0.730469 0.913848

0.730469 0.889149
0.734375 0.889534

0.730469 0.913925
0.734375 0.913931

0.734375 0.889525
0.738281 0.889901

0.734375 0.913884
0.738281 0.913894

0.738281 0.889901
0.742188 0.890284

0.738281 0.913918
0.742188 0.913925

0.742188 0.890322
0.745982 0.890625

0.746094 0.890659
0.745512 0.890625

0.742188 0.913875
0.746094 0.913886

0.746094 0.890702
0.75 0.890849

0.746094 0.913831
0.75 0.913849

0.75 0.890683
0.753906 0.890998

0.75 0.913803
0.753906 0.913826

0.753906 0.89095
0.757812 0.891773

0.753906 0.91374
0.757812 0.913776

0.757812 0.891518
0.761719 0.892104

0.757812 0.913593
0.761719 0.913672

0.761719 0.892578
0.765625 0.892618

0.761719 0.913708
0.765625 0.913638

0.765625 0.890701
0.769531 0.890699

0.765625 0.913317
0.769531 0.912792

0.769531 0.892634
0.773438 0.892557

0.769531 0.912223
0.773438 0.911235

0.773438 0.891768
0.777344 0.891404

0.777344 0.910136
0.777209 0.910156

0.773438 0.910976
0.7772 0.910156

0.777344 0.891703
0.78125 0.891235

0.777344 0.910109
0.78125 0.909787

0.78125 0.89144
0.785156 0.891053

0.78125 0.910064
0.785156 0.909401

0.785156 0.891208
0.789062 0.890846

0.785156 0.909388
0.789062 0.908614

0.792969 0.890616
0.792813 0.890625

0.789062 0.890901
0.792853 0.890625

0.789062 0.908344
0.792969 0.908011

0.792969 0.890522
0.796875 0.890355

0.792969 0.908146
0.796875 0.907762

0.796875 0.890194
0.800781 0.890528

0.796875 0.907713
0.800781 0.907105

0.800781 0.890571
0.801322 0.890625

0.800781 0.891071
0.804688 0.89153

0.800781 0.907066
0.804688 0.906411

0.804688 0.891435
0.808594 0.891008

0.808594 0.905535
0.805447 0.90625

0.804688 0.906402
0.805529 0.90625

0.8125 0.890282
0.810491 0.890625

0.808594 0.89096
0.810626 0.890625

0.808594 0.905598
0.8125 0.904284

0.8125 0.890228
0.816406 0.889286

0.816406 0.902247
0.816205 0.902344

0.8125 0.90422
0.816406 0.902476

0.816406 0.889324
0.820312 0.888092

0.816406 0.901893
0.820312 0.899984

0.816406 0.902473
0.816651 0.902344

0.824219 0.886679
0.824072 0.886719

0.820312 0.887907
0.824088 0.886719

0.820312 0.899798
0.824219 0.898748

0.824219 0.886326
0.828125 0.885683

0.824219 0.898884
0.828125 0.898694

0.828125 0.885359
0.832031 0.886171

0.828125 0.899232
0.832031 0.898556

0.832031 0.886052
0.832998 0.886719

0.832919 0.886719
0.835691 0.890625

0.835717 0.890625
0.835674 0.894531

0.835758 0.894531
0.832668 0.898438

0.832031 0.89868
0.832446 0.898438

