0.546875 0.865416
0.545082 0.867188

0.545043 0.867188
0.543165 0.871094

0.543275 0.871094
0.543491 0.875

0.543663 0.875
0.545089 0.878906

0.546875 0.881674
0.545506 0.878906

0.546875 0.865473
0.550781 0.863473

0.546875 0.881629
0.547481 0.882812

0.54765 0.882812
0.550083 0.886719

0.550781 0.887594
0.550146 0.886719

0.550781 0.86389
0.554688 0.863384

0.550781 0.88758
0.553092 0.890625

0.554688 0.892235
0.553187 0.890625

0.554688 0.863513
0.558594 0.86337

0.554688 0.892345
0.557097 0.894531

0.558594 0.895667
0.557205 0.894531

0.558594 0.863306
0.5625 0.863302

0.558594 0.895836
0.5625 0.898365

0.5625 0.863296
0.566406 0.863626

0.5625 0.898369
0.562631 0.898438

0.566406 0.900396
0.562539 0.898438

0.566406 0.863566
0.570312 0.864378

0.566406 0.900514
0.570312 0.90226

0.570312 0.864184
0.574219 0.865106

0.570312 0.902273
0.570531 0.902344

0.570312 0.90246
0.574219 0.903768

0.574219 0.865438
0.578125 0.866295

0.574219 0.903931
0.578125 0.905323

0.578125 0.86641
0.582022 0.867188

0.582031 0.867193
0.581996 0.867188

0.578125 0.905293
0.581149 0.90625

0.582031 0.906485
0.581175 0.90625

0.582031 0.867247
0.585938 0.867915

0.582031 0.906557
0.585938 0.90756

0.585938 0.867718
0.589844 0.868522

0.585938 0.907607
0.589844 0.908491

0.589844 0.868849
0.59375 0.869535

0.589844 0.908557
0.59375 0.909519

0.59375 0.869345
0.597656 0.869987

0.59375 0.909531
0.596466 0.910156

0.597656 0.910451
0.596205 0.910156

0.597656 0.870086
0.601562 0.870864

0.597656 0.910455
0.601562 0.911345

0.601562 0.870951
0.602458 0.871094

0.605469 0.871673
0.602176 0.871094

0.601562 0.911557
0.605469 0.91216

0.605469 0.871543
0.609375 0.872434

0.605469 0.911825
0.609375 0.91239

0.609375 0.8727
0.613281 0.873521

0.609375 0.912652
0.613281 0.913578

0.613281 0.873394
0.617188 0.874095

0.613281 0.91361
0.615726 0.914062

0.617188 0.914339
0.615463 0.914062

0.617188 0.874134
0.621094 0.87489

0.617188 0.914364
0.621094 0.914973

0.621094 0.874929
0.621516 0.875

0.621094 0.875037
0.625 0.87583

0.621094 0.914945
0.625 0.915572

0.625 0.875641
0.628906 0.876409

0.625 0.915733
0.628906 0.916114

0.628906 0.876584
0.632812 0.877355

0.628906 0.917161
0.632812 0.917328

0.632812 0.87743
0.636719 0.878236

0.632812 0.916543
0.636719 0.917137

0.636719 0.878269
0.640625 0.878894

0.636719 0.916858
0.640625 0.91767

0.640625 0.878899
0.640688 0.878906

0.640625 0.878941
0.644531 0.879483

0.640625 0.917652
0.643171 0.917969

0.644531 0.918123
0.643024 0.917969

0.644531 0.8793
0.648438 0.880124

0.644531 0.918138
0.648438 0.918544

0.648438 0.880522
0.652344 0.8812

0.648438 0.91855
0.652344 0.918954

0.652344 0.880985
0.65625 0.881341

0.652344 0.918951
0.65625 0.919349

0.65625 0.881319
0.660156 0.881828

0.65625 0.919365
0.660156 0.919731

0.660156 0.881871
0.664062 0.882489

0.660156 0.919799
0.664062 0.919967

0.664062 0.88258
0.665963 0.882812

0.667969 0.883102
0.665493 0.882812

0.664062 0.919888
0.667969 0.919883

0.667969 0.883063
0.671875 0.883536

0.667969 0.919849
0.671875 0.9199

0.671875 0.883304
0.675781 0.883967

0.671875 0.920739
0.675781 0.921081

0.675781 0.883679
0.679688 0.884167

0.675781 0.920681
0.679688 0.921223

0.679688 0.884727
0.683594 0.884862

0.679688 0.921009
0.683594 0.921476

0.683594 0.884813
0.6875 0.88511

0.683594 0.921345
0.6875 0.921711

0.6875 0.88518
0.691406 0.885596

0.6875 0.921692
0.690636 0.921875

0.691406 0.921914
0.690501 0.921875

0.691406 0.885611
0.695312 0.885978

0.691406 0.921926
0.695312 0.922098

0.695312 0.885979
0.699219 0.886264

0.695312 0.922102
0.699219 0.922269

0.699219 0.886244
0.703125 0.886483

0.699219 0.922271
0.703125 0.922423

0.703125 0.886497
0.707031 0.886701

0.703125 0.922424
0.707031 0.922558

0.707031 0.886702
0.707342 0.886719

0.710938 0.886968
0.707765 0.886719

0.707031 0.922558
0.710938 0.922674

0.710938 0.88696
0.714844 0.887079

0.710938 0.922674
0.714844 0.922773

0.714844 0.886788
0.71875 0.887315

0.714844 0.922773
0.71875 0.922855

0.71875 0.887247
0.722656 0.887386

0.71875 0.922855
0.722656 0.922921

0.722656 0.887654
0.726562 0.886943

0.722656 0.922921
0.726562 0.92297

0.730469 0.887109
0.726871 0.886719

0.726562 0.92297
0.730469 0.923002

0.730469 0.887449
0.734375 0.888139

0.730469 0.923002
0.734375 0.923016

0.734375 0.887806
0.738281 0.887427

0.734375 0.923016
0.738281 0.923011

0.738281 0.88772
0.742188 0.887008

0.738281 0.923011
0.742188 0.922987

0.742188 0.886709
0.743124 0.886719

0.742188 0.886786
0.746094 0.886856

0.742188 0.922987
0.746094 0.922943

0.746094 0.887127
0.75 0.887409

0.746094 0.922943
0.75 0.922877

0.75 0.887402
0.753906 0.887068

0.75 0.922877
0.753906 0.922785

0.757812 0.886702
0.757571 0.886719

0.753906 0.887093
0.757592 0.886719

0.753906 0.922786
0.757812 0.922666

0.757812 0.886696
0.761719 0.886399

0.757812 0.922668
0.761719 0.922513

0.761719 0.886398
0.765625 0.886043

0.761719 0.922514
0.765625 0.922319

0.765625 0.886034
0.769531 0.885642

0.765625 0.922312
0.769531 0.922088

0.769531 0.885648
0.773438 0.885226

0.773438 0.921861
0.773111 0.921875

0.769531 0.922072
0.773243 0.921875

0.773438 0.885155
0.777344 0.884831

0.777344 0.921383
0.774645 0.921875

0.78125 0.599711
0.780533 0.601562

0.78125 0.60242
0.781134 0.601562

0.777344 0.884851
0.78125 0.884728

0.777344 0.921206
0.78125 0.920302

0.785156 0.597341
0.784078 0.597656

0.78125 0.600079
0.784308 0.597656

0.78125 0.602773
0.781559 0.605469

0.782102 0.605469
0.784912 0.609375

0.78125 0.884254
0.785156 0.883717

0.78125 0.920065
0.785156 0.919728

0.785156 0.598132
0.789062 0.599293

0.785156 0.60924
0.785284 0.609375

0.789062 0.613098
0.785278 0.609375

0.785156 0.884121
0.789062 0.883173

0.785156 0.919923
0.789062 0.919743

0.789062 0.59965
0.791951 0.601562

0.792969 0.602419
0.791832 0.601562

0.789062 0.612954
0.789412 0.613281

0.792969 0.616717
0.789409 0.613281

0.792969 0.882442
0.790871 0.882812

0.789062 0.883186
0.791127 0.882812

0.789062 0.919659
0.792969 0.919413

0.792969 0.602605
0.795952 0.605469

0.796875 0.606564
0.795823 0.605469

0.792969 0.616693
0.793457 0.617188

0.796875 0.62087
0.793456 0.617188

0.792969 0.882422
0.796875 0.881541

0.792969 0.919409
0.796875 0.919272

0.796875 0.606561
0.799554 0.609375

0.800781 0.610625
0.799595 0.609375

0.796875 0.620802
0.797139 0.621094

0.797134 0.621094
0.800451 0.625

0.800781 0.625275
0.800549 0.625

0.796875 0.881499
0.800781 0.880523

0.796875 0.91928
0.800781 0.919247

0.800781 0.610566
0.803241 0.613281

0.804688 0.614968
0.803308 0.613281

0.800781 0.625274
0.8037 0.628906

0.804688 0.630028
0.803782 0.628906

0.800781 0.880473
0.804688 0.879379

0.800781 0.919273
0.804688 0.919279

0.804688 0.614887
0.806448 0.617188

0.808594 0.620409
0.806433 0.617188

0.804688 0.630007
0.806884 0.632812

0.808594 0.63497
0.806936 0.632812

0.808594 0.878149
0.805891 0.878906

0.804688 0.879328
0.806246 0.878906

0.804688 0.919365
0.808594 0.919184

0.808594 0.620362
0.809094 0.621094

0.809052 0.621094
0.8119 0.625

0.8125 0.625728
0.811881 0.625

0.808594 0.634866
0.810014 0.636719

0.8125 0.640098
0.810039 0.636719

0.808594 0.878117
0.8125 0.8768

0.808594 0.919192
0.8125 0.918638

0.8125 0.625783
0.815755 0.628906

0.816406 0.629438
0.815745 0.628906

0.8125 0.639888
0.813055 0.640625

0.813042 0.640625
0.815752 0.644531

0.816406 0.645263
0.815917 0.644531

0.8125 0.876749
0.816406 0.875315

0.816406 0.917603
0.814964 0.917969

0.8125 0.918618
0.815351 0.917969

0.816406 0.629394
0.820312 0.631921

0.816406 0.645223
0.818445 0.648438

0.820312 0.651365
0.818537 0.648438

0.820312 0.873585
0.816781 0.875

0.816406 0.875288
0.817172 0.875

0.816406 0.917368
0.820312 0.916223

0.820312 0.631906
0.821927 0.632812

0.824219 0.634099
0.821937 0.632812

0.820312 0.65118
0.821035 0.652344

0.82102 0.652344
0.823286 0.65625

0.824219 0.657741
0.823432 0.65625

0.820312 0.873487
0.824219 0.87162

0.820312 0.916211
0.824219 0.915318

0.824219 0.634021
0.827866 0.636719

0.828125 0.636927
0.827893 0.636719

0.824219 0.657559
0.82558 0.660156

0.82571 0.660156
0.827784 0.664062

0.828125 0.664509
0.827906 0.664062

0.828125 0.869383
0.824962 0.871094

0.824219 0.871617
0.825191 0.871094

0.824219 0.915314
0.828125 0.914393

0.828125 0.636904
0.831304 0.640625

0.832031 0.642043
0.831224 0.640625

0.828125 0.664453
0.829843 0.667969

0.829979 0.667969
0.831842 0.671875

0.832031 0.672062
0.831951 0.671875

0.832031 0.866843
0.83151 0.867188

0.828125 0.869286
0.831536 0.867188

0.832031 0.913209
0.829183 0.914062

0.828125 0.914382
0.829367 0.914062

0.832031 0.641852
0.833461 0.644531

0.833465 0.644531
0.835317 0.648438

0.835938 0.649837
0.835315 0.648438

0.832031 0.672032
0.833686 0.675781

0.833809 0.675781
0.835535 0.679688

0.835938 0.680543
0.835612 0.679688

0.832031 0.866734
0.835938 0.863863

0.832031 0.913179
0.835938 0.911966

0.835938 0.649734
0.837117 0.652344

0.837235 0.652344
0.839332 0.65625

0.839844 0.65687
0.839478 0.65625

0.835938 0.680394
0.837202 0.683594

0.837326 0.683594
0.838929 0.6875

0.839844 0.69005
0.838947 0.6875

0.839844 0.860289
0.836497 0.863281

0.835938 0.863842
0.836601 0.863281

0.835938 0.911868
0.839844 0.910847

0.839844 0.656836
0.841761 0.660156

0.84375 0.663352
0.841902 0.660156

0.839844 0.689765
0.840415 0.691406

0.840458 0.691406
0.841894 0.695312

0.841963 0.695312
0.843312 0.699219

0.84375 0.700142
0.843449 0.699219

0.84375 0.855952
0.840789 0.859375

0.839844 0.86028
0.840741 0.859375

0.84375 0.909555
0.841549 0.910156

0.839844 0.910732
0.841999 0.910156

0.84375 0.663026
0.844364 0.664062

0.844384 0.664062
0.846552 0.667969

0.847656 0.670094
0.846656 0.667969

0.84375 0.700003
0.844833 0.703125

0.844712 0.703125
0.845912 0.707031

0.846056 0.707031
0.847064 0.710938

0.847656 0.712474
0.847251 0.710938

0.847656 0.850418
0.846979 0.851562

0.846922 0.851562
0.844224 0.855469

0.84375 0.855941
0.844136 0.855469

0.84375 0.909559
0.847656 0.908407

0.847656 0.669802
0.848608 0.671875

0.848657 0.671875
0.850384 0.675781

0.851562 0.678812
0.850419 0.675781

0.847656 0.712346
0.848346 0.714844

0.848344 0.714844
0.849384 0.71875

0.849431 0.71875
0.850378 0.722656

0.850505 0.722656
0.851468 0.726562

0.851562 0.726881
0.851494 0.726562

0.851562 0.843532
0.851466 0.84375

0.851455 0.84375
0.849429 0.847656

0.847656 0.850554
0.849304 0.847656

0.847656 0.908302
0.851562 0.907268

0.851562 0.678478
0.852001 0.679688

0.852061 0.679688
0.853621 0.683594

0.853696 0.683594
0.855221 0.6875

0.855469 0.687801
0.855369 0.6875

0.851562 0.726848
0.852499 0.730469

0.852392 0.730469
0.853217 0.734375

0.853299 0.734375
0.853992 0.738281

0.854174 0.738281
0.855037 0.742188

0.855469 0.744703
0.855009 0.742188

0.855469 0.834895
0.85512 0.835938

0.855063 0.835938
0.85345 0.839844

0.853339 0.839844
0.851585 0.84375

0.851562 0.90722
0.855469 0.9063

0.855469 0.6877
0.856764 0.691406

0.856981 0.691406
0.858511 0.695312

0.859375 0.697898
0.858414 0.695312

0.855469 0.744253
0.855816 0.746094

0.855842 0.746094
0.856817 0.75

0.856377 0.75
0.856917 0.753906

0.857313 0.753906
0.857653 0.757812

0.85779 0.757812
0.858389 0.761719

0.858404 0.761719
0.858955 0.765625

0.859375 0.769215
0.858971 0.765625

0.859375 0.819242
0.859256 0.820312

0.859211 0.820312
0.85857 0.824219

0.858545 0.824219
0.857788 0.828125

0.857589 0.828125
0.856412 0.832031

0.855469 0.834911
0.856481 0.832031

0.859375 0.905142
0.855867 0.90625

0.855469 0.906303
0.855678 0.90625

0.859375 0.697603
0.85996 0.699219

0.860021 0.699219
0.861606 0.703125

0.861676 0.703125
0.863205 0.707031

0.859375 0.768938
0.85943 0.769531

0.859434 0.769531
0.859967 0.773438

0.859827 0.773438
0.860585 0.777344

0.860233 0.777344
0.86073 0.78125

0.861297 0.78125
0.861375 0.785156

0.861372 0.785156
0.861384 0.789062

0.861369 0.789062
0.861351 0.792969

0.861341 0.792969
0.861344 0.796875

0.861374 0.796875
0.861357 0.800781

0.860301 0.800781
0.860079 0.804688

0.860477 0.804688
0.860084 0.808594

0.860382 0.808594
0.85994 0.8125

0.86019 0.8125
0.859689 0.816406

0.859375 0.819595
0.859757 0.816406

0.859375 0.905142
0.863281 0.903095

0.863281 0.706695
0.863403 0.707031

0.863411 0.707031
0.864841 0.710938

0.864945 0.710938
0.866501 0.714844

0.867188 0.716608
0.866529 0.714844

0.867188 0.89981
0.864002 0.902344

0.863281 0.903107
0.864327 0.902344

0.867188 0.716305
0.868094 0.71875

0.868169 0.71875
0.869677 0.722656

0.869741 0.722656
0.871029 0.726562

0.871094 0.895588
0.868434 0.898438

0.867188 0.899785
0.868559 0.898438

0.871094 0.726382
0.871145 0.726562

0.871142 0.726562
0.872263 0.730469

0.872291 0.730469
0.873469 0.734375

0.873497 0.734375
0.874697 0.738281

0.875 0.738762
0.874879 0.738281

0.875 0.891053
0.872056 0.894531

0.871094 0.895574
0.87202 0.894531

0.875 0.738584
0.875955 0.742188

0.876002 0.742188
0.876943 0.746094

0.876995 0.746094
0.878144 0.75

0.878906 0.752346
0.878253 0.75

0.878906 0.886365
0.878638 0.886719

0.878629 0.886719
0.875547 0.890625

0.875 0.891054
0.875369 0.890625

0.878906 0.752186
0.879328 0.753906

0.879341 0.753906
0.880227 0.757812

0.880253 0.757812
0.881049 0.761719

0.88112 0.761719
0.882117 0.765625

0.882812 0.768159
0.882236 0.765625

0.882812 0.880524
0.881671 0.882812

0.878906 0.886622
0.881468 0.882812

0.882812 0.768357
0.883027 0.769531

0.883038 0.769531
0.883679 0.773438

0.883726 0.773438
0.884308 0.777344

0.88435 0.777344
0.884694 0.78125

0.884633 0.78125
0.884777 0.785156

0.885357 0.785156
0.885843 0.789062

0.885571 0.789062
0.886203 0.792969

0.885938 0.792969
0.886411 0.796875

0.886719 0.799663
0.886441 0.796875

0.886719 0.857856
0.886614 0.859375

0.886591 0.859375
0.886271 0.863281

0.886407 0.863281
0.886063 0.867188

0.886218 0.867188
0.885707 0.871094

0.885902 0.871094
0.885215 0.875

0.884921 0.875
0.883768 0.878906

0.882812 0.880596
0.883598 0.878906

0.886719 0.799924
0.886784 0.800781

0.886791 0.800781
0.887131 0.804688

0.887127 0.804688
0.887574 0.808594

0.887553 0.808594
0.88816 0.8125

0.888358 0.8125
0.888772 0.816406

0.890137 0.816406
0.890198 0.820312

0.890358 0.820312
0.890376 0.824219

0.890276 0.824219
0.890236 0.828125

0.888629 0.828125
0.888588 0.832031

0.888629 0.832031
0.888651 0.835938

0.888734 0.835938
0.88857 0.839844

0.888489 0.839844
0.888138 0.84375

0.888144 0.84375
0.887759 0.847656

0.887749 0.847656
0.88734 0.851562

0.887327 0.851562
0.886942 0.855469

0.886719 0.858112
0.886917 0.855469

