0.429688 0.578443
0.428893 0.582031

0.428844 0.582031
0.428015 0.585938

0.427336 0.585938
0.426697 0.589844

0.426439 0.589844
0.426878 0.59375

0.429688 0.597388
0.426629 0.59375

0.433594 0.565905
0.433485 0.566406

0.433392 0.566406
0.432247 0.570312

0.431777 0.570312
0.430595 0.574219

0.430946 0.574219
0.429914 0.578125

0.429688 0.578826
0.429831 0.578125

0.429688 0.596892
0.433594 0.597456

0.437386 0.550781
0.436331 0.554688

0.436305 0.554688
0.435367 0.558594

0.43521 0.558594
0.43427 0.5625

0.433594 0.565956
0.434421 0.5625

0.433594 0.596995
0.4375 0.59404

0.441406 0.541619
0.440825 0.542969

0.440635 0.542969
0.438944 0.546875

0.438883 0.546875
0.437522 0.550781

0.441406 0.579575
0.441025 0.582031

0.4411 0.582031
0.440379 0.585938

0.44067 0.585938
0.4396 0.589844

0.439534 0.589844
0.437535 0.59375

0.4375 0.593784
0.437527 0.59375

0.445312 0.53351
0.444652 0.535156

0.444529 0.535156
0.442703 0.539062

0.441406 0.541703
0.44256 0.539062

0.445312 0.566171
0.445242 0.566406

0.445067 0.566406
0.443806 0.570312

0.443718 0.570312
0.442623 0.574219

0.442668 0.574219
0.441779 0.578125

0.441406 0.57984
0.441683 0.578125

0.449219 0.524468
0.448096 0.527344

0.447835 0.527344
0.446156 0.53125

0.445312 0.533565
0.446243 0.53125

0.449219 0.555273
0.448081 0.558594

0.448289 0.558594
0.446859 0.5625

0.445312 0.566213
0.446528 0.5625

0.453125 0.516115
0.451622 0.519531

0.451484 0.519531
0.449732 0.523438

0.449219 0.524513
0.449634 0.523438

0.453125 0.546334
0.452888 0.546875

0.452794 0.546875
0.451146 0.550781

0.451053 0.550781
0.449537 0.554688

0.449219 0.555381
0.449442 0.554688

0.457031 0.509013
0.455557 0.511719

0.455453 0.511719
0.453474 0.515625

0.453125 0.516197
0.453375 0.515625

0.457031 0.538915
0.456946 0.539062

0.45684 0.539062
0.454821 0.542969

0.453125 0.546374
0.454681 0.542969

0.460938 0.503543
0.460637 0.503906

0.460536 0.503906
0.457819 0.507812

0.457031 0.509062
0.457739 0.507812

0.460938 0.532751
0.459345 0.535156

0.457031 0.538922
0.45922 0.535156

0.464844 0.499309
0.464134 0.5

0.460938 0.503546
0.464113 0.5

0.464844 0.527567
0.462117 0.53125

0.460938 0.532798
0.462004 0.53125

0.46875 0.495885
0.468489 0.496094

0.464844 0.499297
0.468633 0.496094

0.46875 0.523101
0.468456 0.523438

0.468317 0.523438
0.465164 0.527344

0.464844 0.527732
0.465155 0.527344

0.46875 0.495882
0.472656 0.493215

0.472656 0.518716
0.471922 0.519531

0.46875 0.5231
0.471819 0.519531

0.476562 0.490924
0.474152 0.492188

0.472656 0.493113
0.47435 0.492188

0.476562 0.514398
0.475444 0.515625

0.472656 0.518709
0.475404 0.515625

0.476562 0.490891
0.480469 0.488907

0.480469 0.510192
0.479011 0.511719

0.476562 0.514389
0.479021 0.511719

0.484375 0.486698
0.481752 0.488281

0.480469 0.488953
0.481642 0.488281

0.484375 0.506326
0.482799 0.507812

0.480469 0.510191
0.482863 0.507812

0.488281 0.483108
0.487058 0.484375

0.484375 0.486652
0.487076 0.484375

0.488281 0.50291
0.487068 0.503906

0.484375 0.506337
0.487241 0.503906

0.492188 0.477986
0.490213 0.480469

0.488281 0.483036
0.490419 0.480469

0.492188 0.499992
0.492176 0.5

0.488281 0.502897
0.492188 0.500119

0.496094 0.474118
0.493064 0.476562

0.492188 0.477913
0.493466 0.476562

0.492188 0.49999
0.496094 0.497574

0.496094 0.474236
0.499768 0.472656

0.5 0.49515
0.49835 0.496094

0.496094 0.497516
0.498594 0.496094

0.503906 0.471926
0.500253 0.472656

0.5 0.472709
0.500278 0.472656

0.5 0.495064
0.503906 0.492932

0.503906 0.47203
0.507812 0.471049

0.507812 0.490948
0.505074 0.492188

0.503906 0.492873
0.505399 0.492188

0.507812 0.471145
0.511719 0.469358

0.507812 0.49086
0.511719 0.489193

0.515625 0.466289
0.512135 0.46875

0.511719 0.469052
0.512154 0.46875

0.515625 0.487718
0.514016 0.488281

0.511719 0.489213
0.514348 0.488281

0.519531 0.463145
0.516747 0.464844

0.515625 0.466073
0.51749 0.464844

0.515625 0.487678
0.519531 0.48624

0.519531 0.463178
0.523438 0.461588

0.519531 0.486186
0.523438 0.484824

0.527344 0.460836
0.526886 0.460938

0.523438 0.461755
0.526607 0.460938

0.527344 0.48318
0.524264 0.484375

0.523438 0.484755
0.524492 0.484375

0.527344 0.460813
0.53125 0.459678

0.527344 0.482978
0.53125 0.481317

0.53125 0.459411
0.535156 0.457877

0.535156 0.479769
0.533109 0.480469

0.53125 0.481343
0.533763 0.480469

0.539062 0.45631
0.536649 0.457031

0.535156 0.457919
0.537803 0.457031

0.535156 0.47979
0.539062 0.478665

0.539062 0.456369
0.542969 0.4556

0.539062 0.478558
0.542969 0.477876

0.542969 0.455674
0.546875 0.455226

0.542969 0.477911
0.546875 0.477402

0.546875 0.455337
0.550781 0.45484

0.546875 0.477417
0.550781 0.476983

0.550781 0.454669
0.554688 0.453774

0.554688 0.476532
0.554396 0.476562

0.550781 0.477011
0.554688 0.476567

0.554688 0.453603
0.557527 0.453125

0.554688 0.476526
0.558594 0.475699

0.5625 0.453067
0.560751 0.453125

0.558594 0.453205
0.560991 0.453125

0.558594 0.475804
0.5625 0.475044

0.5625 0.453042
0.566406 0.452867

0.5625 0.474713
0.566406 0.474471

0.566406 0.452843
0.570312 0.452708

0.566406 0.474571
0.570312 0.474553

0.570312 0.452698
0.574219 0.452669

0.570312 0.474551
0.574219 0.474561

0.574219 0.45268
0.578125 0.452754

0.574219 0.474584
0.578125 0.47458

0.578125 0.452768
0.582031 0.452896

0.578125 0.474553
0.582031 0.474541

0.582031 0.452901
0.585938 0.453042

0.582031 0.474541
0.585938 0.474573

0.585938 0.453045
0.588075 0.453125

0.589844 0.453215
0.587822 0.453125

0.585938 0.475608
0.589844 0.475841

0.589844 0.4532
0.59375 0.453565

0.589844 0.475058
0.59375 0.475794

0.59375 0.453454
0.597656 0.454112

0.59375 0.475683
0.597656 0.476491

0.597656 0.453905
0.601562 0.454527

0.597656 0.476397
0.598963 0.476562

0.601562 0.477012
0.598495 0.476562

0.601562 0.454893
0.605469 0.455326

0.601562 0.477068
0.605469 0.477787

0.605469 0.455212
0.609375 0.455929

0.605469 0.477803
0.609375 0.478517

0.609375 0.456112
0.613281 0.456977

0.609375 0.478621
0.613281 0.479679

0.613281 0.456994
0.613474 0.457031

0.617188 0.457946
0.613412 0.457031

0.613281 0.479758
0.615812 0.480469

0.617188 0.480811
0.615817 0.480469

0.617188 0.457826
0.621094 0.4586

0.617188 0.480839
0.621094 0.481864

0.621094 0.458749
0.625 0.459291

0.621094 0.482296
0.625 0.48341

0.625 0.459346
0.628906 0.460063

0.625 0.482991
0.628906 0.484192

0.628906 0.484419
0.628746 0.484375

0.628906 0.460045
0.632812 0.460862

0.632812 0.460984
0.632567 0.460938

0.628906 0.484428
0.632812 0.485735

0.632812 0.460991
0.636719 0.462205

0.632812 0.485934
0.636719 0.487445

0.636719 0.462243
0.640625 0.463855

0.636719 0.487341
0.639122 0.488281

0.640625 0.488983
0.638837 0.488281

0.640625 0.463805
0.64267 0.464844

0.644531 0.466064
0.642245 0.464844

0.640625 0.489062
0.644531 0.490866

0.644531 0.466296
0.648438 0.468679

0.648438 0.468922
0.648165 0.46875

0.644531 0.490927
0.647274 0.492188

0.648438 0.492867
0.646973 0.492188

0.648438 0.468915
0.652344 0.471041

0.648438 0.492941
0.652344 0.495021

0.652344 0.471142
0.655691 0.472656

0.65625 0.472999
0.655451 0.472656

0.652344 0.495132
0.654221 0.496094

0.65625 0.497281
0.653911 0.496094

0.65625 0.472991
0.660156 0.474584

0.65625 0.497372
0.660156 0.499465

0.660156 0.474653
0.664062 0.476187

0.660156 0.499542
0.661008 0.5

0.664062 0.501657
0.660944 0.5

0.664062 0.476223
0.664932 0.476562

0.667969 0.477874
0.66484 0.476562

0.664062 0.501769
0.667904 0.503906

0.667969 0.504082
0.667666 0.503906

0.667969 0.478018
0.671875 0.480004

0.667969 0.504088
0.671875 0.506449

0.671875 0.480108
0.672524 0.480469

0.675781 0.482319
0.672465 0.480469

0.671875 0.506569
0.673799 0.507812

0.675781 0.50916
0.673712 0.507812

0.675781 0.482502
0.678942 0.484375

0.679688 0.48497
0.678718 0.484375

0.675781 0.509226
0.679359 0.511719

0.679688 0.512126
0.679145 0.511719

0.679688 0.484967
0.683594 0.487246

0.679688 0.512133
0.683594 0.515112

0.683594 0.487413
0.685226 0.488281

0.6875 0.489545
0.6851 0.488281

0.683594 0.51525
0.684047 0.515625

0.6875 0.518431
0.684044 0.515625

0.6875 0.489615
0.691406 0.491781

0.6875 0.518527
0.688665 0.519531

0.691406 0.52189
0.688649 0.519531

0.691406 0.49185
0.691958 0.492188

0.695312 0.494271
0.691958 0.492188

0.691406 0.521932
0.693125 0.523438

0.695312 0.525376
0.693102 0.523438

0.695312 0.494394
0.69761 0.496094

0.699219 0.497394
0.697557 0.496094

0.695312 0.525387
0.697514 0.527344

0.699219 0.528899
0.697498 0.527344

0.699219 0.497454
0.702231 0.5

0.703125 0.500938
0.702072 0.5

0.699219 0.528899
0.701753 0.53125

0.703125 0.532569
0.701748 0.53125

0.703125 0.500953
0.706557 0.503906

0.707031 0.504473
0.706381 0.503906

0.703125 0.532571
0.70572 0.535156

0.707031 0.536505
0.705728 0.535156

0.707031 0.504478
0.710938 0.507611

0.707031 0.536509
0.709408 0.539062

0.710938 0.540741
0.709432 0.539062

0.710938 0.507702
0.711076 0.507812

0.714844 0.510665
0.711075 0.507812

0.710938 0.540734
0.712885 0.542969

0.714844 0.545291
0.712927 0.542969

0.714844 0.510736
0.7161 0.511719

0.71875 0.51378
0.716112 0.511719

0.714844 0.545239
0.716177 0.546875

0.71875 0.550228
0.716218 0.546875

0.71875 0.513811
0.720888 0.515625

0.722656 0.517208
0.7209 0.515625

0.71875 0.550098
0.719277 0.550781

0.719291 0.550781
0.722166 0.554688

0.722656 0.555155
0.722297 0.554688

0.722656 0.517214
0.724988 0.519531

0.726562 0.521256
0.725002 0.519531

0.722656 0.555161
0.725192 0.558594

0.726562 0.56024
0.725313 0.558594

0.726562 0.521242
0.728414 0.523438

0.730469 0.526163
0.728437 0.523438

0.726562 0.560207
0.728277 0.5625

0.730469 0.565477
0.728379 0.5625

0.730469 0.526099
0.731393 0.527344

0.731385 0.527344
0.734207 0.53125

0.734375 0.531373
0.734277 0.53125

0.730469 0.56532
0.731244 0.566406

0.731274 0.566406
0.733849 0.570312

0.734375 0.570888
0.734007 0.570312

0.734375 0.808584
0.734371 0.808594

0.734345 0.808594
0.733185 0.8125

0.732988 0.8125
0.732321 0.816406

0.73241 0.816406
0.732452 0.820312

0.732402 0.820312
0.733076 0.824219

0.734375 0.827636
0.732996 0.824219

0.734375 0.531373
0.737434 0.535156

0.738281 0.535966
0.737541 0.535156

0.734375 0.570878
0.736397 0.574219

0.738281 0.577319
0.736517 0.574219

0.738281 0.80082
0.736233 0.804688

0.736127 0.804688
0.734464 0.808594

0.734375 0.827685
0.734581 0.828125

0.738281 0.831735
0.73449 0.828125

0.738281 0.535968
0.741223 0.539062

0.742188 0.539908
0.741335 0.539062

0.738281 0.577201
0.738816 0.578125

0.738851 0.578125
0.740993 0.582031

0.742188 0.584154
0.741158 0.582031

0.742188 0.795683
0.741203 0.796875

0.741128 0.796875
0.738444 0.800781

0.738281 0.800827
0.738307 0.800781

0.738281 0.831733
0.739052 0.832031

0.742188 0.832942
0.739317 0.832031

0.742188 0.539879
0.745232 0.542969

0.746094 0.543778
0.745333 0.542969

0.742188 0.584008
0.743117 0.585938

0.743238 0.585938
0.745148 0.589844

0.746094 0.591881
0.74521 0.589844

0.746094 0.791438
0.744686 0.792969

0.742188 0.795843
0.744624 0.792969

0.742188 0.832852
0.746094 0.833311

0.746094 0.543753
0.748763 0.546875

0.75 0.548511
0.748832 0.546875

0.746094 0.591755
0.746964 0.59375

0.746931 0.59375
0.748755 0.597656

0.75 0.600051
0.749008 0.597656

0.75 0.787213
0.748374 0.789062

0.746094 0.791526
0.74833 0.789062

0.746094 0.8332
0.75 0.833335

0.75 0.54842
0.751588 0.550781

0.751641 0.550781
0.753795 0.554688

0.75 0.59997
0.750659 0.601562

0.750714 0.601562
0.752426 0.605469

0.753906 0.608839
0.752527 0.605469

0.753906 0.78239
0.75187 0.785156

0.75 0.787249
0.751759 0.785156

0.75 0.833455
0.753906 0.833247

0.753906 0.554674
0.753914 0.554688

0.753917 0.554688
0.755681 0.558594

0.755783 0.558594
0.75744 0.5625

0.757812 0.563403
0.757476 0.5625

0.753906 0.608514
0.754258 0.609375

0.754371 0.609375
0.756143 0.613281

0.757812 0.617036
0.756211 0.613281

0.757812 0.776513
0.757343 0.777344

0.757319 0.777344
0.754855 0.78125

0.753906 0.782397
0.754738 0.78125

0.753906 0.833272
0.757812 0.832428

0.757812 0.563316
0.759019 0.566406

0.7592 0.566406
0.761028 0.570312

0.761719 0.571689
0.761002 0.570312

0.757812 0.616561
0.758073 0.617188

0.758135 0.617188
0.759748 0.621094

0.759788 0.621094
0.761243 0.625

0.761719 0.626189
0.761336 0.625

0.761719 0.769514
0.761711 0.769531

0.761711 0.769531
0.759721 0.773438

0.757812 0.776696
0.759591 0.773438

0.761719 0.830494
0.758213 0.832031

0.757812 0.832424
0.758822 0.832031

0.761719 0.571684
0.763078 0.574219

0.765625 0.577851
0.763179 0.574219

0.761719 0.626174
0.762645 0.628906

0.762587 0.628906
0.763939 0.632812

0.764159 0.632812
0.765258 0.636719

0.765625 0.637992
0.765309 0.636719

0.765625 0.76105
0.76541 0.761719

0.765383 0.761719
0.763756 0.765625

0.76364 0.765625
0.761849 0.769531

0.761719 0.830254
0.765625 0.828182

0.765625 0.577615
0.76601 0.578125

0.766059 0.578125
0.769219 0.582031

0.769531 0.582046
0.769519 0.582031

0.765625 0.637899
0.766368 0.640625

0.766372 0.640625
0.767401 0.644531

0.767496 0.644531
0.768323 0.648438

0.768382 0.648438
0.769242 0.652344

0.769531 0.653521
0.769316 0.652344

0.769525 0.75
0.768313 0.753906

0.767924 0.753906
0.766551 0.757812

0.765625 0.761413
0.76684 0.757812

0.765625 0.82794
0.769531 0.826006

0.765625 0.828174
0.765721 0.828125

0.769531 0.582047
0.772663 0.585938

0.773438 0.58676
0.77288 0.585938

0.769531 0.653371
0.770109 0.65625

0.770073 0.65625
0.770892 0.660156

0.770421 0.660156
0.771056 0.664062

0.7716 0.664062
0.772266 0.667969

0.772322 0.667969
0.773063 0.671875

0.773438 0.673818
0.77315 0.671875

0.773438 0.734852
0.772698 0.738281

0.772567 0.738281
0.77167 0.742188

0.771387 0.742188
0.770429 0.746094

0.770744 0.746094
0.76965 0.75

0.769531 0.750157
0.769573 0.75

0.769531 0.825911
0.773438 0.824239

0.773438 0.586661
0.775395 0.589844

0.775439 0.589844
0.777195 0.59375

0.777344 0.594115
0.777236 0.59375

0.773438 0.67368
0.773741 0.675781

0.773754 0.675781
0.774333 0.679688

0.774034 0.679688
0.774561 0.683594

0.774208 0.683594
0.774586 0.6875

0.775288 0.6875
0.775495 0.691406

0.775475 0.691406
0.775719 0.695312

0.775749 0.695312
0.776011 0.699219

0.776028 0.699219
0.776214 0.703125

0.776219 0.703125
0.776286 0.707031

0.776283 0.707031
0.776228 0.710938

0.776273 0.710938
0.776013 0.714844

0.775944 0.714844
0.77553 0.71875

0.774243 0.71875
0.77407 0.722656

0.775426 0.722656
0.775356 0.726562

0.774972 0.726562
0.774294 0.730469

0.77451 0.730469
0.773548 0.734375

0.773438 0.735174
0.773585 0.734375

0.773438 0.824171
0.777344 0.82259

0.773438 0.82424
0.773493 0.824219

0.777344 0.594084
0.778443 0.597656

0.778392 0.597656
0.779749 0.601562

0.779859 0.601562
0.781248 0.605469

0.777344 0.82258
0.78125 0.82074

0.78125 0.60515
0.781354 0.605469

0.781397 0.605469
0.782867 0.609375

0.78297 0.609375
0.784628 0.613281

0.785156 0.614333
0.784718 0.613281

0.785156 0.818201
0.781848 0.820312

0.78125 0.820767
0.782015 0.820312

0.785156 0.614185
0.786434 0.617188

0.78666 0.617188
0.788426 0.621094

0.789062 0.622714
0.788436 0.621094

0.789062 0.81458
0.787049 0.816406

0.785156 0.818103
0.787167 0.816406

0.789062 0.622616
0.789986 0.625

0.790087 0.625
0.791724 0.628906

0.792969 0.632133
0.79183 0.628906

0.792969 0.810749
0.791049 0.8125

0.789062 0.814419
0.791086 0.8125

0.792969 0.631835
0.793284 0.632812

0.793366 0.632812
0.79458 0.636719

0.794752 0.636719
0.796042 0.640625

0.796875 0.643639
0.795945 0.640625

0.796875 0.807576
0.795568 0.808594

0.792969 0.810664
0.795545 0.808594

0.796875 0.643312
0.79722 0.644531

0.797339 0.644531
0.798393 0.648438

0.79824 0.648438
0.799377 0.652344

0.799591 0.652344
0.800695 0.65625

0.800781 0.656508
0.800733 0.65625

0.800781 0.804627
0.80071 0.804688

0.796875 0.807639
0.800706 0.804688

0.800781 0.656459
0.801562 0.660156

0.801668 0.660156
0.802416 0.664062

0.802241 0.664062
0.803047 0.667969

0.803362 0.667969
0.804212 0.671875

0.804688 0.675768
0.803998 0.671875

0.804688 0.800732
0.804653 0.800781

0.804651 0.800781
0.800931 0.804688

0.804688 0.675477
0.804736 0.675781

0.804773 0.675781
0.805794 0.679688

0.80582 0.679688
0.807211 0.683594

0.808594 0.687072
0.807314 0.683594

0.808594 0.793505
0.807114 0.796875

0.804688 0.800712
0.80705 0.796875

0.808594 0.686335
0.809001 0.6875

0.809097 0.6875
0.810351 0.691406

0.810638 0.691406
0.811649 0.695312

0.81152 0.695312
0.812157 0.699219

0.811956 0.699219
0.812293 0.703125

0.8125 0.706037
0.812258 0.703125

0.8125 0.780462
0.812364 0.78125

0.812319 0.78125
0.811209 0.785156

0.811006 0.785156
0.809901 0.789062

0.810103 0.789062
0.808974 0.792969

0.808594 0.793467
0.808793 0.792969

0.8125 0.705714
0.812606 0.707031

0.81269 0.707031
0.813078 0.710938

0.813109 0.710938
0.81338 0.714844

0.813355 0.714844
0.813494 0.71875

0.813464 0.71875
0.813583 0.722656

0.813589 0.722656
0.813732 0.726562

0.813748 0.726562
0.81387 0.730469

0.813865 0.730469
0.813945 0.734375

0.813932 0.734375
0.814003 0.738281

0.814012 0.738281
0.814081 0.742188

0.814071 0.742188
0.814141 0.746094

0.814148 0.746094
0.814226 0.75

0.814236 0.75
0.814287 0.753906

0.814267 0.753906
0.81431 0.757812

0.814325 0.757812
0.81437 0.761719

0.814398 0.761719
0.81436 0.765625

0.814384 0.765625
0.814159 0.769531

0.814139 0.769531
0.813722 0.773438

0.813723 0.773438
0.81315 0.777344

0.8125 0.780929
0.813134 0.777344

