x | y | u.x | u.y | uint | vint | p
0.511719 0.00390625 0.139533 -0.000264665 -0.276867 0.000521563 0.0669952
0.511719 0.0117188 0.110401 -0.00101508 0.152934 0.000117102 0.0657593
0.511719 0.0195312 0.0714803 -0.00136881 0.128653 -0.000861788 0.0635545
0.511719 0.0273438 0.0506993 -0.00151414 0.0812768 -0.00129796 0.0603433
0.511719 0.0351562 0.0394127 -0.00159735 0.056048 -0.00140029 0.0561516
0.511719 0.0429688 0.0318566 -0.00170185 0.0429725 -0.00136342 0.051014
0.511719 0.0507812 0.0255497 -0.0018414 0.0347719 -0.00132043 0.0449147
0.511719 0.0585938 0.0195813 -0.00202162 0.0282459 -0.00129087 0.0378676
0.511719 0.0664062 0.0136349 -0.00223666 0.0222136 -0.00128903 0.0298784
0.511719 0.0742188 0.007591 -0.00247927 0.0162706 -0.00131074 0.0209574
0.511719 0.0820312 0.00138947 -0.00274075 0.0102711 -0.00135037 0.0111151
0.511719 0.0898438 -0.00501151 -0.00301183 0.00414773 -0.00140002 0.000363522
0.511719 0.0976562 -0.0116473 -0.00328262 -0.00214351 -0.00145106 -0.0112844
0.511719 0.105469 -0.0185495 -0.00354275 -0.00863902 -0.00149406 -0.0238146
0.511719 0.113281 -0.0257455 -0.00378135 -0.0153714 -0.00151891 -0.0372122
0.511719 0.121094 -0.0332582 -0.00398713 -0.0223697 -0.00151488 -0.0514615
0.511719 0.128906 -0.0411055 -0.00414847 -0.0296589 -0.0014707 -0.0665461
0.511719 0.136719 -0.0492988 -0.00425348 -0.0372589 -0.00137464 -0.0824488
0.511719 0.144531 -0.0578438 -0.0042901 -0.0451842 -0.00121461 -0.0991522
0.511719 0.152344 -0.0667391 -0.00424621 -0.0534434 -0.00097831 -0.116638
0.511719 0.160156 -0.0759765 -0.00410975 -0.0620385 -0.000653324 -0.134887
0.511719 0.167969 -0.0855406 -0.00386885 -0.0709653 -0.000227268 -0.153882
0.511719 0.175781 -0.0954081 -0.00351201 -0.0802122 0.000312039 -0.173602
0.511719 0.183594 -0.105548 -0.00302822 -0.0897606 0.000976405 -0.194028
0.511719 0.191406 -0.115921 -0.00240725 -0.0995843 0.00177707 -0.215141
0.511719 0.199219 -0.126481 -0.00163973 -0.10965 0.00272449 -0.236919
0.511719 0.207031 -0.137171 -0.000717486 -0.119915 0.00382812 -0.259344
0.511719 0.214844 -0.14793 0.000366336 -0.130331 0.00509618 -0.282393
0.511719 0.222656 -0.158688 0.001617 -0.14084 0.00653542 -0.306046
0.511719 0.230469 -0.169369 0.00303796 -0.151379 0.0081509 -0.33028
0.511719 0.238281 -0.17989 0.0046307 -0.161877 0.00994576 -0.355072
0.511719 0.246094 -0.190166 0.00639452 -0.172257 0.011921 -0.380399
0.511719 0.253906 -0.200108 0.0083264 -0.182439 0.0140754 -0.406235
0.511719 0.261719 -0.209625 0.0104209 -0.192337 0.0164051 -0.432555
0.511719 0.269531 -0.218629 0.0126701 -0.201866 0.0189039 -0.45933
0.511719 0.277344 -0.22703 0.0150636 -0.210937 0.0215628 -0.486531
0.511719 0.285156 -0.234746 0.0175885 -0.219466 0.0243705 -0.514126
0.511719 0.292969 -0.241699 0.02023 -0.227369 0.027313 -0.542081
0.511719 0.300781 -0.24782 0.0229709 -0.234568 0.030374 -0.570361
0.511719 0.308594 -0.253047 0.0257924 -0.240992 0.033535 -0.598929
0.511719 0.316406 -0.257331 0.0286745 -0.246577 0.0367759 -0.627744
0.511719 0.324219 -0.260636 0.031596 -0.25127 0.0400752 -0.656766
0.511719 0.332031 -0.262936 0.0345355 -0.255028 0.0434102 -0.685951
0.511719 0.339844 -0.26422 0.0374716 -0.257821 0.0467578 -0.715255
0.511719 0.347656 -0.26449 0.0403832 -0.25963 0.0500951 -0.744632
0.511719 0.355469 -0.263761 0.0432504 -0.26045 0.0533996 -0.774036
0.511719 0.363281 -0.262061 0.046055 -0.260288 0.0566498 -0.803421
0.511719 0.371094 -0.259427 0.0487802 -0.259163 0.0598257 -0.83274
0.511719 0.378906 -0.255907 0.0514119 -0.257105 0.0629096 -0.861947
0.511719 0.386719 -0.251558 0.0539381 -0.254156 0.0658855 -0.890997
0.511719 0.394531 -0.246442 0.0563496 -0.250363 0.0687406 -0.919847
0.511719 0.402344 -0.240626 0.0586399 -0.245783 0.0714644 -0.948455
0.511719 0.410156 -0.23418 0.0608052 -0.240477 0.0740496 -0.976779
0.511719 0.417969 -0.227175 0.0628444 -0.234511 0.0764915 -1.00478
0.511719 0.425781 -0.21968 0.0647588 -0.227951 0.0787885 -1.03243
0.511719 0.433594 -0.211763 0.0665518 -0.220865 0.0809413 -1.05969
0.511719 0.441406 -0.20349 0.068229 -0.213319 0.0829531 -1.08652
0.511719 0.449219 -0.194919 0.0697974 -0.205376 0.0848295 -1.1129
0.511719 0.457031 -0.186106 0.0712654 -0.197098 0.0865775 -1.13881
0.511719 0.464844 -0.1771 0.0726425 -0.188539 0.0882057 -1.16421
0.511719 0.472656 -0.167944 0.0739385 -0.179751 0.089724 -1.18909
0.511719 0.480469 -0.158675 0.0751638 -0.170778 0.0911427 -1.21342
0.511719 0.488281 -0.149325 0.0763286 -0.161661 0.0924727 -1.23719
0.511719 0.496094 -0.139918 0.0774431 -0.152434 0.093725 -1.26039
0.511719 0.503906 -0.130475 0.0785166 -0.143125 0.0949102 -1.28299
0.511719 0.511719 -0.12101 0.0795581 -0.133757 0.0960386 -1.30498
0.511719 0.519531 -0.111535 0.0805754 -0.124348 0.0971197 -1.32636
0.511719 0.527344 -0.102055 0.0815755 -0.114913 0.0981622 -1.34711
0.511719 0.535156 -0.0925763 0.0825643 -0.105462 0.0991737 -1.36723
0.511719 0.542969 -0.0830987 0.0835464 -0.0960012 0.100161 -1.3867
0.511719 0.550781 -0.073622 0.0845256 -0.0865351 0.101129 -1.40552
0.511719 0.558594 -0.0641443 0.0855042 -0.0770653 0.102082 -1.42369
0.511719 0.566406 -0.0546628 0.0864834 -0.0675923 0.103023 -1.4412
0.511719 0.574219 -0.0451743 0.0874636 -0.0581151 0.103954 -1.45805
0.511719 0.582031 -0.0356757 0.0884439 -0.0486322 0.104876 -1.47425
0.511719 0.589844 -0.0261643 0.0894225 -0.0391419 0.105787 -1.48977
0.511719 0.597656 -0.016638 0.0903966 -0.0296426 0.106686 -1.50464
0.511719 0.605469 -0.00709596 0.0913629 -0.0201332 0.10757 -1.51885
0.511719 0.613281 0.00246184 0.092317 -0.0106132 0.108437 -1.5324
0.511719 0.621094 0.0120339 0.093254 -0.00108328 0.109282 -1.5453
0.511719 0.628906 0.0216173 0.0941685 0.00845487 0.1101 -1.55756
0.511719 0.636719 0.0312077 0.0950545 0.0179982 0.110886 -1.56917
0.511719 0.644531 0.040799 0.0959056 0.0275424 0.111632 -1.58015
0.511719 0.652344 0.0503838 0.096715 0.0370817 0.112334 -1.5905
0.511719 0.660156 0.059953 0.0974757 0.0466087 0.112983 -1.60024
0.511719 0.667969 0.069496 0.0981806 0.0561147 0.113573 -1.60938
0.511719 0.675781 0.079001 0.098822 0.0655896 0.114096 -1.61792
0.511719 0.683594 0.0884545 0.0993926 0.0750218 0.114544 -1.62588
0.511719 0.691406 0.0978423 0.0998848 0.0843986 0.114911 -1.63328
0.511719 0.699219 0.107149 0.100291 0.093706 0.115187 -1.64013
0.511719 0.707031 0.116357 0.100604 0.102929 0.115367 -1.64644
0.511719 0.714844 0.125451 0.100816 0.112052 0.11544 -1.65223
0.511719 0.722656 0.134412 0.10092 0.121057 0.115402 -1.65752
0.511719 0.730469 0.143222 0.10091 0.129928 0.115243 -1.66232
0.511719 0.738281 0.151864 0.100777 0.138648 0.114958 -1.66667
0.511719 0.746094 0.160318 0.100517 0.147197 0.11454 -1.67057
0.511719 0.753906 0.168569 0.100123 0.15556 0.113982 -1.67404
0.511719 0.761719 0.176599 0.0995886 0.163717 0.113279 -1.67712
0.511719 0.769531 0.184392 0.0989094 0.171653 0.112425 -1.67981
0.511719 0.777344 0.191936 0.0980798 0.179352 0.111416 -1.68214
0.511719 0.785156 0.199218 0.0970952 0.1868 0.110246 -1.68413
0.511719 0.792969 0.206232 0.0959507 0.193983 0.108912 -1.68581
0.511719 0.800781 0.212974 0.0946417 0.200893 0.10741 -1.68719
0.511719 0.808594 0.219447 0.0931633 0.207523 0.105737 -1.6883
0.511719 0.816406 0.225663 0.0915099 0.213871 0.103889 -1.68915
0.511719 0.824219 0.231647 0.0896754 0.219942 0.101862 -1.68977
0.511719 0.832031 0.237441 0.0876519 0.225753 0.0996521 -1.69017
0.511719 0.839844 0.243111 0.08543 0.231329 0.0972547 -1.69039
0.511719 0.847656 0.248753 0.0829978 0.236719 0.0946629 -1.69042
0.511719 0.855469 0.254508 0.0803409 0.241995 0.0918682 -1.6903
0.511719 0.863281 0.260571 0.0774416 0.247265 0.0888597 -1.69003
0.511719 0.871094 0.267209 0.0742797 0.252684 0.0856232 -1.68963
0.511719 0.878906 0.274774 0.0708329 0.25847 0.0821414 -1.6891
0.511719 0.886719 0.283724 0.0670778 0.264921 0.0783941 -1.68847
0.511719 0.894531 0.294636 0.0629933 0.272433 0.0743587 -1.68774
0.511719 0.902344 0.308214 0.0585631 0.28152 0.070012 -1.68691
0.511719 0.910156 0.325294 0.0537812 0.292829 0.0653332 -1.686
0.511719 0.917969 0.346828 0.0486571 0.307152 0.0603079 -1.68499
0.511719 0.925781 0.37385 0.0432228 0.325422 0.0549333 -1.68391
0.511719 0.933594 0.407419 0.0375397 0.348697 0.0492253 -1.68274
0.511719 0.941406 0.44852 0.0317042 0.378113 0.0432256 -1.6815
0.511719 0.949219 0.497937 0.0258525 0.414816 0.0370092 -1.68018
0.511719 0.957031 0.556068 0.0201599 0.459842 0.0306918 -1.67879
0.511719 0.964844 0.622692 0.0148334 0.513967 0.0244339 -1.67735
0.511719 0.972656 0.696597 0.0100878 0.577522 0.0184414 -1.67586
0.511719 0.980469 0.775019 0.00609566 0.650095 0.012957 -1.67435
0.511719 0.988281 0.853899 0.00292151 0.729479 0.00822087 -1.67281
0.511719 0.996094 0.939729 0.000544882 0.805825 0.00435063 -1.6714
