x | y | u.x | u.y | uint | vint | p
0.00390625 0.511719 0.000274749 0.103797 0.000274749 0.103797 4.92546
0.0117188 0.511719 0.000460727 0.10997 0.000460727 0.10997 4.91816
0.0195312 0.511719 0.000359901 0.105922 0.000359901 0.105922 4.90638
0.0273438 0.511719 7.15404e-05 0.112105 7.15404e-05 0.112105 4.89007
0.0351562 0.511719 -0.000389319 0.122991 -0.000389319 0.122991 4.86909
0.0429688 0.511719 -0.00104861 0.134925 -0.00104861 0.134925 4.84351
0.0507812 0.511719 -0.00190218 0.146428 -0.00190218 0.146428 4.81338
0.0585938 0.511719 -0.00294399 0.157041 -0.00294399 0.157041 4.77872
0.0664062 0.511719 -0.00416541 0.166692 -0.00416541 0.166692 4.73959
0.0742188 0.511719 -0.0055566 0.175441 -0.0055566 0.175441 4.69605
0.0820312 0.511719 -0.00710722 0.183384 -0.00710722 0.183384 4.64815
0.0898438 0.511719 -0.00880659 0.190625 -0.00880659 0.190625 4.59597
0.0976562 0.511719 -0.010644 0.197265 -0.010644 0.197265 4.53958
0.105469 0.511719 -0.0126088 0.203396 -0.0126088 0.203396 4.47906
0.113281 0.511719 -0.0146906 0.209104 -0.0146906 0.209104 4.41449
0.121094 0.511719 -0.0168793 0.214467 -0.0168793 0.214467 4.34596
0.128906 0.511719 -0.0191653 0.219553 -0.0191653 0.219553 4.27356
0.136719 0.511719 -0.0215394 0.22442 -0.0215394 0.22442 4.19741
0.144531 0.511719 -0.0239932 0.229117 -0.0239932 0.229117 4.11759
0.152344 0.511719 -0.0265187 0.233685 -0.0265187 0.233685 4.03423
0.160156 0.511719 -0.0291083 0.238154 -0.0291083 0.238154 3.94742
0.167969 0.511719 -0.031755 0.242545 -0.031755 0.242545 3.85729
0.175781 0.511719 -0.034452 0.246868 -0.034452 0.246868 3.76397
0.183594 0.511719 -0.037193 0.251128 -0.037193 0.251128 3.66756
0.191406 0.511719 -0.0399716 0.255319 -0.0399716 0.255319 3.5682
0.199219 0.511719 -0.0427817 0.259429 -0.0427817 0.259429 3.46603
0.207031 0.511719 -0.0456172 0.263438 -0.0456172 0.263438 3.36116
0.214844 0.511719 -0.0484717 0.267322 -0.0484717 0.267322 3.25375
0.222656 0.511719 -0.0513388 0.271049 -0.0513388 0.271049 3.14392
0.230469 0.511719 -0.0542121 0.274584 -0.0542121 0.274584 3.03181
0.238281 0.511719 -0.0570848 0.27789 -0.0570848 0.27789 2.91757
0.246094 0.511719 -0.0599498 0.280925 -0.0599498 0.280925 2.80135
0.253906 0.511719 -0.0628 0.283646 -0.0628 0.283646 2.68328
0.261719 0.511719 -0.0656282 0.28601 -0.0656282 0.28601 2.56351
0.269531 0.511719 -0.0684269 0.287973 -0.0684269 0.287973 2.44219
0.277344 0.511719 -0.0711888 0.289491 -0.0711888 0.289491 2.31947
0.285156 0.511719 -0.0739065 0.290524 -0.0739065 0.290524 2.19551
0.292969 0.511719 -0.0765729 0.291034 -0.0765729 0.291034 2.07044
0.300781 0.511719 -0.0791809 0.290983 -0.0791809 0.290983 1.94442
0.308594 0.511719 -0.0817242 0.290341 -0.0817242 0.290341 1.8176
0.316406 0.511719 -0.0841966 0.289081 -0.0841966 0.289081 1.69014
0.324219 0.511719 -0.0865926 0.28718 -0.0865926 0.28718 1.56217
0.332031 0.511719 -0.0889076 0.284622 -0.0889076 0.284622 1.43386
0.339844 0.511719 -0.0911374 0.281395 -0.0911374 0.281395 1.30535
0.347656 0.511719 -0.0932789 0.277495 -0.0932789 0.277495 1.17678
0.355469 0.511719 -0.0953297 0.272923 -0.0953297 0.272923 1.04831
0.363281 0.511719 -0.0972886 0.267685 -0.0972886 0.267685 0.920076
0.371094 0.511719 -0.0991551 0.261794 -0.0991551 0.261794 0.792217
0.378906 0.511719 -0.10093 0.255269 -0.10093 0.255269 0.664875
0.386719 0.511719 -0.102614 0.248131 -0.102614 0.248131 0.538185
0.394531 0.511719 -0.10421 0.240409 -0.10421 0.240409 0.412281
0.402344 0.511719 -0.105721 0.232134 -0.105721 0.232134 0.28729
0.410156 0.511719 -0.107152 0.223341 -0.107152 0.223341 0.163338
0.417969 0.511719 -0.108506 0.214067 -0.108506 0.214067 0.040547
0.425781 0.511719 -0.109789 0.204351 -0.109789 0.204351 -0.0809678
0.433594 0.511719 -0.111006 0.194234 -0.111006 0.194234 -0.201094
0.441406 0.511719 -0.112164 0.183756 -0.112164 0.183756 -0.319724
0.449219 0.511719 -0.11327 0.172958 -0.11327 0.172958 -0.436756
0.457031 0.511719 -0.114329 0.161881 -0.114329 0.161881 -0.552094
0.464844 0.511719 -0.115348 0.150564 -0.115348 0.150564 -0.665645
0.472656 0.511719 -0.116335 0.139044 -0.116335 0.139044 -0.777323
0.480469 0.511719 -0.117296 0.127356 -0.117296 0.127356 -0.887048
0.488281 0.511719 -0.118237 0.115534 -0.118237 0.115534 -0.994743
0.496094 0.511719 -0.119166 0.103609 -0.119166 0.103609 -1.10034
0.503906 0.511719 -0.120088 0.0916087 -0.120088 0.0916087 -1.20377
0.511719 0.511719 -0.12101 0.0795581 -0.12101 0.0795581 -1.30498
0.519531 0.511719 -0.121938 0.0674801 -0.121938 0.0674801 -1.40392
0.527344 0.511719 -0.122877 0.0553945 -0.122877 0.0553945 -1.50053
0.535156 0.511719 -0.123833 0.0433185 -0.123833 0.0433185 -1.59478
0.542969 0.511719 -0.124813 0.0312663 -0.124813 0.0312663 -1.68662
0.550781 0.511719 -0.125821 0.0192498 -0.125821 0.0192498 -1.77603
0.558594 0.511719 -0.126864 0.00727848 -0.126864 0.00727848 -1.86298
0.566406 0.511719 -0.127946 -0.00464095 -0.127946 -0.00464095 -1.94744
0.574219 0.511719 -0.129075 -0.016504 -0.129075 -0.016504 -2.02941
0.582031 0.511719 -0.130256 -0.0283084 -0.130256 -0.0283084 -2.10886
0.589844 0.511719 -0.131496 -0.0400546 -0.131496 -0.0400546 -2.18579
0.597656 0.511719 -0.132802 -0.051745 -0.132802 -0.051745 -2.2602
0.605469 0.511719 -0.134181 -0.0633845 -0.134181 -0.0633845 -2.33209
0.613281 0.511719 -0.13564 -0.0749807 -0.13564 -0.0749807 -2.40147
0.621094 0.511719 -0.137189 -0.0865435 -0.137189 -0.0865435 -2.46834
0.628906 0.511719 -0.138835 -0.0980854 -0.138835 -0.0980854 -2.53273
0.636719 0.511719 -0.140587 -0.109622 -0.140587 -0.109622 -2.59464
0.644531 0.511719 -0.142454 -0.12117 -0.142454 -0.12117 -2.6541
0.652344 0.511719 -0.144445 -0.132751 -0.144445 -0.132751 -2.71113
0.660156 0.511719 -0.146568 -0.144389 -0.146568 -0.144389 -2.76577
0.667969 0.511719 -0.148832 -0.156108 -0.148832 -0.156108 -2.81805
0.675781 0.511719 -0.151241 -0.167937 -0.151241 -0.167937 -2.86799
0.683594 0.511719 -0.153802 -0.179906 -0.153802 -0.179906 -2.91564
0.691406 0.511719 -0.156516 -0.192044 -0.156516 -0.192044 -2.96103
0.699219 0.511719 -0.159382 -0.204383 -0.159382 -0.204383 -3.0042
0.707031 0.511719 -0.162394 -0.216952 -0.162394 -0.216952 -3.04521
0.714844 0.511719 -0.165542 -0.229778 -0.165542 -0.229778 -3.08409
0.722656 0.511719 -0.168808 -0.242881 -0.168808 -0.242881 -3.12089
0.730469 0.511719 -0.172169 -0.256278 -0.172169 -0.256278 -3.15566
0.738281 0.511719 -0.175589 -0.269971 -0.175589 -0.269971 -3.18845
0.746094 0.511719 -0.179027 -0.283954 -0.179027 -0.283954 -3.21931
0.753906 0.511719 -0.182425 -0.298201 -0.182425 -0.298201 -3.24829
0.761719 0.511719 -0.185718 -0.312664 -0.185718 -0.312664 -3.27545
0.769531 0.511719 -0.188825 -0.327275 -0.188825 -0.327275 -3.30084
0.777344 0.511719 -0.191653 -0.341933 -0.191653 -0.341933 -3.32452
0.785156 0.511719 -0.194095 -0.356506 -0.194095 -0.356506 -3.34656
0.792969 0.511719 -0.196034 -0.370826 -0.196034 -0.370826 -3.36701
0.800781 0.511719 -0.197341 -0.384686 -0.197341 -0.384686 -3.38594
0.808594 0.511719 -0.197882 -0.397839 -0.197882 -0.397839 -3.40341
0.816406 0.511719 -0.197519 -0.410003 -0.197519 -0.410003 -3.41951
0.824219 0.511719 -0.196115 -0.420857 -0.196115 -0.420857 -3.43431
0.832031 0.511719 -0.193544 -0.430053 -0.193544 -0.430053 -3.44788
0.839844 0.511719 -0.189696 -0.437224 -0.189696 -0.437224 -3.46031
0.847656 0.511719 -0.184484 -0.441997 -0.184484 -0.441997 -3.47168
0.855469 0.511719 -0.177857 -0.444009 -0.177857 -0.444009 -3.48209
0.863281 0.511719 -0.169802 -0.442927 -0.169802 -0.442927 -3.49161
0.871094 0.511719 -0.160358 -0.438469 -0.160358 -0.438469 -3.50034
0.878906 0.511719 -0.149614 -0.430427 -0.149614 -0.430427 -3.50835
0.886719 0.511719 -0.137718 -0.418684 -0.137718 -0.418684 -3.51572
0.894531 0.511719 -0.12487 -0.403236 -0.12487 -0.403236 -3.52252
0.902344 0.511719 -0.11132 -0.384199 -0.11132 -0.384199 -3.5288
0.910156 0.511719 -0.097359 -0.361814 -0.097359 -0.361814 -3.53461
0.917969 0.511719 -0.0833045 -0.336444 -0.0833045 -0.336444 -3.53998
0.925781 0.511719 -0.0694874 -0.308561 -0.0694874 -0.308561 -3.54492
0.933594 0.511719 -0.0562356 -0.278729 -0.0562356 -0.278729 -3.54945
0.941406 0.511719 -0.0438585 -0.247587 -0.0438585 -0.247587 -3.55357
0.949219 0.511719 -0.0326336 -0.21584 -0.0326336 -0.21584 -3.55725
0.957031 0.511719 -0.0227963 -0.184297 -0.0227963 -0.184297 -3.5605
0.964844 0.511719 -0.0145359 -0.154014 -0.0145359 -0.154014 -3.56329
0.972656 0.511719 -0.00799167 -0.126695 -0.00799167 -0.126695 -3.56561
0.980469 0.511719 -0.00327833 -0.105478 -0.00327833 -0.105478 -3.56745
0.988281 0.511719 -0.000439223 -0.0945508 -0.000439223 -0.0945508 -3.56873
0.996094 0.511719 0.000334172 -0.0776425 0.000334172 -0.0776425 -3.56977
