x | y | u.x | u.y | uint | vint | p
0.00390625 0.511719 7.41132e-05 0.0262957 7.41132e-05 0.0262957 0.0148629
0.0117188 0.511719 0.00057783 0.0732013 0.00057783 0.0732013 0.0149268
0.0195312 0.511719 0.00125926 0.114569 0.00125926 0.114569 0.0148946
0.0273438 0.511719 0.0018208 0.15052 0.0018208 0.15052 0.0148117
0.0351562 0.511719 0.00210893 0.181353 0.00210893 0.181353 0.0146424
0.0429688 0.511719 0.00202041 0.207534 0.00202041 0.207534 0.0143834
0.0507812 0.511719 0.00153022 0.229672 0.00153022 0.229672 0.014022
0.0585938 0.511719 0.000662119 0.248436 0.000662119 0.248436 0.0135524
0.0664062 0.511719 -0.000524607 0.264486 -0.000524607 0.264486 0.0129689
0.0742188 0.511719 -0.00195471 0.278399 -0.00195471 0.278399 0.0122677
0.0820312 0.511719 -0.00355042 0.290637 -0.00355042 0.290637 0.0114461
0.0898438 0.511719 -0.00524129 0.301526 -0.00524129 0.301526 0.0105018
0.0976562 0.511719 -0.00696921 0.311267 -0.00696921 0.311267 0.00943359
0.105469 0.511719 -0.00868982 0.319959 -0.00868982 0.319959 0.00824144
0.113281 0.511719 -0.0103715 0.327625 -0.0103715 0.327625 0.0069265
0.121094 0.511719 -0.011993 0.334239 -0.011993 0.334239 0.00549158
0.128906 0.511719 -0.0135412 0.339754 -0.0135412 0.339754 0.00394124
0.136719 0.511719 -0.0150085 0.34412 -0.0150085 0.34412 0.00228185
0.144531 0.511719 -0.0163911 0.347291 -0.0163911 0.347291 0.000521588
0.152344 0.511719 -0.0176881 0.349243 -0.0176881 0.349243 -0.00132976
0.160156 0.511719 -0.0189004 0.349969 -0.0189004 0.349969 -0.003261
0.167969 0.511719 -0.0200303 0.349483 -0.0200303 0.349483 -0.00525987
0.175781 0.511719 -0.0210813 0.347822 -0.0210813 0.347822 -0.00731336
0.183594 0.511719 -0.0220578 0.345041 -0.0220578 0.345041 -0.00940812
0.191406 0.511719 -0.0229652 0.341213 -0.0229652 0.341213 -0.0115308
0.199219 0.511719 -0.0238093 0.336422 -0.0238093 0.336422 -0.0136684
0.207031 0.511719 -0.0245965 0.330766 -0.0245965 0.330766 -0.0158085
0.214844 0.511719 -0.0253334 0.324347 -0.0253334 0.324347 -0.0179399
0.222656 0.511719 -0.0260265 0.31727 -0.0260265 0.31727 -0.0200521
0.230469 0.511719 -0.0266827 0.309641 -0.0266827 0.309641 -0.0221361
0.238281 0.511719 -0.027308 0.301564 -0.027308 0.301564 -0.024184
0.246094 0.511719 -0.0279085 0.293137 -0.0279085 0.293137 -0.0261895
0.253906 0.511719 -0.0284895 0.284449 -0.0284895 0.284449 -0.0281473
0.261719 0.511719 -0.0290559 0.275583 -0.0290559 0.275583 -0.0300535
0.269531 0.511719 -0.0296117 0.266609 -0.0296117 0.266609 -0.031905
0.277344 0.511719 -0.0301605 0.257589 -0.0301605 0.257589 -0.0336998
0.285156 0.511719 -0.0307053 0.248572 -0.0307053 0.248572 -0.0354368
0.292969 0.511719 -0.0312484 0.239599 -0.0312484 0.239599 -0.0371154
0.300781 0.511719 -0.0317916 0.230699 -0.0317916 0.230699 -0.0387356
0.308594 0.511719 -0.0323362 0.221895 -0.0323362 0.221895 -0.0402976
0.316406 0.511719 -0.0328832 0.213199 -0.0328832 0.213199 -0.0418022
0.324219 0.511719 -0.0334333 0.204619 -0.0334333 0.204619 -0.04325
0.332031 0.511719 -0.0339869 0.196155 -0.0339869 0.196155 -0.044642
0.339844 0.511719 -0.0345444 0.187806 -0.0345444 0.187806 -0.045979
0.347656 0.511719 -0.0351058 0.179564 -0.0351058 0.179564 -0.0472618
0.355469 0.511719 -0.0356713 0.171421 -0.0356713 0.171421 -0.0484912
0.363281 0.511719 -0.0362411 0.163367 -0.0362411 0.163367 -0.0496679
0.371094 0.511719 -0.0368152 0.155391 -0.0368152 0.155391 -0.0507924
0.378906 0.511719 -0.037394 0.147482 -0.037394 0.147482 -0.051865
0.386719 0.511719 -0.0379776 0.139629 -0.0379776 0.139629 -0.0528862
0.394531 0.511719 -0.0385665 0.131821 -0.0385665 0.131821 -0.0538559
0.402344 0.511719 -0.0391611 0.124049 -0.0391611 0.124049 -0.0547744
0.410156 0.511719 -0.0397619 0.116305 -0.0397619 0.116305 -0.0556416
0.417969 0.511719 -0.0403697 0.108582 -0.0403697 0.108582 -0.0564574
0.425781 0.511719 -0.0409849 0.100873 -0.0409849 0.100873 -0.0572217
0.433594 0.511719 -0.0416085 0.0931721 -0.0416085 0.0931721 -0.0579341
0.441406 0.511719 -0.0422411 0.0854756 -0.0422411 0.0854756 -0.0585946
0.449219 0.511719 -0.0428837 0.0777799 -0.0428837 0.0777799 -0.0592028
0.457031 0.511719 -0.0435369 0.0700818 -0.0435369 0.0700818 -0.0597585
0.464844 0.511719 -0.0442017 0.0623793 -0.0442017 0.0623793 -0.0602614
0.472656 0.511719 -0.0448789 0.0546706 -0.0448789 0.0546706 -0.0607114
0.480469 0.511719 -0.0455694 0.0469543 -0.0455694 0.0469543 -0.0611082
0.488281 0.511719 -0.0462739 0.0392293 -0.0462739 0.0392293 -0.0614515
0.496094 0.511719 -0.0469931 0.0314949 -0.0469931 0.0314949 -0.0617414
0.503906 0.511719 -0.047728 0.0237503 -0.047728 0.0237503 -0.0619777
0.511719 0.511719 -0.048479 0.0159949 -0.048479 0.0159949 -0.0621602
0.519531 0.511719 -0.0492468 0.00822822 -0.0492468 0.00822822 -0.0622891
0.527344 0.511719 -0.050032 0.000449628 -0.050032 0.000449628 -0.0623643
0.535156 0.511719 -0.050835 -0.00734151 -0.050835 -0.00734151 -0.0623859
0.542969 0.511719 -0.0516562 -0.0151459 -0.0516562 -0.0151459 -0.0623541
0.550781 0.511719 -0.052496 -0.0229643 -0.052496 -0.0229643 -0.0622689
0.558594 0.511719 -0.0533545 -0.0307976 -0.0533545 -0.0307976 -0.0621306
0.566406 0.511719 -0.0542319 -0.0386467 -0.0542319 -0.0386467 -0.0619395
0.574219 0.511719 -0.055128 -0.0465128 -0.055128 -0.0465128 -0.0616958
0.582031 0.511719 -0.0560428 -0.0543969 -0.0560428 -0.0543969 -0.0614
0.589844 0.511719 -0.0569759 -0.0623001 -0.0569759 -0.0623001 -0.0610523
0.597656 0.511719 -0.0579268 -0.0702236 -0.0579268 -0.0702236 -0.0606532
0.605469 0.511719 -0.0588949 -0.0781686 -0.0588949 -0.0781686 -0.0602033
0.613281 0.511719 -0.0598793 -0.0861359 -0.0598793 -0.0861359 -0.0597029
0.621094 0.511719 -0.0608789 -0.0941266 -0.0608789 -0.0941266 -0.0591528
0.628906 0.511719 -0.0618925 -0.102141 -0.0618925 -0.102141 -0.0585534
0.636719 0.511719 -0.0629186 -0.11018 -0.0629186 -0.11018 -0.0579056
0.644531 0.511719 -0.0639555 -0.118243 -0.0639555 -0.118243 -0.0572099
0.652344 0.511719 -0.065001 -0.12633 -0.065001 -0.12633 -0.0564672
0.660156 0.511719 -0.0660532 -0.134441 -0.0660532 -0.134441 -0.0556783
0.667969 0.511719 -0.0671095 -0.142572 -0.0671095 -0.142572 -0.0548441
0.675781 0.511719 -0.0681676 -0.150724 -0.0681676 -0.150724 -0.0539657
0.683594 0.511719 -0.0692248 -0.158893 -0.0692248 -0.158893 -0.0530442
0.691406 0.511719 -0.0702787 -0.167077 -0.0702787 -0.167077 -0.0520806
0.699219 0.511719 -0.0713271 -0.175273 -0.0713271 -0.175273 -0.0510763
0.707031 0.511719 -0.0723682 -0.183479 -0.0723682 -0.183479 -0.0500325
0.714844 0.511719 -0.073401 -0.191693 -0.073401 -0.191693 -0.0489507
0.722656 0.511719 -0.0744257 -0.199915 -0.0744257 -0.199915 -0.0478323
0.730469 0.511719 -0.075444 -0.20815 -0.075444 -0.20815 -0.0466788
0.738281 0.511719 -0.0764598 -0.216406 -0.0764598 -0.216406 -0.0454917
0.746094 0.511719 -0.0774801 -0.224696 -0.0774801 -0.224696 -0.0442723
0.753906 0.511719 -0.0785153 -0.233045 -0.0785153 -0.233045 -0.043022
0.761719 0.511719 -0.0795803 -0.24149 -0.0795803 -0.24149 -0.0417416
0.769531 0.511719 -0.0806951 -0.250082 -0.0806951 -0.250082 -0.0404317
0.777344 0.511719 -0.0818855 -0.258892 -0.0818855 -0.258892 -0.0390924
0.785156 0.511719 -0.0831834 -0.268016 -0.0831834 -0.268016 -0.0377227
0.792969 0.511719 -0.0846262 -0.277573 -0.0846262 -0.277573 -0.0363208
0.800781 0.511719 -0.0862561 -0.287714 -0.0862561 -0.287714 -0.0348837
0.808594 0.511719 -0.0881171 -0.298611 -0.0881171 -0.298611 -0.0334067
0.816406 0.511719 -0.0902516 -0.310462 -0.0902516 -0.310462 -0.0318833
0.824219 0.511719 -0.092694 -0.32347 -0.092694 -0.32347 -0.0303052
0.832031 0.511719 -0.0954629 -0.337833 -0.0954629 -0.337833 -0.028662
0.839844 0.511719 -0.0985506 -0.353705 -0.0985506 -0.353705 -0.0269413
0.847656 0.511719 -0.101911 -0.371166 -0.101911 -0.371166 -0.0251295
0.855469 0.511719 -0.105448 -0.39016 -0.105448 -0.39016 -0.0232126
0.863281 0.511719 -0.109 -0.410446 -0.109 -0.410446 -0.0211776
0.871094 0.511719 -0.112334 -0.431526 -0.112334 -0.431526 -0.0190152
0.878906 0.511719 -0.115142 -0.452585 -0.115142 -0.452585 -0.0167233
0.886719 0.511719 -0.117047 -0.47245 -0.117047 -0.47245 -0.0143107
0.894531 0.511719 -0.117622 -0.48958 -0.117622 -0.48958 -0.0118022
0.902344 0.511719 -0.116431 -0.50211 -0.116431 -0.50211 -0.00924183
0.910156 0.511719 -0.113075 -0.507969 -0.113075 -0.507969 -0.00669551
0.917969 0.511719 -0.10727 -0.505088 -0.10727 -0.505088 -0.00424893
0.925781 0.511719 -0.0989081 -0.491685 -0.0989081 -0.491685 -0.00200072
0.933594 0.511719 -0.0881329 -0.466606 -0.0881329 -0.466606 -5.02532e-05
0.941406 0.511719 -0.0753668 -0.429636 -0.0753668 -0.429636 0.00151984
0.949219 0.511719 -0.0613047 -0.381713 -0.0613047 -0.381713 0.00265811
0.957031 0.511719 -0.0468429 -0.324935 -0.0468429 -0.324935 0.00336172
0.964844 0.511719 -0.0329811 -0.26234 -0.0329811 -0.26234 0.00366292
0.972656 0.511719 -0.0206601 -0.19748 -0.0206601 -0.19748 0.00365755
0.980469 0.511719 -0.010737 -0.133918 -0.010737 -0.133918 0.003388
0.988281 0.511719 -0.00369643 -0.0747553 -0.00369643 -0.0747553 0.00307839
0.996094 0.511719 -0.000226982 -0.022266 -0.000226982 -0.022266 0.00245468
