x | y | u.x | u.y | uint | vint | p
0.511719 0.00390625 -0.0152929 2.66818e-05 0.0302995 -8.35414e-05 0.0345354
0.511719 0.0117188 -0.0434128 0.000103256 -0.00111233 -8.70641e-05 0.0345342
0.511719 0.0195312 -0.0693763 9.19935e-05 -0.0301718 0.000134033 0.0344983
0.511719 0.0273438 -0.0934376 -0.000110397 -0.0571669 0.00050369 0.0344272
0.511719 0.0351562 -0.115914 -0.000549548 -0.0822587 0.000830393 0.034304
0.511719 0.0429688 -0.137132 -0.00123132 -0.105688 0.0010275 0.0341152
0.511719 0.0507812 -0.157416 -0.00212416 -0.127712 0.0010373 0.0338444
0.511719 0.0585938 -0.17705 -0.00317218 -0.148621 0.0008557 0.0334752
0.511719 0.0664062 -0.196246 -0.00430676 -0.168693 0.000511964 0.0329902
0.511719 0.0742188 -0.215122 -0.00545771 -0.188168 6.01262e-05 0.0323719
0.511719 0.0820312 -0.233689 -0.00656138 -0.207211 -0.000435409 0.0316029
0.511719 0.0898438 -0.251861 -0.00756564 -0.225897 -0.000910558 0.0306668
0.511719 0.0976562 -0.269468 -0.00843163 -0.244196 -0.00130983 0.0295487
0.511719 0.105469 -0.286279 -0.00913341 -0.26199 -0.00159074 0.0282364
0.511719 0.113281 -0.30203 -0.00965635 -0.279085 -0.00172518 0.0267215
0.511719 0.121094 -0.316446 -0.00999527 -0.29524 -0.00169854 0.025
0.511719 0.128906 -0.329267 -0.0101527 -0.310188 -0.00150775 0.0230736
0.511719 0.136719 -0.340264 -0.0101378 -0.323665 -0.00115911 0.0209495
0.511719 0.144531 -0.349255 -0.00996498 -0.335428 -0.000666214 0.0186409
0.511719 0.152344 -0.356115 -0.00965324 -0.345275 -4.82737e-05 0.0161665
0.511719 0.160156 -0.360786 -0.009225 -0.353054 0.00067138 0.0135495
0.511719 0.167969 -0.363274 -0.00870493 -0.358677 0.00146673 0.0108169
0.511719 0.175781 -0.36365 -0.0081186 -0.362121 0.00231051 0.00799761
0.511719 0.183594 -0.362043 -0.00749107 -0.363428 0.0031757 0.00512154
0.511719 0.191406 -0.358633 -0.00684559 -0.362701 0.00403695 0.00221785
0.511719 0.199219 -0.353632 -0.00620254 -0.360095 0.00487182 -0.000686236
0.511719 0.207031 -0.347279 -0.00557858 -0.355808 0.00566185 -0.00356634
0.511719 0.214844 -0.339819 -0.00498621 -0.350066 0.00639322 -0.00640167
0.511719 0.222656 -0.331499 -0.0044336 -0.34311 0.00705699 -0.00917533
0.511719 0.230469 -0.322549 -0.00392481 -0.335185 0.00764912 -0.0118744
0.511719 0.238281 -0.313182 -0.00346019 -0.326527 0.00817003 -0.0144896
0.511719 0.246094 -0.303582 -0.00303697 -0.317354 0.008624 -0.0170153
0.511719 0.253906 -0.293905 -0.00264995 -0.307862 0.00901839 -0.0194486
0.511719 0.261719 -0.284276 -0.00229222 -0.29822 0.0093628 -0.0217889
0.511719 0.269531 -0.27479 -0.00195588 -0.288564 0.00966821 -0.0240376
0.511719 0.277344 -0.265516 -0.00163261 -0.279004 0.00994618 -0.0261973
0.511719 0.285156 -0.256496 -0.00131422 -0.269619 0.0102082 -0.0282717
0.511719 0.292969 -0.247753 -0.000993087 -0.260464 0.0104651 -0.0302647
0.511719 0.300781 -0.239293 -0.000662397 -0.25157 0.0107267 -0.0321805
0.511719 0.308594 -0.231108 -0.000316378 -0.242953 0.0110013 -0.0340233
0.511719 0.316406 -0.223179 4.96234e-05 -0.23461 0.011296 -0.0357971
0.511719 0.324219 -0.215484 0.000439125 -0.22653 0.0116161 -0.0375054
0.511719 0.332031 -0.207993 0.000854562 -0.218692 0.0119656 -0.0391514
0.511719 0.339844 -0.200678 0.00129738 -0.21107 0.012347 -0.0407378
0.511719 0.347656 -0.19351 0.00176815 -0.203637 0.0127615 -0.042267
0.511719 0.355469 -0.186458 0.00226675 -0.196364 0.0132094 -0.0437407
0.511719 0.363281 -0.179499 0.00279245 -0.189222 0.01369 -0.0451603
0.511719 0.371094 -0.172609 0.0033441 -0.182186 0.0142021 -0.046527
0.511719 0.378906 -0.165767 0.00392023 -0.17523 0.0147438 -0.0478414
0.511719 0.386719 -0.158956 0.00451921 -0.168335 0.015313 -0.049104
0.511719 0.394531 -0.152163 0.00513928 -0.161481 0.0159075 -0.0503151
0.511719 0.402344 -0.145376 0.00577868 -0.154653 0.0165249 -0.0514746
0.511719 0.410156 -0.138586 0.0064357 -0.147838 0.0171627 -0.0525826
0.511719 0.417969 -0.131786 0.00710868 -0.141027 0.0178187 -0.0536388
0.511719 0.425781 -0.124971 0.00779612 -0.134211 0.0184907 -0.054643
0.511719 0.433594 -0.118137 0.00849661 -0.127384 0.0191769 -0.0555948
0.511719 0.441406 -0.111281 0.00920888 -0.120542 0.0198753 -0.0564938
0.511719 0.449219 -0.104402 0.00993181 -0.113682 0.0205843 -0.0573398
0.511719 0.457031 -0.0974995 0.0106644 -0.1068 0.0213026 -0.0581324
0.511719 0.464844 -0.0905719 0.0114056 -0.0998968 0.0220287 -0.0588712
0.511719 0.472656 -0.0836193 0.0121548 -0.09297 0.0227616 -0.059556
0.511719 0.480469 -0.0766415 0.0129112 -0.0860195 0.0235003 -0.0601864
0.511719 0.488281 -0.0696386 0.013674 -0.0790451 0.0242438 -0.0607622
0.511719 0.496094 -0.0626106 0.0144426 -0.0720466 0.0249913 -0.0612833
0.511719 0.503906 -0.0555574 0.0152165 -0.065024 0.025742 -0.0617493
0.511719 0.511719 -0.048479 0.0159949 -0.0579772 0.0264951 -0.0621602
0.511719 0.519531 -0.041375 0.0167773 -0.0509063 0.02725 -0.062516
0.511719 0.527344 -0.0342453 0.0175631 -0.043811 0.0280059 -0.0628165
0.511719 0.535156 -0.0270893 0.0183516 -0.0366911 0.0287621 -0.0630617
0.511719 0.542969 -0.0199064 0.0191421 -0.0295462 0.029518 -0.0632518
0.511719 0.550781 -0.0126959 0.019934 -0.0223759 0.0302727 -0.0633867
0.511719 0.558594 -0.00545683 0.0207264 -0.0151795 0.0310255 -0.0634667
0.511719 0.566406 0.00181188 0.0215187 -0.00795629 0.0317756 -0.0634918
0.511719 0.574219 0.00911151 0.0223099 -0.000705235 0.0325221 -0.0634624
0.511719 0.582031 0.0164436 0.0230993 0.00657474 0.0332643 -0.0633786
0.511719 0.589844 0.0238097 0.023886 0.013885 0.0340011 -0.0632408
0.511719 0.597656 0.031212 0.0246689 0.021227 0.0347317 -0.0630494
0.511719 0.605469 0.0386527 0.0254472 0.0286025 0.0354552 -0.0628048
0.511719 0.613281 0.0461342 0.0262198 0.0360137 0.0361704 -0.0625074
0.511719 0.621094 0.0536595 0.0269858 0.0434629 0.0368765 -0.0621576
0.511719 0.628906 0.0612317 0.0277441 0.0509526 0.0375723 -0.0617561
0.511719 0.636719 0.0688544 0.0284936 0.058486 0.038257 -0.0613033
0.511719 0.644531 0.0765316 0.0292334 0.0660663 0.0389294 -0.0608
0.511719 0.652344 0.0842676 0.0299623 0.0736974 0.0395884 -0.0602467
0.511719 0.660156 0.0920671 0.0306793 0.0813834 0.0402331 -0.0596442
0.511719 0.667969 0.0999351 0.0313833 0.0891287 0.0408623 -0.0589931
0.511719 0.675781 0.107877 0.0320732 0.0969382 0.0414751 -0.0582943
0.511719 0.683594 0.115898 0.032748 0.104817 0.0420703 -0.0575485
0.511719 0.691406 0.124004 0.0334065 0.112771 0.0426468 -0.0567566
0.511719 0.699219 0.1322 0.0340475 0.120805 0.0432035 -0.0559196
0.511719 0.707031 0.140491 0.0346699 0.128925 0.0437392 -0.0550383
0.511719 0.714844 0.148883 0.0352724 0.137136 0.0442526 -0.0541139
0.511719 0.722656 0.15738 0.0358535 0.145444 0.0447424 -0.0531474
0.511719 0.730469 0.165984 0.0364117 0.153852 0.045207 -0.0521402
0.511719 0.738281 0.174697 0.0369453 0.162365 0.0456448 -0.0510935
0.511719 0.746094 0.18352 0.0374524 0.170984 0.0460539 -0.0500089
0.511719 0.753906 0.192449 0.0379309 0.179711 0.0464321 -0.0488881
0.511719 0.761719 0.201481 0.0383781 0.188543 0.046777 -0.047733
0.511719 0.769531 0.210607 0.0387914 0.197478 0.0470858 -0.0465457
0.511719 0.777344 0.219816 0.0391676 0.206509 0.0473553 -0.0453288
0.511719 0.785156 0.229093 0.0395029 0.215625 0.0475819 -0.044085
0.511719 0.792969 0.238419 0.0397935 0.224813 0.0477614 -0.0428174
0.511719 0.800781 0.247769 0.0400347 0.234055 0.0478895 -0.0415297
0.511719 0.808594 0.257114 0.0402217 0.243329 0.0479609 -0.0402258
0.511719 0.816406 0.26642 0.040349 0.252608 0.0479702 -0.0389103
0.511719 0.824219 0.275649 0.0404108 0.261859 0.0479114 -0.0375881
0.511719 0.832031 0.284756 0.040401 0.271045 0.0477779 -0.0362649
0.511719 0.839844 0.293692 0.0403129 0.280124 0.0475631 -0.0349467
0.511719 0.847656 0.302406 0.0401399 0.289049 0.0472599 -0.03364
0.511719 0.855469 0.310842 0.0398747 0.297769 0.046861 -0.032352
0.511719 0.863281 0.318943 0.0395096 0.306228 0.0463591 -0.03109
0.511719 0.871094 0.326659 0.039036 0.314368 0.0457467 -0.0298618
0.511719 0.878906 0.333948 0.0384433 0.32213 0.0450162 -0.0286754
0.511719 0.886719 0.3408 0.0377173 0.329458 0.0441592 -0.0275387
0.511719 0.894531 0.347259 0.0368377 0.336306 0.043166 -0.0264593
0.511719 0.902344 0.353473 0.035774 0.342659 0.042023 -0.0254441
0.511719 0.910156 0.359774 0.0344808 0.348559 0.0407101 -0.0244989
0.511719 0.917969 0.36679 0.0328946 0.354166 0.039195 -0.0236274
0.511719 0.925781 0.375595 0.0309322 0.359855 0.0374282 -0.0228312
0.511719 0.933594 0.387872 0.0284985 0.36636 0.0353366 -0.0221084
0.511719 0.941406 0.406047 0.0255043 0.374967 0.0328245 -0.0214546
0.511719 0.949219 0.433316 0.0219017 0.387721 0.0297814 -0.0208617
0.511719 0.957031 0.473448 0.0177282 0.40759 0.0261124 -0.0203223
0.511719 0.964844 0.530243 0.0131646 0.438462 0.021776 -0.0198249
0.511719 0.972656 0.60658 0.00855479 0.484825 0.0168658 -0.0193753
0.511719 0.980469 0.703074 0.00444028 0.550988 0.0116237 -0.0189518
0.511719 0.988281 0.816646 0.00137195 0.639712 0.00660632 -0.0186269
0.511719 0.996094 0.939613 -1.06483e-05 0.750411 0.00233357 -0.0182586
