x | y | u.x | u.y | uint | vint | p
0.511719 0.00390625 -0.00558925 -0.000292917 0.0107477 0.000592551 0.282931
0.511719 0.0117188 -0.0148309 -0.00074275 -0.000725978 -8.47413e-05 0.28306
0.511719 0.0195312 -0.0221164 -0.00113297 -0.0109999 -0.000555048 0.282825
0.511719 0.0273438 -0.0292182 -0.0015697 -0.018439 -0.000873643 0.282485
0.511719 0.0351562 -0.0363789 -0.00203342 -0.0255477 -0.00122127 0.282018
0.511719 0.0429688 -0.0435309 -0.00252784 -0.0327522 -0.00156795 0.281419
0.511719 0.0507812 -0.0507182 -0.00305343 -0.0399323 -0.00192123 0.280686
0.511719 0.0585938 -0.0580345 -0.00360813 -0.047104 -0.00228462 0.279814
0.511719 0.0664062 -0.0655516 -0.00418762 -0.0543678 -0.00265865 0.278798
0.511719 0.0742188 -0.0733091 -0.00478586 -0.0618079 -0.00304111 0.277636
0.511719 0.0820312 -0.0813269 -0.00539551 -0.0694713 -0.00342763 0.276321
0.511719 0.0898438 -0.0896163 -0.0060082 -0.0773798 -0.00381219 0.274851
0.511719 0.0976562 -0.0981868 -0.00661473 -0.0855443 -0.00418749 0.27322
0.511719 0.105469 -0.107046 -0.00720515 -0.0939733 -0.00454521 0.271426
0.511719 0.113281 -0.116201 -0.00776894 -0.102675 -0.00487612 0.269465
0.511719 0.121094 -0.125653 -0.00829504 -0.111655 -0.00517021 0.267335
0.511719 0.128906 -0.1354 -0.0087721 -0.120919 -0.00541684 0.265031
0.511719 0.136719 -0.14543 -0.00918854 -0.130466 -0.0056049 0.262552
0.511719 0.144531 -0.155726 -0.00953278 -0.140289 -0.00572303 0.259895
0.511719 0.152344 -0.166264 -0.00979342 -0.150374 -0.00575979 0.257057
0.511719 0.160156 -0.177008 -0.00995935 -0.1607 -0.00570386 0.254037
0.511719 0.167969 -0.187919 -0.01002 -0.171238 -0.00554432 0.25083
0.511719 0.175781 -0.198945 -0.0099654 -0.181952 -0.00527077 0.247436
0.511719 0.183594 -0.210028 -0.00978657 -0.192795 -0.0048736 0.243851
0.511719 0.191406 -0.221102 -0.00947548 -0.203715 -0.00434419 0.240073
0.511719 0.199219 -0.232096 -0.00902537 -0.214652 -0.0036751 0.236101
0.511719 0.207031 -0.242931 -0.00843086 -0.225538 -0.00286025 0.231931
0.511719 0.214844 -0.253522 -0.00768816 -0.236299 -0.00189515 0.227562
0.511719 0.222656 -0.263782 -0.00679522 -0.246855 -0.000777029 0.222993
0.511719 0.230469 -0.273622 -0.00575185 -0.257122 0.000495002 0.218222
0.511719 0.238281 -0.282951 -0.00455987 -0.267015 0.00191982 0.213247
0.511719 0.246094 -0.29168 -0.00322311 -0.276446 0.00349423 0.20807
0.511719 0.253906 -0.299725 -0.00174753 -0.285326 0.00521285 0.202691
0.511719 0.261719 -0.307003 -0.000141141 -0.293572 0.00706819 0.197111
0.511719 0.269531 -0.313442 0.00158608 -0.301101 0.00905064 0.191331
0.511719 0.277344 -0.318975 0.00342227 -0.307838 0.0111486 0.185355
0.511719 0.285156 -0.323549 0.00535396 -0.313717 0.0133487 0.179187
0.511719 0.292969 -0.32712 0.00736624 -0.318678 0.0156359 0.17283
0.511719 0.300781 -0.329657 0.00944313 -0.322674 0.0179938 0.16629
0.511719 0.308594 -0.331141 0.0115679 -0.325669 0.0204051 0.159571
0.511719 0.316406 -0.33157 0.0137234 -0.327639 0.0228518 0.152679
0.511719 0.324219 -0.33095 0.0158925 -0.328573 0.0253157 0.145618
0.511719 0.332031 -0.329304 0.0180586 -0.328474 0.0277787 0.138394
0.511719 0.339844 -0.326665 0.0202056 -0.327356 0.0302232 0.131011
0.511719 0.347656 -0.323076 0.0223188 -0.325245 0.0326326 0.123472
0.511719 0.355469 -0.31859 0.0243845 -0.322179 0.0349916 0.11578
0.511719 0.363281 -0.313269 0.0263912 -0.318205 0.0372863 0.107936
0.511719 0.371094 -0.307177 0.0283287 -0.313377 0.0395048 0.0999406
0.511719 0.378906 -0.300385 0.0301892 -0.307756 0.0416372 0.0917918
0.511719 0.386719 -0.292967 0.0319665 -0.301409 0.0436756 0.0834873
0.511719 0.394531 -0.284994 0.0336569 -0.294405 0.0456142 0.075023
0.511719 0.402344 -0.276539 0.0352584 -0.286815 0.0474496 0.066394
0.511719 0.410156 -0.267671 0.0367709 -0.278707 0.0491803 0.0575939
0.511719 0.417969 -0.258456 0.038196 -0.270152 0.0508069 0.0486159
0.511719 0.425781 -0.248957 0.0395368 -0.261214 0.0523316 0.0394523
0.511719 0.433594 -0.239228 0.040798 -0.251957 0.0537583 0.030095
0.511719 0.441406 -0.229321 0.041985 -0.242436 0.0550924 0.020536
0.511719 0.449219 -0.219279 0.0431043 -0.232704 0.0563401 0.0107672
0.511719 0.457031 -0.209142 0.0441629 -0.222808 0.0575089 0.000781318
0.511719 0.464844 -0.19894 0.0451685 -0.212788 0.0586064 -0.00942862
0.511719 0.472656 -0.188701 0.0461285 -0.202678 0.0596412 -0.0198684
0.511719 0.480469 -0.178444 0.0470508 -0.192507 0.0606215 -0.0305429
0.511719 0.488281 -0.168186 0.0479428 -0.182298 0.0615557 -0.0414552
0.511719 0.496094 -0.157937 0.0488117 -0.172071 0.0624521 -0.0526073
0.511719 0.503906 -0.147705 0.0496643 -0.161838 0.0633186 -0.0639994
0.511719 0.511719 -0.137492 0.0505068 -0.151609 0.0641623 -0.0756299
0.511719 0.519531 -0.127298 0.051345 -0.141389 0.0649902 -0.0874954
0.511719 0.527344 -0.117123 0.0521837 -0.131182 0.0658081 -0.0995907
0.511719 0.535156 -0.106961 0.0530272 -0.120987 0.0666216 -0.111909
0.511719 0.542969 -0.0968079 0.0538792 -0.110802 0.0674351 -0.124441
0.511719 0.550781 -0.0866567 0.0547424 -0.100624 0.0682524 -0.137176
0.511719 0.558594 -0.0765007 0.0556189 -0.0904469 0.0690766 -0.150103
0.511719 0.566406 -0.0663326 0.0565103 -0.0802658 0.0699098 -0.163206
0.511719 0.574219 -0.0561454 0.0574171 -0.0700745 0.0707536 -0.176472
0.511719 0.582031 -0.0459323 0.0583396 -0.0598667 0.0716086 -0.189884
0.511719 0.589844 -0.0356871 0.0592772 -0.0496363 0.0724749 -0.203423
0.511719 0.597656 -0.0254044 0.0602287 -0.0393779 0.0733519 -0.217072
0.511719 0.605469 -0.0150796 0.0611925 -0.0290865 0.0742382 -0.230811
0.511719 0.613281 -0.00470941 0.0621664 -0.0187578 0.075132 -0.244619
0.511719 0.621094 0.00570861 0.0631475 -0.00838867 0.0760309 -0.258478
0.511719 0.628906 0.0161755 0.0641327 0.00202304 0.0769318 -0.272365
0.511719 0.636719 0.026691 0.0651183 0.0124783 0.0778313 -0.28626
0.511719 0.644531 0.0372536 0.0661002 0.022977 0.0787254 -0.300143
0.511719 0.652344 0.0478603 0.0670739 0.0335174 0.0796096 -0.313991
0.511719 0.660156 0.0585068 0.0680344 0.0440968 0.0804791 -0.327787
0.511719 0.667969 0.0691872 0.0689763 0.0547108 0.0813286 -0.341508
0.511719 0.675781 0.0798945 0.0698941 0.0653539 0.0821525 -0.355137
0.511719 0.683594 0.0906202 0.0707816 0.076019 0.0829448 -0.368653
0.511719 0.691406 0.101354 0.0716326 0.0866979 0.0836989 -0.38204
0.511719 0.699219 0.112085 0.0724403 0.0973807 0.0844084 -0.39528
0.511719 0.707031 0.122801 0.0731977 0.108056 0.0850661 -0.408357
0.511719 0.714844 0.133489 0.0738977 0.118713 0.0856648 -0.421254
0.511719 0.722656 0.144132 0.0745329 0.129337 0.0861971 -0.433957
0.511719 0.730469 0.154717 0.0750955 0.139913 0.0866552 -0.446452
0.511719 0.738281 0.165226 0.0755779 0.150427 0.0870312 -0.458727
0.511719 0.746094 0.175643 0.075972 0.160862 0.0873172 -0.470768
0.511719 0.753906 0.185949 0.0762698 0.171201 0.0875051 -0.482565
0.511719 0.761719 0.196127 0.0764634 0.181426 0.0875869 -0.494106
0.511719 0.769531 0.206159 0.0765447 0.19152 0.0875544 -0.505382
0.511719 0.777344 0.216027 0.0765054 0.201464 0.0873996 -0.516384
0.511719 0.785156 0.225715 0.0763376 0.211241 0.0871147 -0.527101
0.511719 0.792969 0.235208 0.076033 0.220833 0.0866916 -0.537528
0.511719 0.800781 0.244492 0.0755833 0.230224 0.0861229 -0.547655
0.511719 0.808594 0.253559 0.07498 0.239399 0.0854007 -0.557476
0.511719 0.816406 0.262406 0.074214 0.248346 0.0845174 -0.566983
0.511719 0.824219 0.271036 0.0732753 0.257056 0.0834652 -0.576171
0.511719 0.832031 0.279467 0.0721529 0.265528 0.0822359 -0.585032
0.511719 0.839844 0.287732 0.0708341 0.273767 0.0808203 -0.59356
0.511719 0.847656 0.295892 0.0693037 0.281793 0.0792083 -0.601748
0.511719 0.855469 0.304039 0.0675441 0.289644 0.0773879 -0.609591
0.511719 0.863281 0.312314 0.0655342 0.297387 0.0753447 -0.61708
0.511719 0.871094 0.320919 0.0632497 0.305125 0.0730614 -0.624208
0.511719 0.878906 0.330135 0.0606633 0.313015 0.0705168 -0.630968
0.511719 0.886719 0.340342 0.0577459 0.321286 0.0676864 -0.637349
0.511719 0.894531 0.352037 0.054469 0.330255 0.0645421 -0.643343
0.511719 0.902344 0.365845 0.050808 0.340353 0.0610544 -0.648938
0.511719 0.910156 0.382531 0.0467481 0.352143 0.0571942 -0.654123
0.511719 0.917969 0.40299 0.0422905 0.366336 0.0529381 -0.658885
0.511719 0.925781 0.42822 0.0374609 0.383802 0.048274 -0.663213
0.511719 0.933594 0.459265 0.0323177 0.40555 0.0432095 -0.667095
0.511719 0.941406 0.497126 0.0269601 0.432698 0.0377807 -0.67052
0.511719 0.949219 0.542626 0.0215332 0.466398 0.0320626 -0.673479
0.511719 0.957031 0.596244 0.0162298 0.507719 0.0261768 -0.675966
0.511719 0.964844 0.657956 0.0112835 0.55747 0.0202979 -0.67798
0.511719 0.972656 0.727137 0.00695369 0.615991 0.0146533 -0.679522
0.511719 0.980469 0.802515 0.0035005 0.683029 0.00951304 -0.680597
0.511719 0.988281 0.88173 0.00113397 0.757855 0.00517972 -0.681233
0.511719 0.996094 0.960664 7.02759e-05 0.838981 0.00187728 -0.681305
