x | y | u.x | u.y | uint | vint | p
0.00390625 0.511719 -2.28499e-06 0.016007 -2.28499e-06 0.016007 0.0133812
0.0117188 0.511719 -0.000142684 0.0453229 -0.000142684 0.0453229 0.0133062
0.0195312 0.511719 -0.000481378 0.0720722 -0.000481378 0.0720722 0.013243
0.0273438 0.511719 -0.00103456 0.0963632 -0.00103456 0.0963632 0.0131491
0.0351562 0.511719 -0.00182801 0.11833 -0.00182801 0.11833 0.0130354
0.0429688 0.511719 -0.00287186 0.138115 -0.00287186 0.138115 0.0128891
0.0507812 0.511719 -0.00417112 0.155876 -0.00417112 0.155876 0.0127072
0.0585938 0.511719 -0.00572178 0.171782 -0.00572178 0.171782 0.0124827
0.0664062 0.511719 -0.00751368 0.186006 -0.00751368 0.186006 0.0122107
0.0742188 0.511719 -0.00953093 0.198723 -0.00953093 0.198723 0.0118863
0.0820312 0.511719 -0.0117536 0.210107 -0.0117536 0.210107 0.0115053
0.0898438 0.511719 -0.0141587 0.220321 -0.0141587 0.220321 0.0110636
0.0976562 0.511719 -0.0167216 0.229518 -0.0167216 0.229518 0.0105579
0.105469 0.511719 -0.0194173 0.237833 -0.0194173 0.237833 0.0099852
0.113281 0.511719 -0.0222208 0.245387 -0.0222208 0.245387 0.00934273
0.121094 0.511719 -0.0251082 0.252278 -0.0251082 0.252278 0.00862809
0.128906 0.511719 -0.0280568 0.258588 -0.0280568 0.258588 0.00783913
0.136719 0.511719 -0.0310459 0.264379 -0.0310459 0.264379 0.00697396
0.144531 0.511719 -0.0340566 0.269697 -0.0340566 0.269697 0.00603094
0.152344 0.511719 -0.0370719 0.27457 -0.0370719 0.27457 0.00500875
0.160156 0.511719 -0.0400767 0.279016 -0.0400767 0.279016 0.00390635
0.167969 0.511719 -0.0430576 0.28304 -0.0430576 0.28304 0.00272308
0.175781 0.511719 -0.0460027 0.286639 -0.0460027 0.286639 0.00145869
0.183594 0.511719 -0.0489016 0.289801 -0.0489016 0.289801 0.000113389
0.191406 0.511719 -0.0517451 0.292514 -0.0517451 0.292514 -0.00131213
0.199219 0.511719 -0.054525 0.294758 -0.054525 0.294758 -0.0028166
0.207031 0.511719 -0.057234 0.296516 -0.057234 0.296516 -0.00439821
0.214844 0.511719 -0.0598657 0.297768 -0.0598657 0.297768 -0.00605452
0.222656 0.511719 -0.0624145 0.298498 -0.0624145 0.298498 -0.00778248
0.230469 0.511719 -0.0648754 0.298689 -0.0648754 0.298689 -0.00957841
0.238281 0.511719 -0.0672441 0.298328 -0.0672441 0.298328 -0.011438
0.246094 0.511719 -0.0695172 0.297406 -0.0695172 0.297406 -0.0133564
0.253906 0.511719 -0.0716917 0.295917 -0.0716917 0.295917 -0.015328
0.261719 0.511719 -0.0737656 0.293857 -0.0737656 0.293857 -0.017347
0.269531 0.511719 -0.0757373 0.291228 -0.0757373 0.291228 -0.0194069
0.277344 0.511719 -0.0776063 0.288034 -0.0776063 0.288034 -0.0215008
0.285156 0.511719 -0.0793725 0.284286 -0.0793725 0.284286 -0.0236215
0.292969 0.511719 -0.0810369 0.279995 -0.0810369 0.279995 -0.0257615
0.300781 0.511719 -0.0826008 0.275177 -0.0826008 0.275177 -0.0279133
0.308594 0.511719 -0.0840667 0.269852 -0.0840667 0.269852 -0.0300691
0.316406 0.511719 -0.0854375 0.264041 -0.0854375 0.264041 -0.0322212
0.324219 0.511719 -0.0867167 0.257771 -0.0867167 0.257771 -0.0343619
0.332031 0.511719 -0.0879085 0.251068 -0.0879085 0.251068 -0.0364837
0.339844 0.511719 -0.0890177 0.24396 -0.0890177 0.24396 -0.0385795
0.347656 0.511719 -0.0900493 0.236478 -0.0900493 0.236478 -0.0406421
0.355469 0.511719 -0.091009 0.228653 -0.091009 0.228653 -0.042665
0.363281 0.511719 -0.0919026 0.220517 -0.0919026 0.220517 -0.044642
0.371094 0.511719 -0.0927361 0.2121 -0.0927361 0.2121 -0.0465674
0.378906 0.511719 -0.093516 0.203435 -0.093516 0.203435 -0.0484357
0.386719 0.511719 -0.0942484 0.194551 -0.0942484 0.194551 -0.0502422
0.394531 0.511719 -0.0949397 0.185479 -0.0949397 0.185479 -0.0519827
0.402344 0.511719 -0.0955962 0.176246 -0.0955962 0.176246 -0.0536532
0.410156 0.511719 -0.0962241 0.166879 -0.0962241 0.166879 -0.0552505
0.417969 0.511719 -0.0968294 0.157403 -0.0968294 0.157403 -0.0567718
0.425781 0.511719 -0.0974178 0.14784 -0.0974178 0.14784 -0.0582147
0.433594 0.511719 -0.097995 0.138212 -0.097995 0.138212 -0.0595772
0.441406 0.511719 -0.0985661 0.128536 -0.0985661 0.128536 -0.0608578
0.449219 0.511719 -0.0991361 0.118831 -0.0991361 0.118831 -0.0620554
0.457031 0.511719 -0.0997098 0.109109 -0.0997098 0.109109 -0.0631692
0.464844 0.511719 -0.100291 0.0993847 -0.100291 0.0993847 -0.0641985
0.472656 0.511719 -0.100885 0.0896674 -0.100885 0.0896674 -0.0651433
0.480469 0.511719 -0.101495 0.0799662 -0.101495 0.0799662 -0.0660034
0.488281 0.511719 -0.102123 0.0702879 -0.102123 0.0702879 -0.0667791
0.496094 0.511719 -0.102774 0.0606379 -0.102774 0.0606379 -0.0674709
0.503906 0.511719 -0.103451 0.05102 -0.103451 0.05102 -0.0680791
0.511719 0.511719 -0.104156 0.0414367 -0.104156 0.0414367 -0.0686046
0.519531 0.511719 -0.104893 0.0318891 -0.104893 0.0318891 -0.069048
0.527344 0.511719 -0.105663 0.0223773 -0.105663 0.0223773 -0.0694103
0.535156 0.511719 -0.106469 0.0129004 -0.106469 0.0129004 -0.0696923
0.542969 0.511719 -0.107314 0.00345645 -0.107314 0.00345645 -0.069895
0.550781 0.511719 -0.108201 -0.00595731 -0.108201 -0.00595731 -0.0700194
0.558594 0.511719 -0.109133 -0.0153446 -0.109133 -0.0153446 -0.0700667
0.566406 0.511719 -0.110111 -0.0247098 -0.110111 -0.0247098 -0.0700377
0.574219 0.511719 -0.111141 -0.0340583 -0.111141 -0.0340583 -0.0699335
0.582031 0.511719 -0.112224 -0.0433965 -0.112224 -0.0433965 -0.0697553
0.589844 0.511719 -0.113366 -0.0527315 -0.113366 -0.0527315 -0.0695038
0.597656 0.511719 -0.114571 -0.0620718 -0.114571 -0.0620718 -0.0691801
0.605469 0.511719 -0.115843 -0.0714268 -0.115843 -0.0714268 -0.0687851
0.613281 0.511719 -0.117188 -0.0808076 -0.117188 -0.0808076 -0.0683196
0.621094 0.511719 -0.118612 -0.0902266 -0.118612 -0.0902266 -0.0677843
0.628906 0.511719 -0.120122 -0.0996982 -0.120122 -0.0996982 -0.0671798
0.636719 0.511719 -0.121724 -0.109239 -0.121724 -0.109239 -0.0665066
0.644531 0.511719 -0.123427 -0.118867 -0.123427 -0.118867 -0.065765
0.652344 0.511719 -0.125239 -0.128603 -0.125239 -0.128603 -0.064955
0.660156 0.511719 -0.127167 -0.138471 -0.127167 -0.138471 -0.0640766
0.667969 0.511719 -0.129222 -0.148497 -0.129222 -0.148497 -0.0631294
0.675781 0.511719 -0.131411 -0.158709 -0.131411 -0.158709 -0.0621127
0.683594 0.511719 -0.133742 -0.16914 -0.133742 -0.16914 -0.0610254
0.691406 0.511719 -0.136222 -0.179822 -0.136222 -0.179822 -0.0598663
0.699219 0.511719 -0.138858 -0.190792 -0.138858 -0.190792 -0.0586336
0.707031 0.511719 -0.141653 -0.202086 -0.141653 -0.202086 -0.057325
0.714844 0.511719 -0.144606 -0.213741 -0.144606 -0.213741 -0.055938
0.722656 0.511719 -0.147714 -0.225793 -0.147714 -0.225793 -0.0544695
0.730469 0.511719 -0.15097 -0.238273 -0.15097 -0.238273 -0.0529162
0.738281 0.511719 -0.154356 -0.251208 -0.154356 -0.251208 -0.0512743
0.746094 0.511719 -0.15785 -0.264616 -0.15785 -0.264616 -0.0495397
0.753906 0.511719 -0.16142 -0.278501 -0.16142 -0.278501 -0.0477085
0.761719 0.511719 -0.165022 -0.292853 -0.165022 -0.292853 -0.0457766
0.769531 0.511719 -0.1686 -0.307639 -0.1686 -0.307639 -0.0437405
0.777344 0.511719 -0.172085 -0.322799 -0.172085 -0.322799 -0.0415973
0.785156 0.511719 -0.175391 -0.338241 -0.175391 -0.338241 -0.0393455
0.792969 0.511719 -0.178418 -0.353834 -0.178418 -0.353834 -0.0369849
0.800781 0.511719 -0.181053 -0.369403 -0.181053 -0.369403 -0.0345182
0.808594 0.511719 -0.183165 -0.384726 -0.183165 -0.384726 -0.0319507
0.816406 0.511719 -0.184612 -0.399526 -0.184612 -0.399526 -0.0292918
0.824219 0.511719 -0.185245 -0.413474 -0.185245 -0.413474 -0.0265551
0.832031 0.511719 -0.184911 -0.426191 -0.184911 -0.426191 -0.0237596
0.839844 0.511719 -0.183458 -0.43725 -0.183458 -0.43725 -0.0209297
0.847656 0.511719 -0.180749 -0.446187 -0.180749 -0.446187 -0.0180955
0.855469 0.511719 -0.176666 -0.452519 -0.176666 -0.452519 -0.0152927
0.863281 0.511719 -0.171122 -0.455762 -0.171122 -0.455762 -0.0125617
0.871094 0.511719 -0.164073 -0.455457 -0.164073 -0.455457 -0.00994624
0.878906 0.511719 -0.155526 -0.451198 -0.155526 -0.451198 -0.00749137
0.886719 0.511719 -0.145548 -0.442665 -0.145548 -0.442665 -0.00524124
0.894531 0.511719 -0.134271 -0.429652 -0.134271 -0.429652 -0.00323607
0.902344 0.511719 -0.121888 -0.412095 -0.121888 -0.412095 -0.00150932
0.910156 0.511719 -0.108657 -0.390093 -0.108657 -0.390093 -8.4887e-05
0.917969 0.511719 -0.0948831 -0.36391 -0.0948831 -0.36391 0.00102467
0.925781 0.511719 -0.0809114 -0.33398 -0.0809114 -0.33398 0.00181986
0.933594 0.511719 -0.0671063 -0.300886 -0.0671063 -0.300886 0.00231299
0.941406 0.511719 -0.0538337 -0.265334 -0.0538337 -0.265334 0.00252997
0.949219 0.511719 -0.0414445 -0.228113 -0.0414445 -0.228113 0.00250103
0.957031 0.511719 -0.0302533 -0.190058 -0.0302533 -0.190058 0.00227415
0.964844 0.511719 -0.0205391 -0.151999 -0.0205391 -0.151999 0.001873
0.972656 0.511719 -0.0125086 -0.114725 -0.0125086 -0.114725 0.00138423
0.980469 0.511719 -0.0063634 -0.0789433 -0.0063634 -0.0789433 0.000740579
0.988281 0.511719 -0.00214351 -0.0452573 -0.00214351 -0.0452573 0.000221881
0.996094 0.511719 -0.000113266 -0.0141175 -0.000113266 -0.0141175 -0.000735031
