x | y | u.x | u.y | uint | vint | p
0.505859 0.00195312 -0.0140345 -1.91542e-05 0.0282144 1.69365e-05 0.243622
0.505859 0.00585938 -0.0329924 -9.09701e-05 -0.00460449 1.79307e-05 0.24338
0.505859 0.00976562 -0.0457444 -0.000172182 -0.0267347 -2.82551e-05 0.243009
0.505859 0.0136719 -0.0544853 -0.000246975 -0.0415027 -9.72353e-05 0.242526
0.505859 0.0175781 -0.060778 -0.000312107 -0.0514582 -0.000162048 0.241928
0.505859 0.0214844 -0.0656793 -0.000370187 -0.0584352 -0.000216597 0.241217
0.505859 0.0253906 -0.0698596 -0.000423924 -0.0636897 -0.000262425 0.240394
0.505859 0.0292969 -0.0737085 -0.000475028 -0.0680323 -0.000301929 0.239462
0.505859 0.0332031 -0.0774259 -0.000524227 -0.0719462 -0.000336757 0.23842
0.505859 0.0371094 -0.0810956 -0.000571752 -0.0756877 -0.000367574 0.237272
0.505859 0.0410156 -0.0847416 -0.000617756 -0.0793704 -0.000394509 0.236018
0.505859 0.0449219 -0.0883633 -0.000662521 -0.0830299 -0.000417605 0.234659
0.505859 0.0488281 -0.0919564 -0.000706484 -0.0866683 -0.000437076 0.233199
0.505859 0.0527344 -0.09552 -0.000750161 -0.0902795 -0.000453352 0.231639
0.505859 0.0566406 -0.099058 -0.000794042 -0.0938607 -0.000467 0.22998
0.505859 0.0605469 -0.102577 -0.000838501 -0.0974141 -0.000478602 0.228226
0.505859 0.0644531 -0.106083 -0.000883736 -0.100946 -0.000488654 0.226379
0.505859 0.0683594 -0.109584 -0.000929752 -0.104463 -0.000497486 0.22444
0.505859 0.0722656 -0.113083 -0.000976352 -0.107972 -0.000505228 0.222414
0.505859 0.0761719 -0.116585 -0.00102316 -0.111478 -0.000511802 0.220301
0.505859 0.0800781 -0.120091 -0.00106963 -0.114985 -0.000516936 0.218105
0.505859 0.0839844 -0.123607 -0.00111508 -0.118495 -0.000520181 0.215828
0.505859 0.0878906 -0.127134 -0.0011587 -0.122011 -0.000520934 0.213474
0.505859 0.0917969 -0.130676 -0.00119958 -0.125536 -0.000518461 0.211044
0.505859 0.0957031 -0.134238 -0.00123671 -0.129074 -0.000511908 0.208542
0.505859 0.0996094 -0.137825 -0.001269 -0.132628 -0.000500324 0.20597
0.505859 0.103516 -0.141442 -0.00129529 -0.136203 -0.000482664 0.203331
0.505859 0.107422 -0.145093 -0.00131433 -0.139803 -0.000457804 0.200627
0.505859 0.111328 -0.148785 -0.00132483 -0.143434 -0.000424548 0.197862
0.505859 0.115234 -0.152521 -0.00132546 -0.147101 -0.000381633 0.195039
0.505859 0.119141 -0.156308 -0.00131481 -0.150809 -0.000327738 0.192158
0.505859 0.123047 -0.160149 -0.00129144 -0.154563 -0.000261492 0.189225
0.505859 0.126953 -0.164049 -0.00125388 -0.158368 -0.000181477 0.18624
0.505859 0.130859 -0.168011 -0.00120063 -0.162228 -8.62334e-05 0.183207
0.505859 0.134766 -0.172037 -0.00113015 -0.166146 2.57288e-05 0.180128
0.505859 0.138672 -0.176131 -0.00104089 -0.170126 0.000155929 0.177006
0.505859 0.142578 -0.180295 -0.000931291 -0.174171 0.000305909 0.173842
0.505859 0.146484 -0.184528 -0.000799766 -0.178281 0.000477227 0.170641
0.505859 0.150391 -0.188832 -0.000644735 -0.18246 0.000671451 0.167404
0.505859 0.154297 -0.193207 -0.000464618 -0.186707 0.000890156 0.164134
0.505859 0.158203 -0.197652 -0.000257837 -0.191024 0.00113492 0.160832
0.505859 0.162109 -0.202166 -2.283e-05 -0.195408 0.0014073 0.157503
0.505859 0.166016 -0.206747 0.000241947 -0.199861 0.00170886 0.154147
0.505859 0.169922 -0.211392 0.000538011 -0.20438 0.00204113 0.150767
0.505859 0.173828 -0.216099 0.000866848 -0.208962 0.00240562 0.147367
0.505859 0.177734 -0.220865 0.0012299 -0.213606 0.00280381 0.143947
0.505859 0.181641 -0.225685 0.00162856 -0.218309 0.00323713 0.14051
0.505859 0.185547 -0.230554 0.00206417 -0.223066 0.00370696 0.137059
0.505859 0.189453 -0.235468 0.002538 -0.227873 0.00421463 0.133595
0.505859 0.193359 -0.240421 0.00305126 -0.232726 0.00476141 0.13012
0.505859 0.197266 -0.245407 0.00360504 -0.237619 0.00534847 0.126637
0.505859 0.201172 -0.250419 0.0042004 -0.242547 0.00597694 0.123147
0.505859 0.205078 -0.255451 0.00483825 -0.247503 0.00664781 0.119651
0.505859 0.208984 -0.260495 0.00551943 -0.252481 0.00736202 0.116153
0.505859 0.212891 -0.265543 0.00624466 -0.257473 0.00812037 0.112652
0.505859 0.216797 -0.270587 0.00701453 -0.262472 0.00892357 0.10915
0.505859 0.220703 -0.275618 0.00782953 -0.267471 0.0097722 0.105649
0.505859 0.224609 -0.280627 0.00869002 -0.27246 0.0106667 0.10215
0.505859 0.228516 -0.285606 0.00959621 -0.277432 0.0116075 0.0986544
0.505859 0.232422 -0.290544 0.0105482 -0.282376 0.0125947 0.0951631
0.505859 0.236328 -0.295431 0.0115459 -0.287285 0.0136283 0.0916773
0.505859 0.240234 -0.300259 0.0125891 -0.292148 0.0147084 0.0881982
0.505859 0.244141 -0.305015 0.0136775 -0.296955 0.0158347 0.0847268
0.505859 0.248047 -0.309691 0.0148107 -0.301697 0.0170067 0.0812644
0.505859 0.251953 -0.314276 0.0159878 -0.306364 0.018224 0.0778119
0.505859 0.255859 -0.318758 0.0172082 -0.310945 0.019486 0.0743706
0.505859 0.259766 -0.323129 0.0184708 -0.31543 0.0207916 0.0709417
0.505859 0.263672 -0.327377 0.0197747 -0.319809 0.02214 0.0675264
0.505859 0.267578 -0.331492 0.0211184 -0.324071 0.02353 0.0641261
0.505859 0.271484 -0.335464 0.0225006 -0.328208 0.0249603 0.0607419
0.505859 0.275391 -0.339283 0.0239197 -0.332207 0.0264295 0.0573755
0.505859 0.279297 -0.34294 0.0253739 -0.33606 0.0279358 0.0540281
0.505859 0.283203 -0.346425 0.0268615 -0.339757 0.0294775 0.0507014
0.505859 0.287109 -0.349729 0.0283804 -0.343289 0.0310528 0.0473969
0.505859 0.291016 -0.352844 0.0299284 -0.346647 0.0326594 0.0441163
0.505859 0.294922 -0.355761 0.0315033 -0.349822 0.0342954 0.0408612
0.505859 0.298828 -0.358473 0.0331027 -0.352805 0.0359582 0.0376334
0.505859 0.302734 -0.360974 0.0347241 -0.35559 0.0376455 0.0344348
0.505859 0.306641 -0.363256 0.036365 -0.35817 0.0393548 0.0312671
0.505859 0.310547 -0.365314 0.0380225 -0.360537 0.0410832 0.0281323
0.505859 0.314453 -0.367143 0.039694 -0.362685 0.0428282 0.0250323
0.505859 0.318359 -0.368738 0.0413767 -0.36461 0.0445869 0.0219692
0.505859 0.322266 -0.370096 0.0430676 -0.366306 0.0463564 0.0189448
0.505859 0.326172 -0.371213 0.044764 -0.367769 0.0481337 0.0159614
0.505859 0.330078 -0.372088 0.0464628 -0.368997 0.0499159 0.0130208
0.505859 0.333984 -0.372718 0.0481612 -0.369986 0.0517001 0.0101253
0.505859 0.337891 -0.373104 0.0498562 -0.370735 0.0534831 0.00727677
0.505859 0.341797 -0.373245 0.051545 -0.371242 0.0552621 0.00447736
0.505859 0.345703 -0.373142 0.0532248 -0.371508 0.0570341 0.00172908
0.505859 0.349609 -0.372796 0.0548927 -0.371532 0.0587961 -0.000966048
0.505859 0.353516 -0.37221 0.0565461 -0.371315 0.0605454 -0.00360605
0.505859 0.357422 -0.371387 0.0581824 -0.37086 0.0622792 -0.00618901
0.505859 0.361328 -0.370329 0.059799 -0.370168 0.0639946 -0.00871305
0.505859 0.365234 -0.369042 0.0613935 -0.369244 0.0656893 -0.0111764
0.505859 0.369141 -0.36753 0.0629637 -0.36809 0.0673607 -0.0135772
0.505859 0.373047 -0.365799 0.0645073 -0.36671 0.0690063 -0.015914
0.505859 0.376953 -0.363853 0.0660225 -0.365111 0.0706242 -0.0181851
0.505859 0.380859 -0.3617 0.0675073 -0.363297 0.072212 -0.0203892
0.505859 0.384766 -0.359347 0.0689601 -0.361273 0.073768 -0.0225248
0.505859 0.388672 -0.356799 0.0703792 -0.359047 0.0752904 -0.0245909
0.505859 0.392578 -0.354066 0.0717634 -0.356625 0.0767775 -0.0265863
0.505859 0.396484 -0.351153 0.0731115 -0.354014 0.078228 -0.0285102
0.505859 0.400391 -0.34807 0.0744223 -0.351221 0.0796405 -0.0303617
0.505859 0.404297 -0.344823 0.075695 -0.348255 0.0810141 -0.0321402
0.505859 0.408203 -0.341422 0.0769291 -0.345121 0.0823478 -0.0338452
0.505859 0.412109 -0.337874 0.0781238 -0.341829 0.0836408 -0.0354765
0.505859 0.416016 -0.334188 0.0792789 -0.338387 0.0848927 -0.037034
0.505859 0.419922 -0.330372 0.0803941 -0.334802 0.0861029 -0.0385175
0.505859 0.423828 -0.326433 0.0814695 -0.331082 0.0872714 -0.0399274
0.505859 0.427734 -0.322379 0.082505 -0.327235 0.088398 -0.041264
0.505859 0.431641 -0.31822 0.083501 -0.32327 0.0894827 -0.0425278
0.505859 0.435547 -0.313961 0.0844577 -0.319193 0.0905259 -0.0437196
0.505859 0.439453 -0.309611 0.0853758 -0.315013 0.0915278 -0.0448403
0.505859 0.443359 -0.305176 0.0862558 -0.310736 0.0924889 -0.0458908
0.505859 0.447266 -0.300664 0.0870984 -0.30637 0.09341 -0.0468725
0.505859 0.451172 -0.29608 0.0879043 -0.301921 0.0942915 -0.0477866
0.505859 0.455078 -0.291432 0.0886746 -0.297397 0.0951345 -0.0486347
0.505859 0.458984 -0.286725 0.0894102 -0.292804 0.0959398 -0.0494185
0.505859 0.462891 -0.281965 0.090112 -0.288147 0.0967083 -0.0501399
0.505859 0.466797 -0.277156 0.0907813 -0.283433 0.0974411 -0.0508007
0.505859 0.470703 -0.272305 0.0914191 -0.278666 0.0981393 -0.051403
0.505859 0.474609 -0.267415 0.0920265 -0.273852 0.0988041 -0.0519491
0.505859 0.478516 -0.26249 0.0926049 -0.268996 0.0994367 -0.0524414
0.505859 0.482422 -0.257535 0.0931554 -0.264101 0.100038 -0.0528822
0.505859 0.486328 -0.252552 0.0936793 -0.259172 0.10061 -0.053274
0.505859 0.490234 -0.247546 0.0941777 -0.254212 0.101154 -0.0536197
0.505859 0.494141 -0.242518 0.0946519 -0.249225 0.10167 -0.0539218
0.505859 0.498047 -0.237471 0.0951032 -0.244214 0.10216 -0.0541831
0.505859 0.501953 -0.232408 0.0955327 -0.239181 0.102625 -0.0544066
0.505859 0.505859 -0.227331 0.0959415 -0.23413 0.103067 -0.0545952
0.505859 0.509766 -0.22224 0.0963309 -0.229061 0.103487 -0.0547518
0.505859 0.513672 -0.217138 0.0967019 -0.223977 0.103886 -0.0548795
0.505859 0.517578 -0.212025 0.0970556 -0.218879 0.104264 -0.0549814
0.505859 0.521484 -0.206903 0.0973931 -0.21377 0.104624 -0.0550605
0.505859 0.525391 -0.201771 0.0977152 -0.208649 0.104966 -0.05512
0.505859 0.529297 -0.196632 0.0980229 -0.203517 0.105292 -0.0551629
0.505859 0.533203 -0.191484 0.0983171 -0.198377 0.105601 -0.0551926
0.505859 0.537109 -0.186329 0.0985987 -0.193227 0.105896 -0.055212
0.505859 0.541016 -0.181165 0.0988683 -0.188068 0.106176 -0.0552243
0.505859 0.544922 -0.175994 0.0991266 -0.182901 0.106443 -0.0552326
0.505859 0.548828 -0.170815 0.0993744 -0.177726 0.106698 -0.0552401
0.505859 0.552734 -0.165627 0.0996121 -0.172542 0.106941 -0.0552497
0.505859 0.556641 -0.160431 0.0998404 -0.16735 0.107172 -0.0552647
0.505859 0.560547 -0.155225 0.10006 -0.162149 0.107393 -0.0552879
0.505859 0.564453 -0.150011 0.10027 -0.15694 0.107603 -0.0553224
0.505859 0.568359 -0.144786 0.100473 -0.151721 0.107804 -0.0553711
0.505859 0.572266 -0.139552 0.100668 -0.146492 0.107995 -0.0554369
0.505859 0.576172 -0.134306 0.100854 -0.141254 0.108178 -0.0555226
0.505859 0.580078 -0.12905 0.101034 -0.136006 0.108351 -0.055631
0.505859 0.583984 -0.123782 0.101206 -0.130747 0.108516 -0.055765
0.505859 0.587891 -0.118502 0.101371 -0.125477 0.108672 -0.0559271
0.505859 0.591797 -0.113211 0.101529 -0.120196 0.108821 -0.05612
0.505859 0.595703 -0.107906 0.10168 -0.114904 0.10896 -0.0563463
0.505859 0.599609 -0.10259 0.101824 -0.109601 0.109092 -0.0566084
0.505859 0.603516 -0.0972608 0.10196 -0.104286 0.109215 -0.0569089
0.505859 0.607422 -0.0919191 0.102089 -0.098959 0.10933 -0.0572501
0.505859 0.611328 -0.086565 0.102211 -0.0936207 0.109437 -0.0576342
0.505859 0.615234 -0.0811985 0.102325 -0.088271 0.109535 -0.0580636
0.505859 0.619141 -0.0758199 0.102432 -0.0829099 0.109624 -0.0585405
0.505859 0.623047 -0.0704297 0.10253 -0.0775378 0.109704 -0.0590668
0.505859 0.626953 -0.0650282 0.10262 -0.0721551 0.109775 -0.0596446
0.505859 0.630859 -0.0596161 0.102702 -0.0667621 0.109837 -0.0602759
0.505859 0.634766 -0.0541941 0.102774 -0.0613596 0.109888 -0.0609624
0.505859 0.638672 -0.0487629 0.102838 -0.0559482 0.10993 -0.061706
0.505859 0.642578 -0.0433234 0.102892 -0.0505287 0.109961 -0.0625081
0.505859 0.646484 -0.0378767 0.102936 -0.045102 0.109981 -0.0633704
0.505859 0.650391 -0.0324239 0.102969 -0.039669 0.10999 -0.0642943
0.505859 0.654297 -0.0269663 0.102992 -0.0342309 0.109988 -0.0652811
0.505859 0.658203 -0.0215052 0.103004 -0.0287889 0.109973 -0.0663318
0.505859 0.662109 -0.016042 0.103004 -0.0233444 0.109946 -0.0674474
0.505859 0.666016 -0.0105783 0.102991 -0.0178988 0.109905 -0.068629
0.505859 0.669922 -0.00511578 0.102967 -0.0124535 0.109851 -0.069877
0.505859 0.673828 0.000343755 0.102928 -0.00701028 0.109783 -0.0711919
0.505859 0.677734 0.00579846 0.102876 -0.00157085 0.1097 -0.0725742
0.505859 0.681641 0.0112464 0.10281 0.00386298 0.109602 -0.0740239
0.505859 0.685547 0.0166854 0.102729 0.00928925 0.109488 -0.0755409
0.505859 0.689453 0.0221135 0.102632 0.014706 0.109357 -0.0771249
0.505859 0.693359 0.0275282 0.102518 0.020111 0.10921 -0.0787753
0.505859 0.697266 0.0329275 0.102388 0.0255021 0.109045 -0.0804915
0.505859 0.701172 0.0383087 0.10224 0.0308771 0.108861 -0.0822724
0.505859 0.705078 0.0436695 0.102074 0.0362336 0.108658 -0.0841169
0.505859 0.708984 0.0490074 0.101888 0.0415691 0.108435 -0.0860236
0.505859 0.712891 0.0543197 0.101683 0.0468813 0.108192 -0.0879908
0.505859 0.716797 0.0596037 0.101457 0.0521674 0.107928 -0.0900169
0.505859 0.720703 0.0648569 0.10121 0.057425 0.107641 -0.0920997
0.505859 0.724609 0.0700765 0.10094 0.0626514 0.107332 -0.0942371
0.505859 0.728516 0.0752596 0.100648 0.0678438 0.106999 -0.0964269
0.505859 0.732422 0.0804035 0.100332 0.0729995 0.106642 -0.0986667
0.505859 0.736328 0.0855055 0.0999912 0.0781159 0.10626 -0.100954
0.505859 0.740234 0.0905626 0.0996254 0.0831901 0.105852 -0.103286
0.505859 0.744141 0.0955721 0.0992337 0.0882193 0.105418 -0.105661
0.505859 0.748047 0.100531 0.0988155 0.0932007 0.104956 -0.108076
0.505859 0.751953 0.105437 0.0983701 0.0981317 0.104467 -0.110528
0.505859 0.755859 0.110287 0.0978968 0.103009 0.103949 -0.113015
0.505859 0.759766 0.115079 0.0973952 0.107831 0.103402 -0.115535
0.505859 0.763672 0.119809 0.0968648 0.112594 0.102826 -0.118085
0.505859 0.767578 0.124476 0.096305 0.117296 0.10222 -0.120665
0.505859 0.771484 0.129076 0.0957154 0.121934 0.101584 -0.123271
0.505859 0.775391 0.133609 0.0950956 0.126506 0.100916 -0.125901
0.505859 0.779297 0.138071 0.0944453 0.13101 0.100218 -0.128555
0.505859 0.783203 0.14246 0.0937639 0.135443 0.0994879 -0.131229
0.505859 0.787109 0.146776 0.0930512 0.139803 0.0987261 -0.133923
0.505859 0.791016 0.151016 0.0923067 0.144089 0.0979323 -0.136634
0.505859 0.794922 0.155179 0.0915299 0.148298 0.097106 -0.139359
0.505859 0.798828 0.159266 0.0907203 0.152431 0.0962468 -0.142097
0.505859 0.802734 0.163274 0.0898774 0.156485 0.0953544 -0.144845
0.505859 0.806641 0.167206 0.0890005 0.16046 0.0944283 -0.1476
0.505859 0.810547 0.171061 0.0880888 0.164356 0.0934679 -0.150359
0.505859 0.814453 0.174841 0.0871418 0.168174 0.0924726 -0.153119
0.505859 0.818359 0.178549 0.0861584 0.171915 0.0914418 -0.155877
0.505859 0.822266 0.182188 0.0851378 0.17558 0.0903748 -0.15863
0.505859 0.826172 0.185762 0.084079 0.179173 0.0892707 -0.161376
0.505859 0.830078 0.189279 0.0829809 0.182697 0.0881288 -0.16411
0.505859 0.833984 0.192744 0.0818423 0.186157 0.0869479 -0.166832
0.505859 0.837891 0.196168 0.0806617 0.189559 0.0857271 -0.169537
0.505859 0.841797 0.199562 0.0794378 0.192912 0.0844652 -0.172224
0.505859 0.845703 0.20294 0.0781689 0.196226 0.0831609 -0.17489
0.505859 0.849609 0.206319 0.076853 0.199514 0.0818127 -0.177532
0.505859 0.853516 0.209718 0.0754883 0.202789 0.0804189 -0.180149
0.505859 0.857422 0.213162 0.0740724 0.20607 0.0789779 -0.182738
0.505859 0.861328 0.216678 0.0726029 0.209378 0.0774874 -0.185296
0.505859 0.865234 0.220299 0.0710772 0.212738 0.0759455 -0.187822
0.505859 0.869141 0.224061 0.0694925 0.216181 0.0743495 -0.190313
0.505859 0.873047 0.228009 0.0678458 0.219739 0.0726968 -0.192767
0.505859 0.876953 0.232191 0.066134 0.223454 0.0709848 -0.195181
0.505859 0.880859 0.236665 0.0643541 0.227371 0.0692103 -0.197552
0.505859 0.884766 0.241493 0.0625029 0.231543 0.0673704 -0.199878
0.505859 0.888672 0.246747 0.0605774 0.236029 0.0654619 -0.202157
0.505859 0.892578 0.252506 0.058575 0.240898 0.0634818 -0.204385
0.505859 0.896484 0.258857 0.0564931 0.246223 0.0614273 -0.20656
0.505859 0.900391 0.265896 0.05433 0.25209 0.0592956 -0.208679
0.505859 0.904297 0.273726 0.0520844 0.258591 0.0570846 -0.210739
0.505859 0.908203 0.28246 0.0497559 0.265826 0.0547925 -0.212737
0.505859 0.912109 0.292215 0.0473455 0.273905 0.0524186 -0.21467
0.505859 0.916016 0.303115 0.0448552 0.282945 0.0499628 -0.216535
0.505859 0.919922 0.31529 0.0422885 0.29307 0.0474264 -0.21833
0.505859 0.923828 0.32887 0.0396509 0.304409 0.044812 -0.220052
0.505859 0.927734 0.343987 0.0369498 0.317096 0.0421241 -0.221697
0.505859 0.931641 0.360773 0.0341948 0.331268 0.0393687 -0.223263
0.505859 0.935547 0.379353 0.0313981 0.347059 0.0365544 -0.224748
0.505859 0.939453 0.399845 0.0285743 0.364604 0.0336917 -0.226149
0.505859 0.943359 0.422356 0.0257407 0.384032 0.0307941 -0.227463
0.505859 0.947266 0.446977 0.0229175 0.40546 0.0278776 -0.228689
0.505859 0.951172 0.473771 0.0201274 0.428996 0.024961 -0.229824
0.505859 0.955078 0.502772 0.0173958 0.454725 0.0220661 -0.230865
0.505859 0.958984 0.533967 0.0147503 0.482706 0.0192172 -0.231812
0.505859 0.962891 0.567288 0.01222 0.512958 0.0164413 -0.232662
0.505859 0.966797 0.602605 0.00983563 0.545445 0.0137676 -0.233413
0.505859 0.970703 0.639738 0.00762881 0.580065 0.0112267 -0.234065
0.505859 0.974609 0.678498 0.00563171 0.616646 0.00885055 -0.234615
0.505859 0.978516 0.718761 0.00387723 0.654963 0.00667204 -0.235063
0.505859 0.982422 0.760613 0.00239912 0.694794 0.00472475 -0.235407
0.505859 0.986328 0.804529 0.00123189 0.736027 0.00304358 -0.235644
0.505859 0.990234 0.851601 0.00040914 0.778834 0.00166533 -0.235773
0.505859 0.994141 0.90376 -4.28417e-05 0.823889 0.000629537 -0.235793
0.505859 0.998047 0.96393 -0.000106354 0.872616 -3.10218e-05 -0.235673
