x | y | u.x | u.y | uint | vint | p
0.511719 0.00390625 0.00252442 4.38569e-05 -0.00506324 -0.000104211 0.0196129
0.511719 0.0117188 0.00252108 0.000111565 0.00254012 9.2266e-06 0.0196512
0.511719 0.0195312 -0.000957148 0.000141921 0.0042676 0.000110482 0.0198679
0.511719 0.0273438 -0.00560191 0.000153719 0.00133949 0.000169126 0.0201545
0.511719 0.0351562 -0.0104863 0.000154905 -0.00320744 0.000216256 0.0205135
0.511719 0.0429688 -0.0154209 0.000150114 -0.00807512 0.000260984 0.0209393
0.511719 0.0507812 -0.0203873 0.0001399 -0.0129969 0.000309635 0.0214291
0.511719 0.0585938 -0.0253705 0.000123859 -0.0179579 0.000362862 0.0219799
0.511719 0.0664062 -0.0303438 0.000101902 -0.0229494 0.000419777 0.0225882
0.511719 0.0742188 -0.0352779 7.43869e-05 -0.0279458 0.000479764 0.0232502
0.511719 0.0820312 -0.0401458 4.18619e-05 -0.0329157 0.000542776 0.0239619
0.511719 0.0898438 -0.044927 4.87478e-06 -0.037829 0.000609049 0.024719
0.511719 0.0976562 -0.0496092 -3.60742e-05 -0.0426608 0.00067883 0.0255173
0.511719 0.105469 -0.0541888 -8.04776e-05 -0.0473945 0.00075229 0.0263527
0.511719 0.113281 -0.0586699 -0.000127732 -0.052023 0.000829567 0.0272207
0.511719 0.121094 -0.063062 -0.000177053 -0.0565472 0.000910867 0.0281171
0.511719 0.128906 -0.0673777 -0.000227422 -0.060975 0.000996567 0.0290375
0.511719 0.136719 -0.0716306 -0.000277548 -0.0653179 0.00108729 0.0299777
0.511719 0.144531 -0.0758342 -0.000325862 -0.0695894 0.00118394 0.0309333
0.511719 0.152344 -0.0800004 -0.000370518 -0.0738029 0.00128773 0.0319001
0.511719 0.160156 -0.08414 -0.00040941 -0.077971 0.0014002 0.0328739
0.511719 0.167969 -0.0882615 -0.000440185 -0.0821047 0.00152315 0.0338503
0.511719 0.175781 -0.0923722 -0.000460265 -0.0862133 0.00165866 0.0348253
0.511719 0.183594 -0.0964775 -0.000466864 -0.0903043 0.00180907 0.0357947
0.511719 0.191406 -0.100581 -0.000457001 -0.0943836 0.00197692 0.0367545
0.511719 0.199219 -0.104687 -0.000427521 -0.0984556 0.00216498 0.0377005
0.511719 0.207031 -0.108796 -0.000375107 -0.102523 0.00237619 0.0386287
0.511719 0.214844 -0.112908 -0.000296291 -0.106589 0.00261367 0.0395351
0.511719 0.222656 -0.117024 -0.000187469 -0.110653 0.00288068 0.0404156
0.511719 0.230469 -0.121142 -4.49151e-05 -0.114716 0.00318064 0.0412664
0.511719 0.238281 -0.125261 0.000135206 -0.118777 0.00351705 0.0420832
0.511719 0.246094 -0.129377 0.000356824 -0.122834 0.00389354 0.0428622
0.511719 0.253906 -0.133487 0.000623947 -0.126884 0.00431384 0.0435993
0.511719 0.261719 -0.137586 0.000940642 -0.130924 0.00478173 0.0442906
0.511719 0.269531 -0.141669 0.00131102 -0.13495 0.00530104 0.0449319
0.511719 0.277344 -0.14573 0.00173921 -0.138957 0.00587565 0.0455193
0.511719 0.285156 -0.149762 0.00222933 -0.142939 0.00650944 0.0460488
0.511719 0.292969 -0.153757 0.00278548 -0.14689 0.00720627 0.0465163
0.511719 0.300781 -0.157707 0.00341172 -0.150803 0.00796997 0.046918
0.511719 0.308594 -0.161603 0.00411198 -0.154669 0.0088043 0.0472499
0.511719 0.316406 -0.165435 0.00489011 -0.15848 0.00971292 0.047508
0.511719 0.324219 -0.169191 0.00574981 -0.162227 0.0106994 0.0476887
0.511719 0.332031 -0.172861 0.0066946 -0.165898 0.0117671 0.0477882
0.511719 0.339844 -0.176431 0.00772775 -0.169485 0.0129191 0.0478029
0.511719 0.347656 -0.179891 0.00885232 -0.172974 0.0141586 0.0477294
0.511719 0.355469 -0.183224 0.0100711 -0.176354 0.0154881 0.0475642
0.511719 0.363281 -0.186419 0.0113864 -0.179611 0.0169101 0.0473045
0.511719 0.371094 -0.18946 0.0128004 -0.182734 0.0184266 0.0469472
0.511719 0.378906 -0.192332 0.0143147 -0.185708 0.0200394 0.0464896
0.511719 0.386719 -0.19502 0.0159305 -0.188518 0.0217497 0.0459295
0.511719 0.394531 -0.197509 0.0176486 -0.191151 0.0235585 0.0452647
0.511719 0.402344 -0.199782 0.0194692 -0.193591 0.0254661 0.0444936
0.511719 0.410156 -0.201824 0.0213921 -0.195824 0.0274724 0.0436146
0.511719 0.417969 -0.203619 0.0234163 -0.197834 0.0295767 0.0426268
0.511719 0.425781 -0.205152 0.0255405 -0.199607 0.0317779 0.0415297
0.511719 0.433594 -0.206407 0.0277625 -0.201128 0.0340742 0.040323
0.511719 0.441406 -0.207369 0.0300796 -0.202383 0.0364632 0.0390071
0.511719 0.449219 -0.208024 0.0324886 -0.203356 0.0389419 0.0375827
0.511719 0.457031 -0.208358 0.0349854 -0.204034 0.0415067 0.0360511
0.511719 0.464844 -0.208357 0.0375654 -0.204405 0.0441534 0.0344142
0.511719 0.472656 -0.20801 0.0402232 -0.204454 0.0468769 0.0326741
0.511719 0.480469 -0.207305 0.042953 -0.204171 0.0496719 0.0308338
0.511719 0.488281 -0.206231 0.0457482 -0.203544 0.0525321 0.0288966
0.511719 0.496094 -0.204779 0.0486015 -0.202564 0.0554508 0.0268663
0.511719 0.503906 -0.202942 0.0515051 -0.201221 0.0584206 0.0247472
0.511719 0.511719 -0.200713 0.0544507 -0.199508 0.0614336 0.0225443
0.511719 0.519531 -0.198086 0.0574295 -0.197418 0.0644814 0.0202628
0.511719 0.527344 -0.195057 0.060432 -0.194947 0.0675549 0.0179085
0.511719 0.535156 -0.191623 0.0634484 -0.192089 0.0706448 0.0154877
0.511719 0.542969 -0.187785 0.0664686 -0.188842 0.0737412 0.0130068
0.511719 0.550781 -0.183541 0.0694819 -0.185205 0.0768339 0.0104728
0.511719 0.558594 -0.178894 0.0724775 -0.181179 0.0799123 0.00789292
0.511719 0.566406 -0.173846 0.0754443 -0.176764 0.0829656 0.00527462
0.511719 0.574219 -0.168403 0.0783709 -0.171963 0.0859828 0.00262559
0.511719 0.582031 -0.162569 0.0812461 -0.16678 0.0889526 -4.63159e-05
0.511719 0.589844 -0.156353 0.0840582 -0.161222 0.0918637 -0.00273315
0.511719 0.597656 -0.149761 0.0867958 -0.155293 0.0947047 -0.00542691
0.511719 0.605469 -0.142802 0.0894473 -0.149002 0.0974642 -0.00811957
0.511719 0.613281 -0.135486 0.0920013 -0.142357 0.100131 -0.0108032
0.511719 0.621094 -0.127824 0.0944464 -0.135367 0.102693 -0.0134699
0.511719 0.628906 -0.119825 0.0967716 -0.128042 0.10514 -0.0161121
0.511719 0.636719 -0.111502 0.0989657 -0.120392 0.10746 -0.0187221
0.511719 0.644531 -0.102863 0.101018 -0.112428 0.109644 -0.0212929
0.511719 0.652344 -0.0939215 0.102918 -0.10416 0.111679 -0.0238173
0.511719 0.660156 -0.084686 0.104655 -0.0955996 0.113556 -0.026289
0.511719 0.667969 -0.0751663 0.10622 -0.0867558 0.115265 -0.0287014
0.511719 0.675781 -0.0653708 0.107603 -0.0776385 0.116796 -0.031049
0.511719 0.683594 -0.0553064 0.108793 -0.0682563 0.118139 -0.0333261
0.511719 0.691406 -0.0449784 0.109783 -0.0586168 0.119284 -0.0355278
0.511719 0.699219 -0.03439 0.110563 -0.0487256 0.120224 -0.0376496
0.511719 0.707031 -0.023542 0.111125 -0.0385868 0.120949 -0.0396873
0.511719 0.714844 -0.012432 0.11146 -0.0282021 0.121452 -0.0416375
0.511719 0.722656 -0.00105469 0.111561 -0.0175706 0.121722 -0.0434969
0.511719 0.730469 0.0105994 0.11142 -0.00668806 0.121754 -0.0452628
0.511719 0.738281 0.0225441 0.111029 0.00445306 0.12154 -0.046933
0.511719 0.746094 0.0347978 0.110383 0.0158646 0.121071 -0.0485056
0.511719 0.753906 0.0473847 0.109474 0.0275629 0.120342 -0.0499792
0.511719 0.761719 0.060335 0.108297 0.0395698 0.119346 -0.0513528
0.511719 0.769531 0.0736852 0.106846 0.0519127 0.118077 -0.0526257
0.511719 0.777344 0.0874795 0.105117 0.0646257 0.116528 -0.0537973
0.511719 0.785156 0.10177 0.103105 0.0777498 0.114696 -0.0548677
0.511719 0.792969 0.116616 0.100809 0.0913339 0.112575 -0.0558369
0.511719 0.800781 0.132086 0.098227 0.105435 0.110163 -0.0567053
0.511719 0.808594 0.14826 0.0953583 0.12012 0.107457 -0.0574734
0.511719 0.816406 0.165223 0.0922052 0.135464 0.104456 -0.0581419
0.511719 0.824219 0.183073 0.0887716 0.151552 0.10116 -0.0587118
0.511719 0.832031 0.201913 0.0850641 0.168479 0.097573 -0.059184
0.511719 0.839844 0.221859 0.0810921 0.186351 0.0936986 -0.0595599
0.511719 0.847656 0.243029 0.0768684 0.205281 0.0895447 -0.0598408
0.511719 0.855469 0.265551 0.0724099 0.225392 0.0851222 -0.0600284
0.511719 0.863281 0.289553 0.0677376 0.246815 0.0804454 -0.0601245
0.511719 0.871094 0.315166 0.0628773 0.269684 0.0755331 -0.0601313
0.511719 0.878906 0.342519 0.0578602 0.29414 0.0704087 -0.0600515
0.511719 0.886719 0.371732 0.0527229 0.32032 0.0651009 -0.0598881
0.511719 0.894531 0.402919 0.0475079 0.348362 0.0596441 -0.0596446
0.511719 0.902344 0.436175 0.0422639 0.378393 0.0540787 -0.0593251
0.511719 0.910156 0.471576 0.0370453 0.410529 0.0484517 -0.0589342
0.511719 0.917969 0.50917 0.0319123 0.444869 0.0428166 -0.0584774
0.511719 0.925781 0.548972 0.0269304 0.481487 0.0372332 -0.0579606
0.511719 0.933594 0.590952 0.0221688 0.520428 0.031768 -0.0573906
0.511719 0.941406 0.635026 0.0176999 0.561696 0.0264925 -0.0567745
0.511719 0.949219 0.681041 0.013596 0.605246 0.021483 -0.0561202
0.511719 0.957031 0.728777 0.00992729 0.650961 0.0168181 -0.0554358
0.511719 0.964844 0.777965 0.00675874 0.698639 0.0125762 -0.0547292
0.511719 0.972656 0.828306 0.0041481 0.748021 0.00883234 -0.054008
0.511719 0.980469 0.879312 0.00214525 0.798891 0.00565543 -0.0532757
0.511719 0.988281 0.929786 0.000787384 0.851107 0.00310941 -0.0525406
0.511719 0.996094 0.977598 0.000100716 0.903931 0.00124353 -0.0517106
