x | y | u.x | u.y | uint | vint | p
0.00390625 0.511719 0.000174366 0.0100643 0.000174366 0.0100643 0.00555642
0.0117188 0.511719 0.00019839 0.0267732 0.00019839 0.0267732 0.00484239
0.0195312 0.511719 -0.000173711 0.0411872 -0.000173711 0.0411872 0.00474263
0.0273438 0.511719 -0.00083761 0.0542662 -0.00083761 0.0542662 0.00468802
0.0351562 0.511719 -0.00178066 0.0663819 -0.00178066 0.0663819 0.00473195
0.0429688 0.511719 -0.00298179 0.0776565 -0.00298179 0.0776565 0.00486394
0.0507812 0.511719 -0.00442277 0.0881466 -0.00442277 0.0881466 0.00508088
0.0585938 0.511719 -0.00608611 0.0978943 -0.00608611 0.0978943 0.00537849
0.0664062 0.511719 -0.00795505 0.106941 -0.00795505 0.106941 0.00575213
0.0742188 0.511719 -0.0100136 0.115332 -0.0100136 0.115332 0.00619686
0.0820312 0.511719 -0.0122465 0.123112 -0.0122465 0.123112 0.00670758
0.0898438 0.511719 -0.0146397 0.130325 -0.0146397 0.130325 0.00727907
0.0976562 0.511719 -0.0171797 0.137008 -0.0171797 0.137008 0.00790604
0.105469 0.511719 -0.0198541 0.143191 -0.0198541 0.143191 0.00858313
0.113281 0.511719 -0.0226509 0.148899 -0.0226509 0.148899 0.00930502
0.121094 0.511719 -0.0255592 0.154152 -0.0255592 0.154152 0.0100664
0.128906 0.511719 -0.0285685 0.158967 -0.0285685 0.158967 0.0108619
0.136719 0.511719 -0.0316689 0.16336 -0.0316689 0.16336 0.0116865
0.144531 0.511719 -0.0348514 0.167345 -0.0348514 0.167345 0.0125349
0.152344 0.511719 -0.0381073 0.170939 -0.0381073 0.170939 0.0134024
0.160156 0.511719 -0.0414286 0.174154 -0.0414286 0.174154 0.014284
0.167969 0.511719 -0.0448078 0.177007 -0.0448078 0.177007 0.015175
0.175781 0.511719 -0.0482381 0.179512 -0.0482381 0.179512 0.0160711
0.183594 0.511719 -0.0517131 0.181683 -0.0517131 0.181683 0.0169677
0.191406 0.511719 -0.055227 0.183534 -0.055227 0.183534 0.0178608
0.199219 0.511719 -0.0587745 0.185079 -0.0587745 0.185079 0.0187463
0.207031 0.511719 -0.0623507 0.186329 -0.0623507 0.186329 0.0196203
0.214844 0.511719 -0.0659513 0.187297 -0.0659513 0.187297 0.0204792
0.222656 0.511719 -0.0695724 0.187994 -0.0695724 0.187994 0.0213195
0.230469 0.511719 -0.0732103 0.188428 -0.0732103 0.188428 0.0221378
0.238281 0.511719 -0.0768619 0.18861 -0.0768619 0.18861 0.0229309
0.246094 0.511719 -0.0805244 0.188546 -0.0805244 0.188546 0.0236958
0.253906 0.511719 -0.0841952 0.188243 -0.0841952 0.188243 0.0244296
0.261719 0.511719 -0.0878722 0.187709 -0.0878722 0.187709 0.0251295
0.269531 0.511719 -0.0915533 0.186947 -0.0915533 0.186947 0.0257931
0.277344 0.511719 -0.0952368 0.185963 -0.0952368 0.185963 0.0264179
0.285156 0.511719 -0.0989213 0.184759 -0.0989213 0.184759 0.0270015
0.292969 0.511719 -0.102605 0.183339 -0.102605 0.183339 0.0275421
0.300781 0.511719 -0.106287 0.181704 -0.106287 0.181704 0.0280375
0.308594 0.511719 -0.109967 0.179857 -0.109967 0.179857 0.0284861
0.316406 0.511719 -0.113643 0.177798 -0.113643 0.177798 0.0288863
0.324219 0.511719 -0.117313 0.175527 -0.117313 0.175527 0.0292366
0.332031 0.511719 -0.120979 0.173044 -0.120979 0.173044 0.0295359
0.339844 0.511719 -0.124638 0.17035 -0.124638 0.17035 0.029783
0.347656 0.511719 -0.12829 0.167443 -0.12829 0.167443 0.0299771
0.355469 0.511719 -0.131933 0.164322 -0.131933 0.164322 0.0301175
0.363281 0.511719 -0.135568 0.160986 -0.135568 0.160986 0.0302038
0.371094 0.511719 -0.139192 0.157432 -0.139192 0.157432 0.0302358
0.378906 0.511719 -0.142806 0.153661 -0.142806 0.153661 0.0302134
0.386719 0.511719 -0.146407 0.149669 -0.146407 0.149669 0.0301368
0.394531 0.511719 -0.149995 0.145454 -0.149995 0.145454 0.0300063
0.402344 0.511719 -0.153568 0.141015 -0.153568 0.141015 0.0298227
0.410156 0.511719 -0.157125 0.13635 -0.157125 0.13635 0.0295867
0.417969 0.511719 -0.160663 0.131456 -0.160663 0.131456 0.0292994
0.425781 0.511719 -0.164182 0.126332 -0.164182 0.126332 0.0289622
0.433594 0.511719 -0.167678 0.120976 -0.167678 0.120976 0.0285765
0.441406 0.511719 -0.171149 0.115387 -0.171149 0.115387 0.0281441
0.449219 0.511719 -0.174592 0.109563 -0.174592 0.109563 0.027667
0.457031 0.511719 -0.178005 0.103502 -0.178005 0.103502 0.0271473
0.464844 0.511719 -0.181384 0.0972054 -0.181384 0.0972054 0.0265875
0.472656 0.511719 -0.184725 0.0906709 -0.184725 0.0906709 0.0259902
0.480469 0.511719 -0.188025 0.083899 -0.188025 0.083899 0.0253581
0.488281 0.511719 -0.191279 0.07689 -0.191279 0.07689 0.0246943
0.496094 0.511719 -0.194481 0.0696446 -0.194481 0.0696446 0.0240018
0.503906 0.511719 -0.197628 0.0621642 -0.197628 0.0621642 0.023284
0.511719 0.511719 -0.200713 0.0544507 -0.200713 0.0544507 0.0225443
0.519531 0.511719 -0.203729 0.0465067 -0.203729 0.0465067 0.0217863
0.527344 0.511719 -0.206671 0.0383354 -0.206671 0.0383354 0.0210136
0.535156 0.511719 -0.20953 0.029941 -0.20953 0.029941 0.0202299
0.542969 0.511719 -0.2123 0.0213283 -0.2123 0.0213283 0.0194392
0.550781 0.511719 -0.214971 0.0125032 -0.214971 0.0125032 0.0186452
0.558594 0.511719 -0.217534 0.0034726 -0.217534 0.0034726 0.0178517
0.566406 0.511719 -0.21998 -0.00575548 -0.21998 -0.00575548 0.0170626
0.574219 0.511719 -0.222299 -0.0151719 -0.222299 -0.0151719 0.0162815
0.582031 0.511719 -0.224479 -0.0247661 -0.224479 -0.0247661 0.0155123
0.589844 0.511719 -0.226508 -0.0345262 -0.226508 -0.0345262 0.0147583
0.597656 0.511719 -0.228375 -0.0444387 -0.228375 -0.0444387 0.0140229
0.605469 0.511719 -0.230066 -0.0544887 -0.230066 -0.0544887 0.0133094
0.613281 0.511719 -0.231567 -0.0646593 -0.231567 -0.0646593 0.0126206
0.621094 0.511719 -0.232865 -0.0749317 -0.232865 -0.0749317 0.0119591
0.628906 0.511719 -0.233943 -0.0852854 -0.233943 -0.0852854 0.0113273
0.636719 0.511719 -0.234787 -0.0956975 -0.234787 -0.0956975 0.0107272
0.644531 0.511719 -0.23538 -0.106143 -0.23538 -0.106143 0.0101601
0.652344 0.511719 -0.235705 -0.116594 -0.235705 -0.116594 0.00962724
0.660156 0.511719 -0.235746 -0.127022 -0.235746 -0.127022 0.00912916
0.667969 0.511719 -0.235486 -0.137393 -0.235486 -0.137393 0.00866591
0.675781 0.511719 -0.234906 -0.147673 -0.234906 -0.147673 0.00823698
0.683594 0.511719 -0.233991 -0.157825 -0.233991 -0.157825 0.00784125
0.691406 0.511719 -0.232721 -0.167806 -0.232721 -0.167806 0.00747702
0.699219 0.511719 -0.231082 -0.177575 -0.231082 -0.177575 0.0071419
0.707031 0.511719 -0.229057 -0.187086 -0.229057 -0.187086 0.0068329
0.714844 0.511719 -0.226631 -0.196291 -0.226631 -0.196291 0.00654636
0.722656 0.511719 -0.22379 -0.205137 -0.22379 -0.205137 0.00627798
0.730469 0.511719 -0.220523 -0.213574 -0.220523 -0.213574 0.00602285
0.738281 0.511719 -0.216818 -0.221545 -0.216818 -0.221545 0.00577548
0.746094 0.511719 -0.212668 -0.228993 -0.212668 -0.228993 0.00552985
0.753906 0.511719 -0.208068 -0.235862 -0.208068 -0.235862 0.00527948
0.761719 0.511719 -0.203016 -0.242092 -0.203016 -0.242092 0.00501747
0.769531 0.511719 -0.197512 -0.247624 -0.197512 -0.247624 0.00473667
0.777344 0.511719 -0.191563 -0.252401 -0.191563 -0.252401 0.00442973
0.785156 0.511719 -0.185176 -0.256366 -0.185176 -0.256366 0.00408923
0.792969 0.511719 -0.178366 -0.259462 -0.178366 -0.259462 0.00370787
0.800781 0.511719 -0.171152 -0.261639 -0.171152 -0.261639 0.00327854
0.808594 0.511719 -0.163558 -0.262849 -0.163558 -0.262849 0.00279453
0.816406 0.511719 -0.155612 -0.263047 -0.155612 -0.263047 0.00224969
0.824219 0.511719 -0.147348 -0.262197 -0.147348 -0.262197 0.00163854
0.832031 0.511719 -0.138807 -0.260268 -0.138807 -0.260268 0.000956487
0.839844 0.511719 -0.130033 -0.257238 -0.130033 -0.257238 0.00019992
0.847656 0.511719 -0.121076 -0.253091 -0.121076 -0.253091 -0.000633638
0.855469 0.511719 -0.111991 -0.247824 -0.111991 -0.247824 -0.00154543
0.863281 0.511719 -0.102836 -0.241442 -0.102836 -0.241442 -0.00253536
0.871094 0.511719 -0.0936733 -0.233959 -0.0936733 -0.233959 -0.00360198
0.878906 0.511719 -0.0845693 -0.225402 -0.0845693 -0.225402 -0.0047424
0.886719 0.511719 -0.0755918 -0.215805 -0.0755918 -0.215805 -0.00595236
0.894531 0.511719 -0.0668103 -0.205214 -0.0668103 -0.205214 -0.0072262
0.902344 0.511719 -0.0582951 -0.193681 -0.0582951 -0.193681 -0.00855701
0.910156 0.511719 -0.0501163 -0.181264 -0.0501163 -0.181264 -0.00993668
0.917969 0.511719 -0.0423429 -0.168027 -0.0423429 -0.168027 -0.0113561
0.925781 0.511719 -0.035042 -0.154038 -0.035042 -0.154038 -0.0128054
0.933594 0.511719 -0.028278 -0.139368 -0.028278 -0.139368 -0.0142739
0.941406 0.511719 -0.0221123 -0.124095 -0.0221123 -0.124095 -0.0157509
0.949219 0.511719 -0.0166026 -0.108306 -0.0166026 -0.108306 -0.0172254
0.957031 0.511719 -0.0118036 -0.0920952 -0.0118036 -0.0920952 -0.0186869
0.964844 0.511719 -0.00776558 -0.0755499 -0.00776558 -0.0755499 -0.0201251
0.972656 0.511719 -0.00453268 -0.0587387 -0.00453268 -0.0587387 -0.0215302
0.980469 0.511719 -0.00213907 -0.0417584 -0.00213907 -0.0417584 -0.0228932
0.988281 0.511719 -0.000603397 -0.0248627 -0.000603397 -0.0248627 -0.0241849
0.996094 0.511719 3.20679e-05 -0.00836021 3.20679e-05 -0.00836021 -0.0255539
