0.511719 -0.00390625 0.108653
0.511719 0.00390625 -0.108653
0.511719 0.0117188 -0.240993
0.511719 0.0195312 -0.314688
0.511719 0.0273438 -0.35183
0.511719 0.0351562 -0.369988
0.511719 0.0429688 -0.379727
0.511719 0.0507812 -0.386149
0.511719 0.0585938 -0.39134
0.511719 0.0664062 -0.396023
0.511719 0.0742188 -0.400418
0.511719 0.0820312 -0.4046
0.511719 0.0898438 -0.408609
0.511719 0.0976562 -0.412472
0.511719 0.105469 -0.416201
0.511719 0.113281 -0.419803
0.511719 0.121094 -0.423279
0.511719 0.128906 -0.426634
0.511719 0.136719 -0.429877
0.511719 0.144531 -0.433023
0.511719 0.152344 -0.436092
0.511719 0.160156 -0.439103
0.511719 0.167969 -0.44208
0.511719 0.175781 -0.445046
0.511719 0.183594 -0.448022
0.511719 0.191406 -0.451031
0.511719 0.199219 -0.454096
0.511719 0.207031 -0.45724
0.511719 0.214844 -0.460489
0.511719 0.222656 -0.463873
0.511719 0.230469 -0.467423
0.511719 0.238281 -0.471179
0.511719 0.246094 -0.475183
0.511719 0.253906 -0.479484
0.511719 0.261719 -0.484138
0.511719 0.269531 -0.489203
0.511719 0.277344 -0.494748
0.511719 0.285156 -0.500838
0.511719 0.292969 -0.50754
0.511719 0.300781 -0.514915
0.511719 0.308594 -0.523005
0.511719 0.316406 -0.531835
0.511719 0.324219 -0.541389
0.511719 0.332031 -0.551605
0.511719 0.339844 -0.562371
0.511719 0.347656 -0.573498
0.511719 0.355469 -0.58474
0.511719 0.363281 -0.595786
0.511719 0.371094 -0.606272
0.511719 0.378906 -0.615815
0.511719 0.386719 -0.624025
0.511719 0.394531 -0.630537
0.511719 0.402344 -0.635059
0.511719 0.410156 -0.637358
0.511719 0.417969 -0.63731
0.511719 0.425781 -0.634895
0.511719 0.433594 -0.630178
0.511719 0.441406 -0.623334
0.511719 0.449219 -0.614593
0.511719 0.457031 -0.604245
0.511719 0.464844 -0.592623
0.511719 0.472656 -0.580041
0.511719 0.480469 -0.566852
0.511719 0.488281 -0.553358
0.511719 0.496094 -0.539802
0.511719 0.503906 -0.526478
0.511719 0.511719 -0.513544
0.511719 0.519531 -0.501103
0.511719 0.527344 -0.489349
0.511719 0.535156 -0.478281
0.511719 0.542969 -0.467868
0.511719 0.550781 -0.458217
0.511719 0.558594 -0.449222
0.511719 0.566406 -0.44076
0.511719 0.574219 -0.432874
0.511719 0.582031 -0.425425
0.511719 0.589844 -0.418254
0.511719 0.597656 -0.411363
0.511719 0.605469 -0.404623
0.511719 0.613281 -0.397889
0.511719 0.621094 -0.391141
0.511719 0.628906 -0.384279
0.511719 0.636719 -0.377192
0.511719 0.644531 -0.369858
0.511719 0.652344 -0.362202
0.511719 0.660156 -0.354157
0.511719 0.667969 -0.345705
0.511719 0.675781 -0.336791
0.511719 0.683594 -0.32738
0.511719 0.691406 -0.317467
0.511719 0.699219 -0.307013
0.511719 0.707031 -0.296001
0.511719 0.714844 -0.284434
0.511719 0.722656 -0.27229
0.511719 0.730469 -0.259561
0.511719 0.738281 -0.246253
0.511719 0.746094 -0.232359
0.511719 0.753906 -0.217872
0.511719 0.761719 -0.202802
0.511719 0.769531 -0.187151
0.511719 0.777344 -0.170915
0.511719 0.785156 -0.154102
0.511719 0.792969 -0.136722
0.511719 0.800781 -0.118774
0.511719 0.808594 -0.100273
0.511719 0.816406 -0.0812297
0.511719 0.824219 -0.0616556
0.511719 0.832031 -0.0415777
0.511719 0.839844 -0.0210206
0.511719 0.847656 -1.54688e-05
0.511719 0.855469 0.0213788
0.511719 0.863281 0.0431047
0.511719 0.871094 0.0650815
0.511719 0.878906 0.0871897
0.511719 0.886719 0.109297
0.511719 0.894531 0.131234
0.511719 0.902344 0.152806
0.511719 0.910156 0.17386
0.511719 0.917969 0.194373
0.511719 0.925781 0.214692
0.511719 0.933594 0.235898
0.511719 0.941406 0.260298
0.511719 0.949219 0.29189
0.511719 0.957031 0.336485
0.511719 0.964844 0.401102
0.511719 0.972656 0.49237
0.511719 0.980469 0.613641
0.511719 0.988281 0.76097
0.511719 0.996094 0.921294
0.511719 1.00391 1.07871
