0 0
1 0.000355167
2 0.00103321
3 0.00200479
4 0.0032432
5 0.0047242
6 0.00642573
7 0.00832774
8 0.010412
9 0.012662
10 0.0150626
11 0.0176001
12 0.0202621
13 0.0230372
14 0.0259153
15 0.0288869
16 0.0319434
17 0.0350773
18 0.0382815
19 0.0415495
20 0.0448756
21 0.0482546
22 0.0516815
23 0.055152
24 0.0586622
25 0.0622084
26 0.0657875
27 0.0693963
28 0.0730322
29 0.0766928
30 0.0803757
31 0.084079
32 0.0878008
33 0.0915394
34 0.0952934
35 0.0990612
36 0.102842
37 0.106634
38 0.110436
39 0.114248
40 0.118068
41 0.121897
42 0.125732
43 0.129574
44 0.133422
45 0.137275
46 0.141133
47 0.144996
48 0.148863
49 0.152733
50 0.156606
51 0.160483
52 0.164362
53 0.168244
54 0.172128
55 0.176014
56 0.179902
57 0.183792
58 0.187683
59 0.191576
60 0.19547
61 0.199365
62 0.203262
63 0.207159
64 0.211057
65 0.214956
66 0.218855
67 0.222756
68 0.226656
69 0.230558
70 0.23446
71 0.238362
72 0.242265
73 0.246168
74 0.250071
75 0.253975
76 0.257879
77 0.261784
78 0.265688
79 0.269593
80 0.273498
81 0.277403
82 0.281308
83 0.285214
84 0.289119
85 0.293025
86 0.29693
87 0.300836
88 0.304742
89 0.308648
90 0.312554
91 0.316461
92 0.320367
93 0.324273
94 0.328179
95 0.332086
96 0.335992
97 0.339899
98 0.343805
99 0.347712
100 0.351618
101 0.355525
102 0.359431
103 0.363338
104 0.367245
105 0.371151
106 0.375058
107 0.378965
108 0.382871
109 0.386778
110 0.390685
111 0.394592
112 0.398498
113 0.402405
114 0.406312
115 0.410219
116 0.414125
117 0.418032
118 0.421939
119 0.425846
120 0.429753
121 0.433659
122 0.437566
123 0.441473
124 0.44538
125 0.449287
126 0.453193
127 0.4571
128 0.461007
129 0.464914
130 0.468821
131 0.472728
132 0.476634
133 0.480541
134 0.484448
135 0.488355
136 0.492262
137 0.496169
138 0.500075
139 0.503982
140 0.507889
141 0.511796
142 0.515703
143 0.51961
144 0.523516
145 0.527423
146 0.53133
147 0.535237
148 0.539144
149 0.543051
150 0.546957
151 0.550864
152 0.554771
153 0.558678
154 0.562585
155 0.566492
156 0.570398
157 0.574305
158 0.578212
159 0.582119
160 0.586026
161 0.589933
162 0.593839
163 0.597746
164 0.601653
165 0.60556
166 0.609467
167 0.613374
168 0.61728
169 0.621187
170 0.625094
171 0.629001
172 0.632908
173 0.636815
174 0.640721
175 0.644628
176 0.648535
177 0.652442
178 0.656349
179 0.660256
180 0.664163
181 0.668069
182 0.671976
183 0.675883
184 0.67979
185 0.683697
186 0.687604
187 0.69151
188 0.695417
189 0.699324
190 0.703231
191 0.707138
192 0.711045
193 0.714951
194 0.718858
195 0.722765
196 0.726672
197 0.730579
198 0.734486
199 0.738392
200 0.742299
201 0.746206
202 0.750113
203 0.75402
204 0.757927
205 0.761833
206 0.76574
207 0.769647
208 0.773554
209 0.777461
210 0.781368
211 0.785275
212 0.789181
213 0.793088
214 0.796995
215 0.800902
216 0.804809
217 0.808716
218 0.812622
219 0.816529
220 0.820436
221 0.824343
222 0.82825
223 0.832157
224 0.836063
225 0.83997
226 0.843877
227 0.847784
228 0.851691
229 0.855598
230 0.859504
231 0.863411
232 0.867318
233 0.871225
234 0.875132
235 0.879039
236 0.882945
237 0.886852
238 0.890759
239 0.894666
240 0.898573
241 0.90248
242 0.906386
243 0.910293
244 0.9142
245 0.918107
246 0.922014
247 0.925921
248 0.929828
249 0.933734
250 0.937641
251 0.941548
252 0.945455
253 0.949362
254 0.953269
255 0.957175
256 0.961082
257 0.964989
258 0.968896
259 0.972803
260 0.97671
261 0.980616
262 0.984523
263 0.98843
264 0.992337
265 0.996244
266 1.00015
267 1.00406
268 1.00796
269 1.01187
270 1.01578
271 1.01968
272 1.02359
273 1.0275
274 1.03141
275 1.03531
276 1.03922
277 1.04313
278 1.04703
279 1.05094
280 1.05485
281 1.05875
282 1.06266
283 1.06657
284 1.07047
285 1.07438
286 1.07829
287 1.08219
288 1.0861
289 1.09001
290 1.09391
291 1.09782
292 1.10173
293 1.10564
294 1.10954
295 1.11345
296 1.11736
297 1.12126
298 1.12517
299 1.12908
300 1.13298
301 1.13689
302 1.1408
303 1.1447
304 1.14861
305 1.15252
306 1.15642
307 1.16033
308 1.16424
309 1.16814
310 1.17205
311 1.17596
312 1.17987
313 1.18377
314 1.18768
315 1.19159
316 1.19549
317 1.1994
318 1.20331
319 1.20721
320 1.21112
321 1.21503
322 1.21893
323 1.22284
324 1.22675
325 1.23065
326 1.23456
327 1.23847
328 1.24237
329 1.24628
330 1.25019
331 1.2541
332 1.258
333 1.26191
334 1.26582
335 1.26972
336 1.27363
337 1.27754
338 1.28144
339 1.28535
340 1.28926
341 1.29316
342 1.29707
343 1.30098
344 1.30488
345 1.30879
346 1.3127
347 1.3166
348 1.32051
349 1.32442
350 1.32833
351 1.33223
352 1.33614
353 1.34005
354 1.34395
355 1.34786
356 1.35177
357 1.35567
358 1.35958
359 1.36349
360 1.36739
361 1.3713
362 1.37521
363 1.37911
364 1.38302
365 1.38693
366 1.39083
367 1.39474
368 1.39865
369 1.40255
370 1.40646
371 1.41037
372 1.41428
373 1.41818
374 1.42209
375 1.426
376 1.4299
377 1.43381
378 1.43772
379 1.44162
380 1.44553
381 1.44944
382 1.45334
383 1.45725
384 1.46116
385 1.46506
386 1.46897
387 1.47288
388 1.47678
389 1.48069
390 1.4846
391 1.48851
392 1.49241
393 1.49632
394 1.50023
395 1.50413
396 1.50804
397 1.51195
398 1.51585
399 1.51976
400 1.52367
401 1.52757
402 1.53148
403 1.53539
404 1.53929
405 1.5432
406 1.54711
407 1.55101
408 1.55492
409 1.55883
410 1.56274
411 1.56664
412 1.57055
413 1.57446
414 1.57836
415 1.58227
416 1.58618
417 1.59008
418 1.59399
419 1.5979
420 1.6018
421 1.60571
422 1.60962
423 1.61352
424 1.61743
425 1.62134
426 1.62524
427 1.62915
428 1.63306
429 1.63697
430 1.64087
431 1.64478
432 1.64869
433 1.65259
434 1.6565
435 1.66041
436 1.66431
437 1.66822
438 1.67213
439 1.67603
440 1.67994
441 1.68385
442 1.68775
443 1.69166
444 1.69557
445 1.69947
446 1.70338
447 1.70729
448 1.7112
449 1.7151
450 1.71901
451 1.72292
452 1.72682
453 1.73073
454 1.73464
455 1.73854
456 1.74245
457 1.74636
458 1.75026
459 1.75417
460 1.75808
461 1.76198
462 1.76589
463 1.7698
464 1.7737
465 1.77761
466 1.78152
467 1.78543
468 1.78933
469 1.79324
470 1.79715
471 1.80105
472 1.80496
473 1.80887
474 1.81277
475 1.81668
476 1.82059
477 1.82449
478 1.8284
479 1.83231
480 1.83621
481 1.84012
482 1.84403
483 1.84793
484 1.85184
485 1.85575
486 1.85966
487 1.86356
488 1.86747
489 1.87138
490 1.87528
491 1.87919
492 1.8831
493 1.887
494 1.89091
495 1.89482
496 1.89872
497 1.90263
498 1.90654
499 1.91044
500 1.91435
501 1.91826
502 1.92216
503 1.92607
504 1.92998
505 1.93388
506 1.93779
507 1.9417
508 1.94561
509 1.94951
510 1.95342
511 1.95733
512 1.96123
513 1.96514
514 1.96905
515 1.97295
516 1.97686
517 1.98077
518 1.98467
519 1.98858
520 1.99249
521 1.99639
522 2.0003
523 2.00421
524 2.00811
525 2.01202
526 2.01593
527 2.01984
528 2.02374
529 2.02765
530 2.03156
531 2.03546
532 2.03937
533 2.04328
534 2.04718
535 2.05109
536 2.055
537 2.0589
538 2.06281
539 2.06672
540 2.07062
541 2.07453
542 2.07844
543 2.08234
544 2.08625
545 2.09016
546 2.09407
547 2.09797
548 2.10188
549 2.10579
550 2.10969
551 2.1136
552 2.11751
553 2.12141
554 2.12532
555 2.12923
556 2.13313
557 2.13704
558 2.14095
559 2.14485
560 2.14876
561 2.15267
562 2.15657
563 2.16048
564 2.16439
565 2.1683
566 2.1722
567 2.17611
568 2.18002
569 2.18392
570 2.18783
571 2.19174
572 2.19564
573 2.19955
574 2.20346
575 2.20736
576 2.21127
577 2.21518
578 2.21908
579 2.22299
580 2.2269
581 2.2308
582 2.23471
583 2.23862
584 2.24253
585 2.24643
586 2.25034
587 2.25425
588 2.25815
589 2.26206
590 2.26597
591 2.26987
592 2.27378
593 2.27769
594 2.28159
595 2.2855
596 2.28941
597 2.29331
598 2.29722
599 2.30113
600 2.30503
601 2.30894
602 2.31285
603 2.31676
604 2.32066
605 2.32457
606 2.32848
607 2.33238
608 2.33629
609 2.3402
610 2.3441
611 2.34801
612 2.35192
613 2.35582
614 2.35973
615 2.36364
616 2.36754
617 2.37145
618 2.37536
619 2.37926
620 2.38317
621 2.38708
622 2.39099
623 2.39489
624 2.3988
625 2.40271
626 2.40661
627 2.41052
628 2.41443
629 2.41833
630 2.42224
631 2.42615
632 2.43005
633 2.43396
634 2.43787
635 2.44177
636 2.44568
637 2.44959
638 2.45349
639 2.4574
640 2.46131
641 2.46521
642 2.46912
643 2.47303
644 2.47694
645 2.48084
646 2.48475
647 2.48866
648 2.49256
649 2.49647
650 2.50038
651 2.50428
652 2.50819
653 2.5121
654 2.516
655 2.51991
656 2.52382
657 2.52772
658 2.53163
659 2.53554
660 2.53944
661 2.54335
662 2.54726
663 2.55117
664 2.55507
665 2.55898
666 2.56289
667 2.56679
668 2.5707
669 2.57461
670 2.57851
671 2.58242
672 2.58633
673 2.59023
674 2.59414
675 2.59805
676 2.60195
677 2.60586
678 2.60977
679 2.61367
680 2.61758
681 2.62149
682 2.6254
683 2.6293
684 2.63321
685 2.63712
686 2.64102
687 2.64493
688 2.64884
689 2.65274
690 2.65665
691 2.66056
692 2.66446
693 2.66837
694 2.67228
695 2.67618
696 2.68009
697 2.684
698 2.6879
699 2.69181
700 2.69572
701 2.69963
702 2.70353
703 2.70744
704 2.71135
705 2.71525
706 2.71916
707 2.72307
708 2.72697
709 2.73088
710 2.73479
711 2.73869
712 2.7426
713 2.74651
714 2.75041
715 2.75432
716 2.75823
717 2.76213
718 2.76604
719 2.76995
720 2.77386
721 2.77776
722 2.78167
723 2.78558
724 2.78948
725 2.79339
726 2.7973
727 2.8012
728 2.80511
729 2.80902
730 2.81292
731 2.81683
732 2.82074
733 2.82464
734 2.82855
735 2.83246
736 2.83636
737 2.84027
738 2.84418
739 2.84809
740 2.85199
741 2.8559
742 2.85981
743 2.86371
744 2.86762
745 2.87153
746 2.87543
747 2.87934
748 2.88325
749 2.88715
750 2.89106
751 2.89497
752 2.89887
753 2.90278
754 2.90669
755 2.91059
756 2.9145
757 2.91841
758 2.92232
759 2.92622
760 2.93013
761 2.93404
762 2.93794
763 2.94185
764 2.94576
765 2.94966
766 2.95357
767 2.95748
768 2.96138
769 2.96529
770 2.9692
771 2.9731
772 2.97701
773 2.98092
774 2.98482
775 2.98873
776 2.99264
777 2.99655
778 3.00045
779 3.00436
780 3.00827
781 3.01217
782 3.01608
783 3.01999
784 3.02389
785 3.0278
786 3.03171
787 3.03561
788 3.03952
789 3.04343
790 3.04733
791 3.05124
792 3.05515
793 3.05905
794 3.06296
795 3.06687
796 3.07077
797 3.07468
798 3.07859
799 3.0825
800 3.0864
801 3.09031
802 3.09422
803 3.09812
804 3.10203
805 3.10594
806 3.10984
807 3.11375
808 3.11766
809 3.12156
810 3.12547
811 3.12938
812 3.13328
813 3.13719
814 3.1411
815 3.145
816 3.14891
817 3.15282
818 3.15673
819 3.16063
820 3.16454
821 3.16845
822 3.17235
823 3.17626
824 3.18017
825 3.18407
826 3.18798
827 3.19189
828 3.19579
829 3.1997
830 3.20361
831 3.20751
832 3.21142
833 3.21533
834 3.21923
835 3.22314
836 3.22705
837 3.23096
838 3.23486
839 3.23877
840 3.24268
841 3.24658
842 3.25049
843 3.2544
844 3.2583
845 3.26221
846 3.26612
847 3.27002
848 3.27393
849 3.27784
850 3.28174
851 3.28565
852 3.28956
853 3.29346
854 3.29737
855 3.30128
856 3.30519
857 3.30909
858 3.313
859 3.31691
860 3.32081
861 3.32472
862 3.32863
863 3.33253
864 3.33644
865 3.34035
866 3.34425
867 3.34816
868 3.35207
869 3.35597
870 3.35988
871 3.36379
872 3.36769
873 3.3716
874 3.37551
875 3.37942
876 3.38332
877 3.38723
878 3.39114
879 3.39504
880 3.39895
881 3.40286
882 3.40676
883 3.41067
884 3.41458
885 3.41848
886 3.42239
887 3.4263
888 3.4302
889 3.43411
890 3.43802
891 3.44192
892 3.44583
893 3.44974
894 3.45365
895 3.45755
896 3.46146
897 3.46537
898 3.46927
899 3.47318
900 3.47709
901 3.48099
902 3.4849
903 3.48881
904 3.49271
905 3.49662
906 3.50053
907 3.50443
908 3.50834
909 3.51225
910 3.51615
911 3.52006
912 3.52397
913 3.52788
914 3.53178
915 3.53569
916 3.5396
917 3.5435
918 3.54741
919 3.55132
920 3.55522
921 3.55913
922 3.56304
923 3.56694
924 3.57085
925 3.57476
926 3.57866
927 3.58257
928 3.58648
929 3.59038
930 3.59429
931 3.5982
932 3.6021
933 3.60601
934 3.60992
935 3.61383
936 3.61773
937 3.62164
938 3.62555
939 3.62945
940 3.63336
941 3.63727
942 3.64117
943 3.64508
944 3.64899
945 3.65289
946 3.6568
947 3.66071
948 3.66461
949 3.66852
950 3.67243
951 3.67633
952 3.68024
953 3.68415
954 3.68806
955 3.69196
956 3.69587
957 3.69978
958 3.70368
959 3.70759
960 3.7115
961 3.7154
962 3.71931
963 3.72322
964 3.72712
965 3.73103
966 3.73494
967 3.73884
968 3.74275
969 3.74666
970 3.75056
971 3.75447
972 3.75838
973 3.76229
974 3.76619
975 3.7701
976 3.77401
977 3.77791
978 3.78182
979 3.78573
980 3.78963
981 3.79354
982 3.79745
983 3.80135
984 3.80526
985 3.80917
986 3.81307
987 3.81698
988 3.82089
989 3.82479
990 3.8287
991 3.83261
992 3.83652
993 3.84042
994 3.84433
995 3.84824
996 3.85214
997 3.85605
998 3.85996
999 3.86386
1000 3.86777
1001 3.87168
1002 3.87558
1003 3.87949
1004 3.8834
1005 3.8873
1006 3.89121
1007 3.89512
1008 3.89902
1009 3.90293
1010 3.90684
1011 3.91075
1012 3.91465
1013 3.91856
1014 3.92247
1015 3.92637
1016 3.93028
1017 3.93419
1018 3.93809
1019 3.942
1020 3.94591
1021 3.94981
1022 3.95372
1023 3.95763
1024 3.96153
1025 3.96544
1026 3.96935
1027 3.97325
1028 3.97716
1029 3.98107
1030 3.98498
1031 3.98888
1032 3.99279
1033 3.9967
1034 4.0006
1035 4.00451
1036 4.00842
1037 4.01232
1038 4.01623
1039 4.02014
1040 4.02404
1041 4.02795
1042 4.03186
1043 4.03576
1044 4.03967
1045 4.04358
1046 4.04748
1047 4.05139
1048 4.0553
1049 4.05921
1050 4.06311
1051 4.06702
1052 4.07093
1053 4.07483
1054 4.07874
1055 4.08265
1056 4.08655
1057 4.09046
1058 4.09437
1059 4.09827
1060 4.10218
1061 4.10609
1062 4.10999
1063 4.1139
1064 4.11781
1065 4.12171
1066 4.12562
1067 4.12953
1068 4.13343
1069 4.13734
1070 4.14125
1071 4.14516
1072 4.14906
1073 4.15297
1074 4.15688
1075 4.16078
1076 4.16469
1077 4.1686
1078 4.1725
1079 4.17641
1080 4.18032
1081 4.18422
1082 4.18813
1083 4.19204
1084 4.19594
1085 4.19985
1086 4.20376
1087 4.20766
1088 4.21157
1089 4.21548
1090 4.21939
1091 4.22329
1092 4.2272
1093 4.23111
1094 4.23501
1095 4.23892
1096 4.24283
1097 4.24673
1098 4.25064
1099 4.25455
1100 4.25845
1101 4.26236
1102 4.26627
1103 4.27017
1104 4.27408
1105 4.27799
1106 4.28189
1107 4.2858
1108 4.28971
1109 4.29362
1110 4.29752
1111 4.30143
1112 4.30534
1113 4.30924
1114 4.31315
1115 4.31706
1116 4.32096
1117 4.32487
1118 4.32878
1119 4.33268
1120 4.33659
1121 4.3405
1122 4.3444
1123 4.34831
1124 4.35222
1125 4.35612
1126 4.36003
1127 4.36394
1128 4.36785
1129 4.37175
1130 4.37566
1131 4.37957
1132 4.38347
1133 4.38738
1134 4.39129
1135 4.39519
1136 4.3991
1137 4.40301
1138 4.40691
1139 4.41082
1140 4.41473
1141 4.41863
1142 4.42254
1143 4.42645
1144 4.43035
1145 4.43426
1146 4.43817
1147 4.44208
1148 4.44598
1149 4.44989
1150 4.4538
1151 4.4577
1152 4.46161
1153 4.46552
1154 4.46942
1155 4.47333
1156 4.47724
1157 4.48114
1158 4.48505
1159 4.48896
1160 4.49286
1161 4.49677
1162 4.50068
1163 4.50458
1164 4.50849
1165 4.5124
1166 4.51631
1167 4.52021
1168 4.52412
1169 4.52803
1170 4.53193
1171 4.53584
1172 4.53975
1173 4.54365
1174 4.54756
1175 4.55147
1176 4.55537
1177 4.55928
1178 4.56319
1179 4.56709
1180 4.571
1181 4.57491
1182 4.57881
1183 4.58272
1184 4.58663
1185 4.59054
1186 4.59444
1187 4.59835
1188 4.60226
1189 4.60616
1190 4.61007
1191 4.61398
1192 4.61788
1193 4.62179
1194 4.6257
1195 4.6296
1196 4.63351
1197 4.63742
1198 4.64132
1199 4.64523
1200 4.64914
1201 4.65304
1202 4.65695
1203 4.66086
1204 4.66476
1205 4.66867
1206 4.67258
1207 4.67649
1208 4.68039
1209 4.6843
1210 4.68821
1211 4.69211
1212 4.69602
1213 4.69993
1214 4.70383
1215 4.70774
1216 4.71165
1217 4.71555
1218 4.71946
1219 4.72337
1220 4.72727
1221 4.73118
1222 4.73509
1223 4.73899
1224 4.7429
1225 4.74681
1226 4.75072
1227 4.75462
1228 4.75853
1229 4.76244
1230 4.76634
1231 4.77025
1232 4.77416
1233 4.77806
1234 4.78197
1235 4.78588
1236 4.78978
1237 4.79369
1238 4.7976
1239 4.8015
1240 4.80541
1241 4.80932
1242 4.81322
1243 4.81713
1244 4.82104
1245 4.82495
1246 4.82885
1247 4.83276
1248 4.83667
1249 4.84057
1250 4.84448
1251 4.84839
1252 4.85229
1253 4.8562
1254 4.86011
1255 4.86401
1256 4.86792
1257 4.87183
1258 4.87573
1259 4.87964
1260 4.88355
1261 4.88745
1262 4.89136
1263 4.89527
1264 4.89918
1265 4.90308
1266 4.90699
1267 4.9109
1268 4.9148
1269 4.91871
1270 4.92262
1271 4.92652
1272 4.93043
1273 4.93434
1274 4.93824
1275 4.94215
1276 4.94606
1277 4.94996
1278 4.95387
1279 4.95778
1280 4.96168
1281 4.96559
1282 4.9695
1283 4.97341
1284 4.97731
1285 4.98122
1286 4.98513
1287 4.98903
1288 4.99294
1289 4.99685
1290 5.00075
1291 5.00466
1292 5.00857
1293 5.01247
1294 5.01638
1295 5.02029
1296 5.02419
1297 5.0281
1298 5.03201
1299 5.03591
1300 5.03982
1301 5.04373
1302 5.04764
1303 5.05154
1304 5.05545
1305 5.05936
1306 5.06326
1307 5.06717
1308 5.07108
1309 5.07498
1310 5.07889
1311 5.0828
1312 5.0867
1313 5.09061
1314 5.09452
1315 5.09842
1316 5.10233
1317 5.10624
1318 5.11014
1319 5.11405
1320 5.11796
1321 5.12187
1322 5.12577
1323 5.12968
1324 5.13359
1325 5.13749
1326 5.1414
1327 5.14531
1328 5.14921
1329 5.15312
1330 5.15703
1331 5.16093
1332 5.16484
1333 5.16875
1334 5.17265
1335 5.17656
1336 5.18047
1337 5.18437
1338 5.18828
1339 5.19219
1340 5.19609
1341 5.2
1342 5.20391
1343 5.20782
1344 5.21172
1345 5.21563
1346 5.21954
1347 5.22344
1348 5.22735
1349 5.23126
1350 5.23516
1351 5.23907
1352 5.24298
1353 5.24688
1354 5.25079
1355 5.2547
1356 5.2586
1357 5.26251
1358 5.26642
1359 5.27032
1360 5.27423
1361 5.27814
1362 5.28205
1363 5.28595
1364 5.28986
1365 5.29377
1366 5.29767
1367 5.30158
1368 5.30549
1369 5.30939
1370 5.3133
1371 5.31721
1372 5.32111
1373 5.32502
1374 5.32893
1375 5.33283
1376 5.33674
1377 5.34065
1378 5.34455
1379 5.34846
1380 5.35237
1381 5.35628
1382 5.36018
1383 5.36409
1384 5.368
1385 5.3719
1386 5.37581
1387 5.37972
1388 5.38362
1389 5.38753
1390 5.39144
1391 5.39534
1392 5.39925
1393 5.40316
1394 5.40706
1395 5.41097
1396 5.41488
1397 5.41878
1398 5.42269
1399 5.4266
1400 5.43051
1401 5.43441
1402 5.43832
1403 5.44223
1404 5.44613
1405 5.45004
1406 5.45395
1407 5.45785
1408 5.46176
1409 5.46567
1410 5.46957
1411 5.47348
1412 5.47739
1413 5.48129
1414 5.4852
1415 5.48911
1416 5.49301
1417 5.49692
1418 5.50083
1419 5.50474
1420 5.50864
1421 5.51255
1422 5.51646
1423 5.52036
1424 5.52427
1425 5.52818
1426 5.53208
1427 5.53599
1428 5.5399
1429 5.5438
1430 5.54771
1431 5.55162
1432 5.55552
1433 5.55943
1434 5.56334
1435 5.56724
1436 5.57115
1437 5.57506
1438 5.57897
1439 5.58287
1440 5.58678
1441 5.59069
1442 5.59459
1443 5.5985
1444 5.60241
1445 5.60631
1446 5.61022
1447 5.61413
1448 5.61803
1449 5.62194
1450 5.62585
1451 5.62975
1452 5.63366
1453 5.63757
1454 5.64147
1455 5.64538
1456 5.64929
1457 5.6532
1458 5.6571
1459 5.66101
1460 5.66492
1461 5.66882
1462 5.67273
1463 5.67664
1464 5.68054
1465 5.68445
1466 5.68836
1467 5.69226
1468 5.69617
1469 5.70008
1470 5.70398
1471 5.70789
1472 5.7118
1473 5.7157
1474 5.71961
1475 5.72352
1476 5.72742
1477 5.73133
1478 5.73524
1479 5.73915
1480 5.74305
1481 5.74696
1482 5.75087
1483 5.75477
1484 5.75868
1485 5.76259
1486 5.76649
1487 5.7704
1488 5.77431
1489 5.77821
1490 5.78212
1491 5.78603
1492 5.78993
1493 5.79384
1494 5.79775
1495 5.80165
1496 5.80556
1497 5.80947
1498 5.81338
1499 5.81728
1500 5.82119
../sysdeps/unix/sysv/linux/wait4.c:30:error: [Thread debugging using libthread_db enabled]
../sysdeps/unix/sysv/linux/wait4.c:30:error: Using host libthread_db library "/lib/x86_64-linux-gnu/libthread_db.so.1".
../sysdeps/unix/sysv/linux/wait4.c:30:error: [Detaching after vfork from child process 2464919]
../sysdeps/unix/sysv/linux/wait4.c:30:error: [Detaching after vfork from child process 2464940]
../sysdeps/unix/sysv/linux/wait4.c:30:error: [Detaching after vfork from child process 2464956]
../sysdeps/unix/sysv/linux/wait4.c:30:error: [Detaching after vfork from child process 2464964]
../sysdeps/unix/sysv/linux/wait4.c:30:error: [Detaching after vfork from child process 2464972]
../sysdeps/unix/sysv/linux/wait4.c:30:error: [Detaching after vfork from child process 2464981]
../sysdeps/unix/sysv/linux/wait4.c:30:error: [Detaching after vfork from child process 2464990]
../sysdeps/unix/sysv/linux/wait4.c:30:error: [Detaching after vfork from child process 2464998]
../sysdeps/unix/sysv/linux/wait4.c:30:error: [Detaching after vfork from child process 2465016]
../sysdeps/unix/sysv/linux/wait4.c:30:error: [Detaching after vfork from child process 2465024]
../sysdeps/unix/sysv/linux/wait4.c:30:error: [Detaching after vfork from child process 2465032]
../sysdeps/unix/sysv/linux/wait4.c:30:error: [Detaching after vfork from child process 2465040]
../sysdeps/unix/sysv/linux/wait4.c:30:error: [Detaching after vfork from child process 2465048]
../sysdeps/unix/sysv/linux/wait4.c:30:error: [Detaching after vfork from child process 2465056]
../sysdeps/unix/sysv/linux/wait4.c:30:error: [Detaching after vfork from child process 2465064]
../sysdeps/unix/sysv/linux/wait4.c:30:error: [Detaching after vfork from child process 2465072]
../sysdeps/unix/sysv/linux/wait4.c:30:error: Program received signal SIGINT, Interrupt.
