x | y | u.x | u.y | uint | vint | p
0.00390625 0.511719 4.16669e-05 0.0129476 4.16669e-05 0.0129476 -0.0835882
0.0117188 0.511719 0.000479082 0.0439034 0.000479082 0.0439034 -0.0834197
0.0195312 0.511719 0.00116493 0.0748366 0.00116493 0.0748366 -0.0832538
0.0273438 0.511719 0.00186506 0.102863 0.00186506 0.102863 -0.0830314
0.0351562 0.511719 0.00247881 0.127227 0.00247881 0.127227 -0.0827819
0.0429688 0.511719 0.00292295 0.148051 0.00292295 0.148051 -0.0825056
0.0507812 0.511719 0.0031515 0.165704 0.0031515 0.165704 -0.082212
0.0585938 0.511719 0.0031436 0.180601 0.0031436 0.180601 -0.0819086
0.0664062 0.511719 0.00290755 0.193161 0.00290755 0.193161 -0.0815867
0.0742188 0.511719 0.00245208 0.203759 0.00245208 0.203759 -0.0812797
0.0820312 0.511719 0.0018296 0.212786 0.0018296 0.212786 -0.0809287
0.0898438 0.511719 0.00106148 0.220486 0.00106148 0.220486 -0.0806448
0.0976562 0.511719 0.000150208 0.227246 0.000150208 0.227246 -0.0803257
0.105469 0.511719 -0.000847151 0.233009 -0.000847151 0.233009 -0.0800052
0.113281 0.511719 -0.00188054 0.238087 -0.00188054 0.238087 -0.0796898
0.121094 0.511719 -0.00292616 0.242571 -0.00292616 0.242571 -0.0793887
0.128906 0.511719 -0.00396786 0.246519 -0.00396786 0.246519 -0.0790219
0.136719 0.511719 -0.00497784 0.249943 -0.00497784 0.249943 -0.0786678
0.144531 0.511719 -0.00594274 0.252848 -0.00594274 0.252848 -0.0783205
0.152344 0.511719 -0.00686067 0.255242 -0.00686067 0.255242 -0.0779648
0.160156 0.511719 -0.0077299 0.257126 -0.0077299 0.257126 -0.0776027
0.167969 0.511719 -0.00855087 0.258502 -0.00855087 0.258502 -0.0772398
0.175781 0.511719 -0.00932639 0.25936 -0.00932639 0.25936 -0.0768568
0.183594 0.511719 -0.0100551 0.259706 -0.0100551 0.259706 -0.076454
0.191406 0.511719 -0.0107368 0.259542 -0.0107368 0.259542 -0.0760369
0.199219 0.511719 -0.0113724 0.258875 -0.0113724 0.258875 -0.0756055
0.207031 0.511719 -0.0119634 0.257713 -0.0119634 0.257713 -0.0751558
0.214844 0.511719 -0.012511 0.256068 -0.012511 0.256068 -0.0746835
0.222656 0.511719 -0.0130166 0.253955 -0.0130166 0.253955 -0.0741853
0.230469 0.511719 -0.0134827 0.251389 -0.0134827 0.251389 -0.0736588
0.238281 0.511719 -0.0139113 0.248388 -0.0139113 0.248388 -0.0731005
0.246094 0.511719 -0.0143044 0.244973 -0.0143044 0.244973 -0.0725078
0.253906 0.511719 -0.0146652 0.241164 -0.0146652 0.241164 -0.0718776
0.261719 0.511719 -0.0149961 0.236986 -0.0149961 0.236986 -0.071207
0.269531 0.511719 -0.0152999 0.232461 -0.0152999 0.232461 -0.0704935
0.277344 0.511719 -0.01558 0.227615 -0.01558 0.227615 -0.0697342
0.285156 0.511719 -0.0158396 0.222473 -0.0158396 0.222473 -0.0689269
0.292969 0.511719 -0.016082 0.21706 -0.016082 0.21706 -0.0680693
0.300781 0.511719 -0.0163107 0.211404 -0.0163107 0.211404 -0.0671594
0.308594 0.511719 -0.0165293 0.205531 -0.0165293 0.205531 -0.0661954
0.316406 0.511719 -0.0167412 0.199465 -0.0167412 0.199465 -0.0651758
0.324219 0.511719 -0.01695 0.193232 -0.01695 0.193232 -0.0640993
0.332031 0.511719 -0.0171592 0.186858 -0.0171592 0.186858 -0.062965
0.339844 0.511719 -0.0173721 0.180364 -0.0173721 0.180364 -0.0617723
0.347656 0.511719 -0.0175921 0.173774 -0.0175921 0.173774 -0.060521
0.355469 0.511719 -0.017822 0.167108 -0.017822 0.167108 -0.0592109
0.363281 0.511719 -0.0180646 0.160385 -0.0180646 0.160385 -0.0578421
0.371094 0.511719 -0.0183229 0.153623 -0.0183229 0.153623 -0.0564149
0.378906 0.511719 -0.0185991 0.146837 -0.0185991 0.146837 -0.0549296
0.386719 0.511719 -0.0188953 0.14004 -0.0188953 0.14004 -0.0533871
0.394531 0.511719 -0.0192135 0.133244 -0.0192135 0.133244 -0.0517882
0.402344 0.511719 -0.019555 0.126458 -0.019555 0.126458 -0.0501343
0.410156 0.511719 -0.0199207 0.119689 -0.0199207 0.119689 -0.0484275
0.417969 0.511719 -0.0203121 0.112942 -0.0203121 0.112942 -0.046669
0.425781 0.511719 -0.0207304 0.10622 -0.0207304 0.10622 -0.0448568
0.433594 0.511719 -0.0211757 0.0995232 -0.0211757 0.0995232 -0.0429914
0.441406 0.511719 -0.0216475 0.0928532 -0.0216475 0.0928532 -0.041077
0.449219 0.511719 -0.0221454 0.0862082 -0.0221454 0.0862082 -0.0391172
0.457031 0.511719 -0.0226692 0.0795858 -0.0226692 0.0795858 -0.0371138
0.464844 0.511719 -0.0232191 0.0729819 -0.0232191 0.0729819 -0.0350667
0.472656 0.511719 -0.0237944 0.0663917 -0.0237944 0.0663917 -0.032977
0.480469 0.511719 -0.0243938 0.0598103 -0.0243938 0.0598103 -0.0308463
0.488281 0.511719 -0.0250163 0.053234 -0.0250163 0.053234 -0.028677
0.496094 0.511719 -0.025661 0.0466573 -0.025661 0.0466573 -0.0264704
0.503906 0.511719 -0.0263267 0.0400756 -0.0263267 0.0400756 -0.0242284
0.511719 0.511719 -0.0270124 0.0334845 -0.0270124 0.0334845 -0.021952
0.519531 0.511719 -0.0277164 0.0268802 -0.0277164 0.0268802 -0.0196428
0.527344 0.511719 -0.0284372 0.0202596 -0.0284372 0.0202596 -0.0173034
0.535156 0.511719 -0.0291729 0.0136209 -0.0291729 0.0136209 -0.0149358
0.542969 0.511719 -0.0299217 0.00696316 -0.0299217 0.00696316 -0.0125418
0.550781 0.511719 -0.0306816 0.00028661 -0.0306816 0.00028661 -0.0101227
0.558594 0.511719 -0.0314516 -0.00640672 -0.0314516 -0.00640672 -0.00768171
0.566406 0.511719 -0.0322293 -0.0131154 -0.0322293 -0.0131154 -0.00522067
0.574219 0.511719 -0.0330149 -0.0198408 -0.0330149 -0.0198408 -0.00274092
0.582031 0.511719 -0.0338074 -0.026583 -0.0338074 -0.026583 -0.000245114
0.589844 0.511719 -0.0346065 -0.0333412 -0.0346065 -0.0333412 0.00226454
0.597656 0.511719 -0.0354117 -0.0401142 -0.0354117 -0.0401142 0.00478547
0.605469 0.511719 -0.0362226 -0.0469006 -0.0362226 -0.0469006 0.00731486
0.613281 0.511719 -0.0370386 -0.0536998 -0.0370386 -0.0536998 0.00985029
0.621094 0.511719 -0.0378592 -0.0605101 -0.0378592 -0.0605101 0.0123899
0.628906 0.511719 -0.0386844 -0.0673297 -0.0386844 -0.0673297 0.0149326
0.636719 0.511719 -0.0395147 -0.0741572 -0.0395147 -0.0741572 0.0174776
0.644531 0.511719 -0.0403504 -0.0809912 -0.0403504 -0.0809912 0.0200219
0.652344 0.511719 -0.0411917 -0.0878323 -0.0411917 -0.0878323 0.0225624
0.660156 0.511719 -0.0420391 -0.0946805 -0.0420391 -0.0946805 0.0250955
0.667969 0.511719 -0.0428944 -0.101536 -0.0428944 -0.101536 0.027619
0.675781 0.511719 -0.0437607 -0.108403 -0.0437607 -0.108403 0.0301324
0.683594 0.511719 -0.0446417 -0.115285 -0.0446417 -0.115285 0.0326357
0.691406 0.511719 -0.0455411 -0.122189 -0.0455411 -0.122189 0.0351273
0.699219 0.511719 -0.0464643 -0.129125 -0.0464643 -0.129125 0.0376039
0.707031 0.511719 -0.0474179 -0.136105 -0.0474179 -0.136105 0.0400627
0.714844 0.511719 -0.0484102 -0.143148 -0.0484102 -0.143148 0.0425013
0.722656 0.511719 -0.049451 -0.150275 -0.049451 -0.150275 0.0449172
0.730469 0.511719 -0.0505526 -0.157518 -0.0505526 -0.157518 0.0473083
0.738281 0.511719 -0.0517288 -0.164914 -0.0517288 -0.164914 0.0496745
0.746094 0.511719 -0.0529954 -0.172511 -0.0529954 -0.172511 0.0520172
0.753906 0.511719 -0.0543684 -0.180365 -0.0543684 -0.180365 0.0543374
0.761719 0.511719 -0.0558646 -0.188541 -0.0558646 -0.188541 0.0566347
0.769531 0.511719 -0.0575 -0.197116 -0.0575 -0.197116 0.0589093
0.777344 0.511719 -0.0592891 -0.206172 -0.0592891 -0.206172 0.0611621
0.785156 0.511719 -0.0612432 -0.2158 -0.0612432 -0.2158 0.0633955
0.792969 0.511719 -0.063368 -0.226091 -0.063368 -0.226091 0.0656127
0.800781 0.511719 -0.0656612 -0.237134 -0.0656612 -0.237134 0.0678177
0.808594 0.511719 -0.0681101 -0.249008 -0.0681101 -0.249008 0.0700145
0.816406 0.511719 -0.070689 -0.26177 -0.070689 -0.26177 0.0722072
0.824219 0.511719 -0.0733571 -0.275447 -0.0733571 -0.275447 0.0743998
0.832031 0.511719 -0.0760564 -0.290024 -0.0760564 -0.290024 0.0765969
0.839844 0.511719 -0.0787102 -0.305429 -0.0787102 -0.305429 0.0788027
0.847656 0.511719 -0.0812224 -0.321519 -0.0812224 -0.321519 0.0810213
0.855469 0.511719 -0.0834778 -0.338066 -0.0834778 -0.338066 0.0832549
0.863281 0.511719 -0.085344 -0.354742 -0.085344 -0.354742 0.0855025
0.871094 0.511719 -0.086674 -0.371107 -0.086674 -0.371107 0.0877591
0.878906 0.511719 -0.0873116 -0.386596 -0.0873116 -0.386596 0.0900148
0.886719 0.511719 -0.0870978 -0.400517 -0.0870978 -0.400517 0.0922547
0.894531 0.511719 -0.0858789 -0.412044 -0.0858789 -0.412044 0.0944572
0.902344 0.511719 -0.0835177 -0.420231 -0.0835177 -0.420231 0.0965931
0.910156 0.511719 -0.0799056 -0.424026 -0.0799056 -0.424026 0.0986264
0.917969 0.511719 -0.0749788 -0.422316 -0.0749788 -0.422316 0.100516
0.925781 0.511719 -0.0687347 -0.41398 -0.0687347 -0.41398 0.102217
0.933594 0.511719 -0.0612505 -0.397991 -0.0612505 -0.397991 0.103686
0.941406 0.511719 -0.0527013 -0.373532 -0.0527013 -0.373532 0.104889
0.949219 0.511719 -0.0433759 -0.340169 -0.0433759 -0.340169 0.105801
0.957031 0.511719 -0.0336789 -0.298045 -0.0336789 -0.298045 0.106419
0.964844 0.511719 -0.0241369 -0.24809 -0.0241369 -0.24809 0.106751
0.972656 0.511719 -0.0153361 -0.192247 -0.0153361 -0.192247 0.106855
0.980469 0.511719 -0.00796802 -0.13357 -0.00796802 -0.13357 0.106725
0.988281 0.511719 -0.00253873 -0.0761644 -0.00253873 -0.0761644 0.106561
0.996094 0.511719 4.9536e-05 -0.0228868 4.9536e-05 -0.0228868 0.106026
