x | y | u.x | u.y | uint | vint | p
0.511719 0.00390625 -0.0263939 0.000403092 0.0514614 -0.000795518 -0.019549
0.511719 0.0117188 -0.0612099 0.00162526 -0.00880786 -0.000259557 -0.0194844
0.511719 0.0195312 -0.0891731 0.00326799 -0.0458988 0.000788999 -0.0193506
0.511719 0.0273438 -0.114389 0.0051919 -0.0744723 0.00245397 -0.0192554
0.511719 0.0351562 -0.137424 0.00718344 -0.100363 0.00459299 -0.0191659
0.511719 0.0429688 -0.158082 0.00912759 -0.124442 0.00694138 -0.0191071
0.511719 0.0507812 -0.176329 0.0109327 -0.14636 0.00935209 -0.0190814
0.511719 0.0585938 -0.192331 0.0125576 -0.165918 0.0116955 -0.0190945
0.511719 0.0664062 -0.206344 0.0139875 -0.183171 0.0138993 -0.0191547
0.511719 0.0742188 -0.218656 0.0152371 -0.198316 0.0159225 -0.0192592
0.511719 0.0820312 -0.229513 0.0163288 -0.211613 0.017759 -0.0194205
0.511719 0.0898438 -0.239154 0.0172941 -0.223314 0.0194183 -0.0196307
0.511719 0.0976562 -0.247727 0.0181743 -0.233663 0.0209254 -0.0198972
0.511719 0.105469 -0.255345 0.0189973 -0.242837 0.0223151 -0.0202161
0.511719 0.113281 -0.262073 0.0197902 -0.250978 0.0236153 -0.0205869
0.511719 0.121094 -0.267936 0.0205685 -0.258175 0.0248528 -0.0210126
0.511719 0.128906 -0.272948 0.0213366 -0.264481 0.0260477 -0.0214875
0.511719 0.136719 -0.277117 0.0221011 -0.269921 0.0272109 -0.0220076
0.511719 0.144531 -0.28043 0.0228653 -0.27451 0.0283503 -0.0225704
0.511719 0.152344 -0.282886 0.0236254 -0.278245 0.0294705 -0.0231696
0.511719 0.160156 -0.284484 0.0243777 -0.281125 0.0305688 -0.0238002
0.511719 0.167969 -0.285231 0.0251162 -0.283151 0.0316423 -0.0244555
0.511719 0.175781 -0.285142 0.0258354 -0.284326 0.0326852 -0.0251289
0.511719 0.183594 -0.284237 0.0265293 -0.284661 0.0336918 -0.0258131
0.511719 0.191406 -0.282547 0.0271927 -0.284176 0.0346559 -0.0265008
0.511719 0.199219 -0.280108 0.0278207 -0.282894 0.0355718 -0.0271845
0.511719 0.207031 -0.276961 0.028409 -0.280848 0.0364343 -0.0278568
0.511719 0.214844 -0.273156 0.0289539 -0.278078 0.0372387 -0.0285105
0.511719 0.222656 -0.268743 0.0294524 -0.274627 0.0379812 -0.0291388
0.511719 0.230469 -0.263778 0.0299021 -0.270545 0.0386587 -0.0297354
0.511719 0.238281 -0.25832 0.0303015 -0.265885 0.0392693 -0.0302946
0.511719 0.246094 -0.252427 0.0306499 -0.260702 0.0398117 -0.0308113
0.511719 0.253906 -0.246159 0.0309472 -0.255056 0.0402857 -0.031281
0.511719 0.261719 -0.239575 0.0311943 -0.249004 0.040692 -0.0317003
0.511719 0.269531 -0.232732 0.0313931 -0.242605 0.041032 -0.0320662
0.511719 0.277344 -0.225684 0.0315455 -0.235916 0.0413087 -0.0323769
0.511719 0.285156 -0.218486 0.0316541 -0.228993 0.041525 -0.0326306
0.511719 0.292969 -0.211184 0.0317228 -0.221889 0.0416849 -0.032827
0.511719 0.300781 -0.203822 0.031756 -0.214654 0.0417933 -0.032966
0.511719 0.308594 -0.196439 0.0317583 -0.207332 0.0418555 -0.0330482
0.511719 0.316406 -0.189069 0.0317347 -0.199965 0.0418775 -0.0330748
0.511719 0.324219 -0.181738 0.0316905 -0.192588 0.0418654 -0.0330472
0.511719 0.332031 -0.174471 0.031631 -0.185232 0.0418255 -0.0329676
0.511719 0.339844 -0.167285 0.0315615 -0.177923 0.0417643 -0.0328379
0.511719 0.347656 -0.160193 0.0314871 -0.17068 0.0416882 -0.0326606
0.511719 0.355469 -0.153201 0.0314129 -0.163518 0.0416033 -0.0324382
0.511719 0.363281 -0.146316 0.0313432 -0.15645 0.0415153 -0.0321733
0.511719 0.371094 -0.139536 0.0312823 -0.14948 0.0414297 -0.0318685
0.511719 0.378906 -0.132859 0.0312337 -0.142611 0.0413512 -0.0315265
0.511719 0.386719 -0.126279 0.0312007 -0.135844 0.0412842 -0.0311496
0.511719 0.394531 -0.119791 0.0311859 -0.129174 0.0412323 -0.0307404
0.511719 0.402344 -0.113384 0.0311912 -0.122595 0.0411984 -0.030301
0.511719 0.410156 -0.10705 0.0312182 -0.116101 0.0411849 -0.0298337
0.511719 0.417969 -0.100777 0.031268 -0.109684 0.0411936 -0.0293405
0.511719 0.425781 -0.0945567 0.0313411 -0.103333 0.0412256 -0.0288233
0.511719 0.433594 -0.0883767 0.0314376 -0.0970396 0.0412817 -0.0282838
0.511719 0.441406 -0.0822274 0.0315572 -0.0907929 0.0413618 -0.0277236
0.511719 0.449219 -0.0760993 0.0316991 -0.0845832 0.0414657 -0.0271442
0.511719 0.457031 -0.0699839 0.0318624 -0.0784012 0.0415923 -0.0265468
0.511719 0.464844 -0.0638738 0.0320457 -0.0722384 0.0417405 -0.0259327
0.511719 0.472656 -0.0577622 0.0322479 -0.0660871 0.0419087 -0.025303
0.511719 0.480469 -0.0516436 0.0324672 -0.0599405 0.0420954 -0.0246587
0.511719 0.488281 -0.045513 0.0327022 -0.0537927 0.0422988 -0.0240007
0.511719 0.496094 -0.0393664 0.0329512 -0.0476386 0.0425169 -0.0233298
0.511719 0.503906 -0.0332004 0.0332126 -0.0414737 0.042748 -0.0226466
0.511719 0.511719 -0.0270124 0.0334845 -0.0352944 0.0429899 -0.021952
0.511719 0.519531 -0.0208001 0.0337651 -0.0290977 0.043241 -0.0212466
0.511719 0.527344 -0.0145628 0.0340528 -0.0228807 0.043499 -0.02053
0.511719 0.535156 -0.00830114 0.0343444 -0.0166426 0.0437641 -0.0198046
0.511719 0.542969 -0.00201737 0.0346413 -0.0103816 0.0440252 -0.0190695
0.511719 0.550781 0.00428237 0.0349389 -0.00410231 0.0443026 -0.0183253
0.511719 0.558594 0.0105967 0.0352379 0.00218923 0.0445609 -0.0175732
0.511719 0.566406 0.0169275 0.0355374 0.00849709 0.0448267 -0.0168142
0.511719 0.574219 0.0232731 0.0358378 0.0148193 0.0450873 -0.0160502
0.511719 0.582031 0.0296325 0.036139 0.0211554 0.0453463 -0.0152815
0.511719 0.589844 0.0360054 0.0364409 0.0275043 0.0456025 -0.014509
0.511719 0.597656 0.042392 0.0367436 0.0338654 0.0458559 -0.0137335
0.511719 0.605469 0.048793 0.0370472 0.0402388 0.0461063 -0.0129557
0.511719 0.613281 0.0552095 0.0373517 0.0466251 0.0463538 -0.0121765
0.511719 0.621094 0.0616428 0.0376569 0.0530252 0.0465981 -0.0113967
0.511719 0.628906 0.068094 0.0379626 0.0594401 0.0468392 -0.010617
0.511719 0.636719 0.0745639 0.0382682 0.0658708 0.0470765 -0.00983828
0.511719 0.644531 0.0810532 0.0385733 0.0723183 0.0473095 -0.00906143
0.511719 0.652344 0.0875622 0.0388773 0.078783 0.0475377 -0.00828741
0.511719 0.660156 0.0940906 0.0391791 0.0852653 0.0477602 -0.00751688
0.511719 0.667969 0.100638 0.0394779 0.0917651 0.0479763 -0.00674995
0.511719 0.675781 0.107203 0.039772 0.098282 0.0481847 -0.00598676
0.511719 0.683594 0.113784 0.0400604 0.104815 0.0483841 -0.00522695
0.511719 0.691406 0.120378 0.0403416 0.111362 0.0485729 -0.00447147
0.511719 0.699219 0.126983 0.0406138 0.117921 0.0487493 -0.00372076
0.511719 0.707031 0.133596 0.0408751 0.124489 0.0489114 -0.00297557
0.511719 0.714844 0.140211 0.0411234 0.131063 0.0490574 -0.00223635
0.511719 0.722656 0.146824 0.0413561 0.137638 0.0491849 -0.00150389
0.511719 0.730469 0.153429 0.0415708 0.14421 0.0492915 -0.000778094
0.511719 0.738281 0.16002 0.041765 0.150773 0.0493746 -5.99287e-05
0.511719 0.746094 0.166588 0.0419356 0.157321 0.0494314 0.000650477
0.511719 0.753906 0.173127 0.0420793 0.163846 0.049459 0.00135237
0.511719 0.761719 0.179628 0.0421928 0.17034 0.0494542 0.00204569
0.511719 0.769531 0.186081 0.042273 0.176796 0.0494136 0.00272983
0.511719 0.777344 0.192478 0.0423162 0.183205 0.049334 0.00340432
0.511719 0.785156 0.198808 0.0423186 0.189556 0.0492117 0.00406837
0.511719 0.792969 0.20506 0.0422769 0.195841 0.049043 0.00472151
0.511719 0.800781 0.211225 0.0421873 0.202048 0.0488244 0.00536231
0.511719 0.808594 0.217292 0.0420464 0.208169 0.0485521 0.00598969
0.511719 0.816406 0.223248 0.0418506 0.214191 0.0482228 0.00660181
0.511719 0.824219 0.229082 0.0415966 0.220104 0.0478329 0.0071972
0.511719 0.832031 0.234784 0.0412808 0.225896 0.0473793 0.00777442
0.511719 0.839844 0.240342 0.0408998 0.231557 0.0468586 0.0083326
0.511719 0.847656 0.245744 0.0404499 0.237074 0.0462677 0.00887089
0.511719 0.855469 0.250984 0.0399272 0.242436 0.045603 0.00938836
0.511719 0.863281 0.256059 0.0393273 0.247632 0.0448613 0.00988347
0.511719 0.871094 0.260975 0.0386448 0.252654 0.0440389 0.0103541
0.511719 0.878906 0.265761 0.0378714 0.257497 0.0431321 0.0107976
0.511719 0.886719 0.270484 0.0369945 0.262166 0.0421359 0.0112114
0.511719 0.894531 0.275285 0.0359943 0.266686 0.0410425 0.0115935
0.511719 0.902344 0.280423 0.0348399 0.271125 0.0398396 0.0119424
0.511719 0.910156 0.286366 0.033486 0.275627 0.0385062 0.0122577
0.511719 0.917969 0.293888 0.0318696 0.280478 0.0370087 0.0125406
0.511719 0.925781 0.304221 0.0299107 0.2862 0.0352963 0.0127938
0.511719 0.933594 0.319206 0.027518 0.293686 0.0332968 0.0130221
0.511719 0.941406 0.341437 0.0246053 0.30438 0.0309176 0.0132321
0.511719 0.949219 0.374315 0.0211203 0.320472 0.0280538 0.0134346
0.511719 0.957031 0.421887 0.0170839 0.345086 0.0246104 0.0136354
0.511719 0.964844 0.488257 0.0126558 0.382346 0.0205356 0.0138549
0.511719 0.972656 0.576278 0.00814951 0.437215 0.0158843 0.0140573
0.511719 0.980469 0.685365 0.00416944 0.514489 0.0108744 0.0143736
0.511719 0.988281 0.809149 0.00119912 0.617386 0.00599241 0.0143949
0.511719 0.996094 0.935111 -8.08606e-05 0.74078 0.00205597 0.0152357
