x | y | u.x | u.y | uint | vint | p
0.505859 0.00195312 0.00471473 0.000898667 -0.0094794 -0.00177476 -10.7707
0.505859 0.00585938 -0.0288541 0.00233669 0.0215239 0.000174044 -10.7693
0.505859 0.00976562 -0.0508069 0.00344954 -0.0178489 0.00175692 -10.7651
0.505859 0.0136719 -0.0590101 0.00459716 -0.0466848 0.00285173 -10.7595
0.505859 0.0175781 -0.0614062 0.00573679 -0.0577959 0.00400768 -10.7524
0.505859 0.0214844 -0.062838 0.00687458 -0.0606762 0.00515523 -10.7436
0.505859 0.0253906 -0.0647196 0.00800951 -0.0618844 0.00630315 -10.7332
0.505859 0.0292969 -0.0670288 0.00914105 -0.0635539 0.00745012 -10.7213
0.505859 0.0332031 -0.0695051 0.0102687 -0.065782 0.00859575 -10.7077
0.505859 0.0371094 -0.0720019 0.011392 -0.0682509 0.0097395 -10.6926
0.505859 0.0410156 -0.0744822 0.0125107 -0.0707592 0.0108809 -10.6759
0.505859 0.0449219 -0.0769524 0.0136245 -0.0732481 0.0120195 -10.6576
0.505859 0.0488281 -0.0794249 0.0147332 -0.0757209 0.013155 -10.6378
0.505859 0.0527344 -0.0819075 0.0158366 -0.0781921 0.0142871 -10.6164
0.505859 0.0566406 -0.0844048 0.0169346 -0.0806713 0.0154155 -10.5934
0.505859 0.0605469 -0.0869197 0.0180271 -0.0831634 0.0165402 -10.5688
0.505859 0.0644531 -0.0894553 0.0191142 -0.0856716 0.0176609 -10.5427
0.505859 0.0683594 -0.0920148 0.0201957 -0.0881988 0.0187776 -10.5151
0.505859 0.0722656 -0.0946016 0.0212718 -0.0907478 0.0198903 -10.4858
0.505859 0.0761719 -0.097219 0.0223427 -0.0933221 0.020999 -10.4551
0.505859 0.0800781 -0.0998704 0.0234086 -0.0959249 0.0221039 -10.4228
0.505859 0.0839844 -0.102559 0.0244696 -0.0985595 0.0232049 -10.3889
0.505859 0.0878906 -0.105289 0.025526 -0.101229 0.0243025 -10.3535
0.505859 0.0917969 -0.108062 0.0265783 -0.103937 0.0253967 -10.3166
0.505859 0.0957031 -0.110883 0.0276269 -0.106687 0.0264881 -10.2782
0.505859 0.0996094 -0.113754 0.0286721 -0.109481 0.0275768 -10.2382
0.505859 0.103516 -0.116679 0.0297145 -0.112323 0.0286635 -10.1968
0.505859 0.107422 -0.119661 0.0307548 -0.115217 0.0297485 -10.1538
0.505859 0.111328 -0.122703 0.0317934 -0.118165 0.0308324 -10.1093
0.505859 0.115234 -0.125809 0.0328312 -0.12117 0.0319158 -10.0634
0.505859 0.119141 -0.128981 0.0338688 -0.124236 0.0329995 -10.016
0.505859 0.123047 -0.132222 0.0349071 -0.127365 0.0340841 -9.96706
0.505859 0.126953 -0.135535 0.0359469 -0.130561 0.0351704 -9.91669
0.505859 0.130859 -0.138923 0.0369891 -0.133826 0.0362594 -9.86486
0.505859 0.134766 -0.142389 0.0380347 -0.137163 0.0373518 -9.81157
0.505859 0.138672 -0.145934 0.0390848 -0.140574 0.0384486 -9.75684
0.505859 0.142578 -0.149562 0.0401404 -0.144063 0.0395509 -9.70067
0.505859 0.146484 -0.153275 0.0412026 -0.14763 0.0406598 -9.64308
0.505859 0.150391 -0.157074 0.0422726 -0.15128 0.0417763 -9.58407
0.505859 0.154297 -0.160962 0.0433517 -0.155013 0.0429017 -9.52366
0.505859 0.158203 -0.164939 0.0444411 -0.158832 0.0440372 -9.46184
0.505859 0.162109 -0.169008 0.0455421 -0.162737 0.045184 -9.39864
0.505859 0.166016 -0.173169 0.0466561 -0.166732 0.0463434 -9.33405
0.505859 0.169922 -0.177423 0.0477845 -0.170816 0.0475169 -9.2681
0.505859 0.173828 -0.181771 0.0489287 -0.17499 0.0487057 -9.20079
0.505859 0.177734 -0.186213 0.0500902 -0.179256 0.0499114 -9.13214
0.505859 0.181641 -0.190748 0.0512704 -0.183613 0.0511354 -9.06214
0.505859 0.185547 -0.195376 0.0524708 -0.188062 0.0523791 -8.99082
0.505859 0.189453 -0.200097 0.0536929 -0.192602 0.0536441 -8.91819
0.505859 0.193359 -0.204908 0.0549382 -0.197232 0.0549319 -8.84426
0.505859 0.197266 -0.209808 0.0562083 -0.201951 0.0562439 -8.76903
0.505859 0.201172 -0.214794 0.0575046 -0.206758 0.0575817 -8.69253
0.505859 0.205078 -0.219864 0.0588286 -0.21165 0.0589468 -8.61476
0.505859 0.208984 -0.225015 0.0601818 -0.216625 0.0603407 -8.53574
0.505859 0.212891 -0.230242 0.0615655 -0.22168 0.0617648 -8.45548
0.505859 0.216797 -0.235542 0.0629812 -0.226812 0.0632206 -8.374
0.505859 0.220703 -0.240909 0.0644302 -0.232016 0.0647093 -8.29129
0.505859 0.224609 -0.246338 0.0659137 -0.237288 0.0662325 -8.20739
0.505859 0.228516 -0.251823 0.067433 -0.242624 0.0677912 -8.12231
0.505859 0.232422 -0.257358 0.068989 -0.248016 0.0693868 -8.03605
0.505859 0.236328 -0.262935 0.0705828 -0.25346 0.0710202 -7.94863
0.505859 0.240234 -0.268546 0.0722154 -0.258948 0.0726926 -7.86007
0.505859 0.244141 -0.274183 0.0738874 -0.264473 0.0744048 -7.77037
0.505859 0.248047 -0.279838 0.0755996 -0.270028 0.0761575 -7.67957
0.505859 0.251953 -0.285501 0.0773523 -0.275603 0.0779515 -7.58766
0.505859 0.255859 -0.291161 0.079146 -0.28119 0.0797872 -7.49467
0.505859 0.259766 -0.296809 0.0809809 -0.28678 0.081665 -7.40061
0.505859 0.263672 -0.302434 0.0828569 -0.292363 0.0835851 -7.30549
0.505859 0.267578 -0.308024 0.0847739 -0.297928 0.0855474 -7.20934
0.505859 0.271484 -0.313567 0.0867315 -0.303463 0.0875519 -7.11216
0.505859 0.275391 -0.319052 0.0887292 -0.308959 0.0895981 -7.01398
0.505859 0.279297 -0.324465 0.0907661 -0.314403 0.0916855 -6.9148
0.505859 0.283203 -0.329794 0.0928414 -0.319783 0.0938133 -6.81465
0.505859 0.287109 -0.335027 0.0949537 -0.325088 0.0959806 -6.71353
0.505859 0.291016 -0.34015 0.0971018 -0.330303 0.0981861 -6.61148
0.505859 0.294922 -0.34515 0.0992839 -0.335418 0.100428 -6.50849
0.505859 0.298828 -0.350014 0.101498 -0.340418 0.102706 -6.40459
0.505859 0.302734 -0.354728 0.103743 -0.345292 0.105017 -6.2998
0.505859 0.306641 -0.359281 0.106015 -0.350026 0.107359 -6.19413
0.505859 0.310547 -0.363659 0.108313 -0.354607 0.10973 -6.08759
0.505859 0.314453 -0.36785 0.110633 -0.359024 0.112128 -5.98021
0.505859 0.318359 -0.371841 0.112974 -0.363263 0.114549 -5.87199
0.505859 0.322266 -0.375622 0.115331 -0.367314 0.116992 -5.76297
0.505859 0.326172 -0.379181 0.117702 -0.371163 0.119452 -5.65314
0.505859 0.330078 -0.382507 0.120083 -0.374801 0.121927 -5.54253
0.505859 0.333984 -0.385591 0.122471 -0.378216 0.124413 -5.43115
0.505859 0.337891 -0.388424 0.124863 -0.381399 0.126906 -5.31902
0.505859 0.341797 -0.390998 0.127254 -0.38434 0.129404 -5.20615
0.505859 0.345703 -0.393304 0.12964 -0.387031 0.131902 -5.09257
0.505859 0.349609 -0.395336 0.132019 -0.389463 0.134397 -4.97828
0.505859 0.353516 -0.39709 0.134387 -0.39163 0.136885 -4.86331
0.505859 0.357422 -0.398559 0.136739 -0.393525 0.139361 -4.74766
0.505859 0.361328 -0.39974 0.139071 -0.395144 0.141822 -4.63136
0.505859 0.365234 -0.40063 0.141381 -0.396482 0.144265 -4.51442
0.505859 0.369141 -0.401228 0.143664 -0.397536 0.146685 -4.39685
0.505859 0.373047 -0.401533 0.145917 -0.398304 0.149078 -4.27867
0.505859 0.376953 -0.401546 0.148137 -0.398783 0.151441 -4.1599
0.505859 0.380859 -0.401266 0.15032 -0.398974 0.15377 -4.04055
0.505859 0.384766 -0.400698 0.152463 -0.398877 0.156063 -3.92064
0.505859 0.388672 -0.399843 0.154562 -0.398494 0.158315 -3.80019
0.505859 0.392578 -0.398706 0.156617 -0.397827 0.160523 -3.6792
0.505859 0.396484 -0.397291 0.158623 -0.39688 0.162686 -3.5577
0.505859 0.400391 -0.395605 0.160578 -0.395656 0.164799 -3.4357
0.505859 0.404297 -0.393653 0.162481 -0.394161 0.16686 -3.31322
0.505859 0.408203 -0.391443 0.164329 -0.3924 0.168868 -3.19027
0.505859 0.412109 -0.388983 0.166121 -0.390379 0.170819 -3.06687
0.505859 0.416016 -0.38628 0.167855 -0.388106 0.172713 -2.94303
0.505859 0.419922 -0.383343 0.16953 -0.385589 0.174548 -2.81878
0.505859 0.423828 -0.380182 0.171146 -0.382835 0.176322 -2.69413
0.505859 0.427734 -0.376805 0.172702 -0.379852 0.178035 -2.56909
0.505859 0.431641 -0.373222 0.174196 -0.376651 0.179685 -2.44368
0.505859 0.435547 -0.369444 0.175629 -0.373239 0.181273 -2.31793
0.505859 0.439453 -0.365479 0.177002 -0.369627 0.182797 -2.19183
0.505859 0.443359 -0.361338 0.178313 -0.365824 0.184257 -2.06543
0.505859 0.447266 -0.357032 0.179565 -0.361839 0.185655 -1.93872
0.505859 0.451172 -0.352569 0.180756 -0.357682 0.186989 -1.81173
0.505859 0.455078 -0.34796 0.181889 -0.353364 0.188261 -1.68447
0.505859 0.458984 -0.343213 0.182963 -0.348893 0.189471 -1.55697
0.505859 0.462891 -0.33834 0.18398 -0.344278 0.190621 -1.42924
0.505859 0.466797 -0.333347 0.184942 -0.339531 0.191711 -1.3013
0.505859 0.470703 -0.328246 0.185849 -0.334658 0.192742 -1.17317
0.505859 0.474609 -0.323043 0.186703 -0.32967 0.193715 -1.04486
0.505859 0.478516 -0.317746 0.187506 -0.324574 0.194633 -0.916402
0.505859 0.482422 -0.312365 0.188258 -0.319378 0.195497 -0.787803
0.505859 0.486328 -0.306905 0.188963 -0.314092 0.196307 -0.659085
0.505859 0.490234 -0.301374 0.18962 -0.308721 0.197066 -0.530268
0.505859 0.494141 -0.295778 0.190233 -0.303273 0.197776 -0.401369
0.505859 0.498047 -0.290123 0.190802 -0.297754 0.198438 -0.272409
0.505859 0.501953 -0.284415 0.19133 -0.292172 0.199054 -0.143407
0.505859 0.505859 -0.278659 0.191818 -0.286531 0.199625 -0.0143801
0.505859 0.509766 -0.272859 0.192268 -0.280836 0.200154 0.114651
0.505859 0.513672 -0.26702 0.192682 -0.275094 0.200642 0.243667
0.505859 0.517578 -0.261146 0.19306 -0.269308 0.20109 0.37265
0.505859 0.521484 -0.255241 0.193405 -0.263483 0.201501 0.501579
0.505859 0.525391 -0.249306 0.193718 -0.257622 0.201876 0.630435
0.505859 0.529297 -0.243346 0.194 -0.251729 0.202217 0.7592
0.505859 0.533203 -0.237363 0.194254 -0.245807 0.202525 0.887853
0.505859 0.537109 -0.231358 0.19448 -0.239858 0.202801 1.01638
0.505859 0.541016 -0.225333 0.194679 -0.233885 0.203047 1.14475
0.505859 0.544922 -0.219291 0.194852 -0.22789 0.203265 1.27295
0.505859 0.548828 -0.213231 0.195001 -0.221874 0.203454 1.40097
0.505859 0.552734 -0.207156 0.195127 -0.21584 0.203618 1.52877
0.505859 0.556641 -0.201066 0.19523 -0.209788 0.203756 1.65635
0.505859 0.560547 -0.194961 0.195311 -0.203719 0.203869 1.78368
0.505859 0.564453 -0.188842 0.195372 -0.197635 0.203959 1.91075
0.505859 0.568359 -0.18271 0.195412 -0.191535 0.204026 2.03753
0.505859 0.572266 -0.176563 0.195432 -0.18542 0.204071 2.164
0.505859 0.576172 -0.170403 0.195434 -0.17929 0.204095 2.29015
0.505859 0.580078 -0.164228 0.195416 -0.173146 0.204098 2.41596
0.505859 0.583984 -0.15804 0.19538 -0.166988 0.20408 2.54141
0.505859 0.587891 -0.151836 0.195326 -0.160815 0.204043 2.66648
0.505859 0.591797 -0.145618 0.195253 -0.154627 0.203985 2.79115
0.505859 0.595703 -0.139385 0.195163 -0.148424 0.203909 2.91539
0.505859 0.599609 -0.133135 0.195056 -0.142206 0.203813 3.03921
0.505859 0.603516 -0.126869 0.19493 -0.135972 0.203699 3.16256
0.505859 0.607422 -0.120586 0.194787 -0.129722 0.203565 3.28544
0.505859 0.611328 -0.114286 0.194626 -0.123456 0.203413 3.40783
0.505859 0.615234 -0.107968 0.194447 -0.117172 0.203241 3.52971
0.505859 0.619141 -0.101632 0.19425 -0.110872 0.203051 3.65105
0.505859 0.623047 -0.0952766 0.194034 -0.104553 0.202841 3.77185
0.505859 0.626953 -0.0889023 0.1938 -0.0982165 0.202611 3.89208
0.505859 0.630859 -0.0825085 0.193547 -0.0918614 0.202362 4.01173
0.505859 0.634766 -0.0760948 0.193275 -0.0854875 0.202092 4.13078
0.505859 0.638672 -0.0696612 0.192983 -0.0790945 0.201803 4.2492
0.505859 0.642578 -0.0632072 0.19267 -0.0726823 0.201492 4.36699
0.505859 0.646484 -0.056733 0.192337 -0.0662506 0.20116 4.48412
0.505859 0.650391 -0.0502384 0.191983 -0.0597995 0.200807 4.60057
0.505859 0.654297 -0.0437234 0.191608 -0.0533287 0.200431 4.71634
0.505859 0.658203 -0.0371883 0.19121 -0.0468385 0.200032 4.83139
0.505859 0.662109 -0.0306332 0.190789 -0.0403289 0.199611 4.94572
0.505859 0.666016 -0.0240584 0.190345 -0.0338002 0.199165 5.05931
0.505859 0.669922 -0.0174645 0.189877 -0.0272527 0.198695 5.17213
0.505859 0.673828 -0.0108518 0.189384 -0.0206868 0.1982 5.28418
0.505859 0.677734 -0.00422096 0.188866 -0.0141029 0.197678 5.39543
0.505859 0.681641 0.00242722 0.188322 -0.00750172 0.197131 5.50588
0.505859 0.685547 0.00909194 0.187751 -0.000883914 0.196556 5.61549
0.505859 0.689453 0.0157722 0.187153 0.0057497 0.195953 5.72426
0.505859 0.693359 0.0224671 0.186526 0.0123982 0.195322 5.83216
0.505859 0.697266 0.0291753 0.185871 0.0190606 0.194661 5.93919
0.505859 0.701172 0.0358955 0.185185 0.0257356 0.19397 6.04532
0.505859 0.705078 0.0426263 0.18447 0.0324221 0.193248 6.15055
0.505859 0.708984 0.0493663 0.183722 0.0391187 0.192494 6.25484
0.505859 0.712891 0.0561136 0.182943 0.0458237 0.191707 6.3582
0.505859 0.716797 0.0628665 0.182131 0.0525357 0.190887 6.46059
0.505859 0.720703 0.0696231 0.181284 0.0592529 0.190032 6.56201
0.505859 0.724609 0.0763813 0.180403 0.0659733 0.189142 6.66244
0.505859 0.728516 0.083139 0.179487 0.0726951 0.188216 6.76186
0.505859 0.732422 0.0898938 0.178534 0.0794159 0.187253 6.86027
0.505859 0.736328 0.0966433 0.177544 0.0861337 0.186252 6.95763
0.505859 0.740234 0.103385 0.176516 0.0928459 0.185213 7.05395
0.505859 0.744141 0.110116 0.175448 0.0995502 0.184133 7.14919
0.505859 0.748047 0.116834 0.174341 0.106244 0.183013 7.24336
0.505859 0.751953 0.123535 0.173193 0.112924 0.181852 7.33643
0.505859 0.755859 0.130218 0.172003 0.119588 0.180648 7.42838
0.505859 0.759766 0.136877 0.170771 0.126233 0.179401 7.51921
0.505859 0.763672 0.143512 0.169495 0.132856 0.17811 7.6089
0.505859 0.767578 0.150117 0.168176 0.139453 0.176774 7.69743
0.505859 0.771484 0.15669 0.166811 0.146021 0.175392 7.7848
0.505859 0.775391 0.163227 0.1654 0.152558 0.173963 7.87098
0.505859 0.779297 0.169724 0.163943 0.159059 0.172486 7.95596
0.505859 0.783203 0.176179 0.162438 0.165521 0.170962 8.03973
0.505859 0.787109 0.182586 0.160885 0.17194 0.169388 8.12227
0.505859 0.791016 0.188944 0.159283 0.178313 0.167764 8.20358
0.505859 0.794922 0.195247 0.157631 0.184636 0.166089 8.28363
0.505859 0.798828 0.201493 0.155928 0.190905 0.164363 8.36242
0.505859 0.802734 0.207678 0.154174 0.197118 0.162585 8.43993
0.505859 0.806641 0.213799 0.152368 0.20327 0.160753 8.51615
0.505859 0.810547 0.219851 0.150509 0.209358 0.158868 8.59106
0.505859 0.814453 0.225833 0.148596 0.215378 0.156929 8.66465
0.505859 0.818359 0.231742 0.14663 0.221327 0.154935 8.73692
0.505859 0.822266 0.237575 0.144608 0.227203 0.152885 8.80784
0.505859 0.826172 0.243331 0.14253 0.233003 0.150778 8.87741
0.505859 0.830078 0.249008 0.140396 0.238725 0.148614 8.94561
0.505859 0.833984 0.254607 0.138203 0.244367 0.146393 9.01243
0.505859 0.837891 0.260128 0.135952 0.249928 0.144112 9.07787
0.505859 0.841797 0.265574 0.133642 0.255409 0.141772 9.1419
0.505859 0.845703 0.270947 0.13127 0.260811 0.139372 9.20452
0.505859 0.849609 0.276255 0.128835 0.266136 0.13691 9.26572
0.505859 0.853516 0.281505 0.126337 0.271389 0.134385 9.32549
0.505859 0.857422 0.286708 0.123773 0.276576 0.131796 9.38381
0.505859 0.861328 0.291877 0.121141 0.281706 0.129141 9.44068
0.505859 0.865234 0.297032 0.11844 0.286791 0.12642 9.49608
0.505859 0.869141 0.302195 0.115666 0.291846 0.123628 9.55001
0.505859 0.873047 0.307394 0.112817 0.296891 0.120766 9.60246
0.505859 0.876953 0.312663 0.10989 0.301951 0.11783 9.65341
0.505859 0.880859 0.318044 0.106883 0.307056 0.114817 9.70286
0.505859 0.884766 0.323584 0.103791 0.312243 0.111725 9.75081
0.505859 0.888672 0.329343 0.100612 0.317557 0.108551 9.79724
0.505859 0.892578 0.335385 0.0973422 0.32305 0.105292 9.84214
0.505859 0.896484 0.341788 0.0939791 0.328784 0.101944 9.88551
0.505859 0.900391 0.34864 0.0905196 0.33483 0.0985038 9.92735
0.505859 0.904297 0.356037 0.0869617 0.341271 0.0949694 9.96763
0.505859 0.908203 0.364088 0.0833041 0.3482 0.0913378 10.0064
0.505859 0.912109 0.372913 0.0795465 0.355721 0.0876072 10.0435
0.505859 0.916016 0.382638 0.0756899 0.36395 0.0837766 10.0792
0.505859 0.919922 0.393402 0.0717371 0.373014 0.0798463 10.1132
0.505859 0.923828 0.405346 0.0676931 0.383048 0.075818 10.1457
0.505859 0.927734 0.418616 0.0635649 0.394196 0.0716952 10.1766
0.505859 0.931641 0.433359 0.0593628 0.406608 0.0674837 10.2059
0.505859 0.935547 0.449716 0.0550997 0.420436 0.0631919 10.2336
0.505859 0.939453 0.467819 0.050792 0.435832 0.0588313 10.2597
0.505859 0.943359 0.487787 0.0464597 0.452939 0.0544164 10.2843
0.505859 0.947266 0.509716 0.0421263 0.471892 0.0499653 10.3072
0.505859 0.951172 0.533673 0.0378191 0.492808 0.0455 10.3285
0.505859 0.955078 0.559694 0.0335686 0.515776 0.0410461 10.3482
0.505859 0.958984 0.587771 0.0294088 0.540855 0.036633 10.3663
0.505859 0.962891 0.617855 0.0253757 0.568069 0.0322937 10.3828
0.505859 0.966797 0.649831 0.0215075 0.5974 0.0280641 10.3977
0.505859 0.970703 0.683482 0.017843 0.628791 0.0239828 10.411
0.505859 0.974609 0.718415 0.0144203 0.662111 0.0200898 10.4226
0.505859 0.978516 0.754059 0.0112755 0.697059 0.0164255 10.4326
0.505859 0.982422 0.790018 0.00844089 0.732969 0.0130296 10.441
0.505859 0.986328 0.827303 0.00594219 0.768741 0.00993925 10.4478
0.505859 0.990234 0.870318 0.00379641 0.803675 0.00718698 10.4529
0.505859 0.994141 0.926356 0.00200815 0.840721 0.00479849 10.4564
0.505859 0.998047 0.991678 0.000580977 0.892663 0.00278002 10.4583
