0.445237 0.582031
0.445216 0.585938

0.445312 0.587323
0.445247 0.585938

0.449219 0.553027
0.448944 0.554688

0.448869 0.554688
0.448156 0.558594

0.448149 0.558594
0.447484 0.5625

0.446731 0.5625
0.446193 0.566406

0.446503 0.566406
0.446007 0.570312

0.446104 0.570312
0.445747 0.574219

0.44575 0.574219
0.445616 0.578125

0.445569 0.578125
0.445515 0.582031

0.4455 0.582031
0.445473 0.585938

0.445592 0.585938
0.445832 0.589844

0.445853 0.589844
0.446445 0.59375

0.44617 0.59375
0.446851 0.597656

0.44735 0.597656
0.448164 0.601562

0.448274 0.601562
0.449085 0.605469

0.449219 0.606078
0.449125 0.605469

0.453125 0.53883
0.45301 0.539062

0.452832 0.539062
0.451463 0.542969

0.45109 0.542969
0.450108 0.546875

0.450493 0.546875
0.449652 0.550781

0.449219 0.553237
0.449656 0.550781

0.449219 0.605919
0.449839 0.609375

0.449739 0.609375
0.450519 0.613281

0.450132 0.613281
0.450969 0.617188

0.4515 0.617188
0.452454 0.621094

0.453125 0.6238
0.452537 0.621094

0.457031 0.532418
0.455176 0.535156

0.453125 0.538837
0.455071 0.535156

0.453125 0.623557
0.453424 0.625

0.453438 0.625
0.454488 0.628906

0.45447 0.628906
0.455834 0.632812

0.457031 0.635573
0.455961 0.632812

0.460938 0.527635
0.458138 0.53125

0.457031 0.532579
0.458001 0.53125

0.457031 0.635143
0.457645 0.636719

0.45757 0.636719
0.459522 0.640625

0.460938 0.642928
0.45964 0.640625

0.464844 0.522852
0.464441 0.523438

0.464265 0.523438
0.461386 0.527344

0.460938 0.527907
0.461397 0.527344

0.464844 0.571347
0.464432 0.574219

0.464483 0.574219
0.463935 0.578125

0.464257 0.578125
0.463881 0.582031

0.464213 0.582031
0.463944 0.585938

0.464412 0.585938
0.46434 0.589844

0.464018 0.589844
0.464225 0.59375

0.463901 0.59375
0.464229 0.597656

0.463933 0.597656
0.46435 0.601562

0.464117 0.601562
0.464623 0.605469

0.464844 0.607187
0.464615 0.605469

0.460938 0.642532
0.462089 0.644531

0.462128 0.644531
0.464654 0.648438

0.464844 0.648676
0.464673 0.648438

0.46875 0.516536
0.467105 0.519531

0.464844 0.52287
0.466972 0.519531

0.46875 0.556234
0.468086 0.558594

0.468159 0.558594
0.467004 0.5625

0.466794 0.5625
0.465818 0.566406

0.465861 0.566406
0.465099 0.570312

0.464844 0.571596
0.465022 0.570312

0.464844 0.606886
0.465223 0.609375

0.465274 0.609375
0.466179 0.613281

0.466195 0.613281
0.46729 0.617188

0.467407 0.617188
0.468489 0.621094

0.46875 0.622238
0.468459 0.621094

0.464844 0.648437
0.464844 0.648438

0.464844 0.648438
0.467589 0.652344

0.46875 0.653834
0.467607 0.652344

0.472656 0.508046
0.471258 0.511719

0.471155 0.511719
0.469334 0.515625

0.46875 0.516657
0.469311 0.515625

0.472656 0.546802
0.472625 0.546875

0.472493 0.546875
0.470905 0.550781

0.47082 0.550781
0.469332 0.554688

0.46875 0.556371
0.469231 0.554688

0.46875 0.622094
0.46959 0.625

0.469691 0.625
0.471228 0.628906

0.472656 0.632289
0.471364 0.628906

0.46875 0.653662
0.470746 0.65625

0.472656 0.658572
0.470729 0.65625

0.476562 0.499516
0.476189 0.5

0.476211 0.5
0.474149 0.503906

0.474333 0.503906
0.472848 0.507812

0.472656 0.508211
0.472796 0.507812

0.476562 0.539002
0.47653 0.539062

0.476408 0.539062
0.474496 0.542969

0.472656 0.546821
0.474376 0.542969

0.472656 0.546875
0.472656 0.546875

0.472656 0.63228
0.472849 0.632812

0.472911 0.632812
0.474668 0.636719

0.476562 0.640306
0.474827 0.636719

0.472656 0.658462
0.474115 0.660156

0.476562 0.66289
0.47407 0.660156

0.480469 0.49586
0.480144 0.496094

0.476562 0.499508
0.480117 0.496094

0.480469 0.532301
0.478763 0.535156

0.476562 0.539008
0.478647 0.535156

0.476562 0.539063
0.476563 0.539062

0.476562 0.640098
0.476818 0.640625

0.47685 0.640625
0.478964 0.644531

0.480469 0.64698
0.479074 0.644531

0.476562 0.662814
0.477758 0.664062

0.480469 0.666805
0.477716 0.664062

0.480469 0.495884
0.484375 0.493982

0.484375 0.527021
0.484121 0.527344

0.484006 0.527344
0.481297 0.53125

0.480469 0.532428
0.481206 0.53125

0.480469 0.646754
0.481445 0.648438

0.481531 0.648438
0.483975 0.652344

0.484375 0.652916
0.483986 0.652344

0.480469 0.666763
0.481724 0.667969

0.484375 0.670464
0.481706 0.667969

0.484375 0.494055
0.488281 0.492658

0.488281 0.522383
0.487343 0.523438

0.484375 0.52702
0.487222 0.523438

0.484375 0.652707
0.48672 0.65625

0.488281 0.65839
0.486765 0.65625

0.484375 0.670458
0.485901 0.671875

0.488281 0.674073
0.4859 0.671875

0.492188 0.491357
0.489882 0.492188

0.488281 0.492745
0.489949 0.492188

0.492188 0.51825
0.490937 0.519531

0.488281 0.522375
0.490893 0.519531

0.488281 0.658225
0.489674 0.660156

0.492188 0.663498
0.489694 0.660156

0.488281 0.674094
0.49009 0.675781

0.492188 0.677749
0.490105 0.675781

0.492188 0.491312
0.496094 0.489221

0.496094 0.514431
0.494823 0.515625

0.492188 0.518242
0.494873 0.515625

0.492188 0.663304
0.492785 0.664062

0.492795 0.664062
0.495862 0.667969

0.496094 0.66824
0.495868 0.667969

0.492188 0.677741
0.49418 0.679688

0.496094 0.681634
0.494211 0.679688

0.5 0.486406
0.497144 0.488281

0.496094 0.488987
0.497164 0.488281

0.5 0.510957
0.499086 0.511719

0.496094 0.51441
0.499248 0.511719

0.496094 0.668104
0.499208 0.671875

0.5 0.672765
0.499221 0.671875

0.496094 0.681608
0.497898 0.683594

0.5 0.686124
0.497943 0.683594

0.503906 0.483385
0.502468 0.484375

0.5 0.486209
0.502711 0.484375

0.5 0.510943
0.503906 0.508083

0.5 0.672669
0.502771 0.675781

0.503906 0.677005
0.502758 0.675781

0.5 0.686108
0.501095 0.6875

0.503906 0.691235
0.501086 0.6875

0.503906 0.483326
0.507812 0.480906

0.507812 0.50547
0.504097 0.507812

0.503906 0.507942
0.504096 0.507812

0.503906 0.676945
0.506552 0.679688

0.507812 0.680961
0.506534 0.679688

0.503906 0.691193
0.504076 0.691406

0.504047 0.691406
0.507406 0.695312

0.507812 0.695735
0.507403 0.695312

0.511719 0.478751
0.508252 0.480469

0.507812 0.48073
0.508315 0.480469

0.511719 0.503116
0.510307 0.503906

0.507812 0.505365
0.510417 0.503906

0.507812 0.68095
0.510562 0.683594

0.511719 0.684686
0.510554 0.683594

0.507812 0.69555
0.511439 0.699219

0.511719 0.699499
0.511436 0.699219

0.511719 0.47858
0.515625 0.47702

0.511719 0.50315
0.515625 0.501095

0.511719 0.684731
0.514835 0.6875

0.515625 0.688194
0.514838 0.6875

0.511726 0.699219
0.515198 0.703125

0.515625 0.703674
0.515214 0.703125

0.519531 0.476031
0.517519 0.476562

0.515625 0.47709
0.517581 0.476562

0.519531 0.499039
0.517428 0.5

0.515625 0.50089
0.51757 0.5

0.515625 0.688284
0.519418 0.691406

0.519531 0.691502
0.519417 0.691406

0.515625 0.70355
0.517946 0.707031

0.519531 0.709812
0.517873 0.707031

0.519531 0.475968
0.523438 0.474748

0.519531 0.498908
0.523438 0.497046

0.519531 0.691586
0.523438 0.694697

0.519531 0.709907
0.520169 0.710938

0.51993 0.710938
0.523425 0.714844

0.523438 0.714851
0.523428 0.714844

0.523438 0.474593
0.527344 0.473268

0.527344 0.495288
0.525438 0.496094

0.523438 0.496967
0.525511 0.496094

0.523438 0.694752
0.524112 0.695312

0.527344 0.698001
0.524098 0.695312

0.523438 0.714994
0.527344 0.717

0.53125 0.471931
0.529271 0.472656

0.527344 0.473344
0.529327 0.472656

0.527344 0.495285
0.53125 0.493551

0.527344 0.698047
0.52864 0.699219

0.53125 0.70172
0.528723 0.699219

0.527344 0.717301
0.53125 0.717992

0.53125 0.471825
0.535156 0.469826

0.535156 0.49172
0.533921 0.492188

0.53125 0.493371
0.534309 0.492188

0.53125 0.701706
0.532537 0.703125

0.535156 0.706664
0.532734 0.703125

0.53125 0.718242
0.535156 0.716682

0.539062 0.467324
0.53662 0.46875

0.535156 0.469686
0.536772 0.46875

0.535156 0.491604
0.539062 0.490284

0.535156 0.706762
0.535322 0.707031

0.535646 0.707031
0.537015 0.710938

0.538132 0.710938
0.537441 0.714844

0.535156 0.717149
0.537188 0.714844

0.542969 0.464445
0.542228 0.464844

0.539062 0.467066
0.542969 0.464885

0.539062 0.490317
0.542969 0.489252

0.542969 0.464457
0.546875 0.463359

0.546875 0.488104
0.546089 0.488281

0.542969 0.489187
0.546556 0.488281

0.546875 0.463415
0.550781 0.463253

0.546875 0.488041
0.550781 0.487096

0.550781 0.463485
0.554688 0.463682

0.550781 0.487471
0.554688 0.486848

0.554688 0.463775
0.558594 0.46368

0.554688 0.486515
0.558594 0.48607

0.558594 0.463592
0.5625 0.463193

0.558594 0.486016
0.5625 0.485465

0.5625 0.463143
0.566406 0.462716

0.5625 0.485466
0.566406 0.484916

0.566406 0.46218
0.570312 0.461697

0.570312 0.48437
0.570259 0.484375

0.566406 0.484885
0.570312 0.484395

0.570312 0.462052
0.574219 0.461448

0.570312 0.484359
0.574219 0.483805

0.574219 0.461575
0.578125 0.461057

0.574219 0.484085
0.578125 0.484018

0.582031 0.460821
0.57947 0.460938

0.578125 0.461015
0.579409 0.460938

0.578125 0.483993
0.582031 0.484164

0.582031 0.460831
0.585938 0.460743

0.582031 0.484094
0.585938 0.48394

0.585938 0.46073
0.589844 0.460731

0.585938 0.48363
0.589844 0.484007

0.589844 0.460719
0.59375 0.460862

0.589844 0.484339
0.590089 0.484375

0.59375 0.484899
0.589875 0.484375

0.59375 0.460933
0.593816 0.460938

0.597656 0.461274
0.594103 0.460938

0.59375 0.484844
0.597656 0.485182

0.597656 0.461205
0.601562 0.461883

0.597656 0.485168
0.601562 0.485452

0.601562 0.461687
0.605469 0.462575

0.601562 0.485365
0.605469 0.485795

0.605469 0.462953
0.609375 0.463794

0.605469 0.485896
0.609375 0.486442

0.609375 0.46377
0.613281 0.464489

0.609375 0.486889
0.613281 0.487492

0.613281 0.464518
0.615389 0.464844

0.617188 0.46519
0.61504 0.464844

0.613281 0.487065
0.617188 0.48788

0.617188 0.465148
0.621094 0.466103

0.617188 0.487919
0.61889 0.488281

0.621094 0.488822
0.618695 0.488281

0.621094 0.465818
0.625 0.466749

0.621094 0.488909
0.625 0.490029

0.625 0.467174
0.628906 0.467902

0.625 0.490195
0.628906 0.491474

0.628906 0.467894
0.632812 0.468604

0.628906 0.491343
0.631386 0.492188

0.632812 0.49285
0.630902 0.492188

0.632812 0.468722
0.632958 0.46875

0.636719 0.469556
0.633317 0.46875

0.632812 0.492936
0.636719 0.494584

0.636719 0.469465
0.640625 0.470705

0.636719 0.494624
0.640256 0.496094

0.640625 0.496443
0.639767 0.496094

0.640625 0.470967
0.644531 0.472193

0.640625 0.496471
0.644531 0.49825

0.644531 0.472159
0.646172 0.472656

0.648438 0.473526
0.645822 0.472656

0.644531 0.498308
0.648273 0.5

0.648438 0.500278
0.647814 0.5

0.648438 0.473495
0.652344 0.475059

0.648438 0.500285
0.652344 0.502146

0.652344 0.475303
0.655912 0.476562

0.65625 0.476797
0.65554 0.476562

0.652344 0.502206
0.655932 0.503906

0.65625 0.504236
0.655555 0.503906

0.65625 0.476808
0.660156 0.478318

0.65625 0.504243
0.660156 0.506275

0.660156 0.478459
0.664062 0.479951

0.660156 0.506327
0.662906 0.507812

0.664062 0.508626
0.662596 0.507812

0.664062 0.479885
0.665701 0.480469

0.667969 0.481447
0.665418 0.480469

0.664062 0.508724
0.667969 0.51115

0.667969 0.481595
0.671875 0.483492

0.667969 0.511164
0.66878 0.511719

0.671875 0.513901
0.668637 0.511719

0.671875 0.483476
0.67359 0.484375

0.675781 0.485706
0.673306 0.484375

0.671875 0.513942
0.674143 0.515625

0.675781 0.516991
0.674001 0.515625

0.675781 0.485827
0.679688 0.488281

0.679688 0.488519
0.679337 0.488281

0.675781 0.516998
0.678925 0.519531

0.679688 0.520302
0.678777 0.519531

0.679688 0.488507
0.683594 0.49112

0.679688 0.520299
0.683384 0.523438

0.683594 0.523739
0.683255 0.523438

0.683594 0.491175
0.685088 0.492188

0.6875 0.493943
0.684829 0.492188

0.683594 0.523743
0.6875 0.527172

0.6875 0.49399
0.690842 0.496094

0.691406 0.496598
0.690627 0.496094

0.6875 0.527234
0.68762 0.527344

0.691406 0.530786
0.687605 0.527344

0.691406 0.49656
0.695312 0.499034

0.691406 0.530827
0.691856 0.53125

0.695312 0.534553
0.691863 0.53125

0.695312 0.499119
0.696624 0.5

0.699219 0.5018
0.69654 0.5

0.695312 0.534577
0.695895 0.535156

0.699219 0.538581
0.695929 0.535156

0.699219 0.501849
0.701901 0.503906

0.703125 0.504962
0.701841 0.503906

0.699219 0.538575
0.699675 0.539062

0.703125 0.542913
0.69972 0.539062

0.703125 0.504976
0.706281 0.507812

0.707031 0.508655
0.706157 0.507812

0.703125 0.542848
0.703232 0.542969

0.703251 0.542969
0.706542 0.546875

0.707031 0.547334
0.706637 0.546875

0.707031 0.508657
0.710189 0.511719

0.710938 0.512564
0.710066 0.511719

0.707031 0.547345
0.70988 0.550781

0.710938 0.551907
0.709979 0.550781

0.710938 0.512562
0.714317 0.515625

0.714844 0.516173
0.714225 0.515625

0.710938 0.551933
0.71323 0.554688

0.714844 0.556519
0.713322 0.554688

0.714844 0.516173
0.71875 0.51938

0.714844 0.556541
0.716531 0.558594

0.71875 0.561306
0.71662 0.558594

0.71875 0.519416
0.71889 0.519531

0.722656 0.5226
0.718891 0.519531

0.71875 0.561274
0.719722 0.5625

0.722656 0.566381
0.71983 0.5625

0.722656 0.522636
0.723562 0.523438

0.726562 0.526241
0.723613 0.523438

0.722656 0.566234
0.722784 0.566406

0.722804 0.566406
0.725499 0.570312

0.726562 0.57166
0.725661 0.570312

0.726562 0.526265
0.727586 0.527344

0.730469 0.53079
0.727664 0.527344

0.726562 0.571663
0.728211 0.574219

0.730469 0.577768
0.728359 0.574219

0.730469 0.530738
0.730868 0.53125

0.730891 0.53125
0.733601 0.535156

0.734375 0.53619
0.733672 0.535156

0.730469 0.577689
0.730732 0.578125

0.730785 0.578125
0.732978 0.582031

0.734375 0.584418
0.733145 0.582031

0.734375 0.536198
0.736263 0.539062

0.738281 0.541887
0.736403 0.539062

0.734375 0.584387
0.73517 0.585938

0.735149 0.585938
0.737196 0.589844

0.738281 0.591539
0.737479 0.589844

0.738281 0.541828
0.739066 0.542969

0.739191 0.542969
0.741816 0.546875

0.742188 0.547264
0.741912 0.546875

0.738281 0.591493
0.739346 0.59375

0.739455 0.59375
0.741426 0.597656

0.742188 0.598962
0.74158 0.597656

0.742188 0.547266
0.744593 0.550781

0.746094 0.552666
0.744752 0.550781

0.742188 0.598919
0.743418 0.601562

0.743525 0.601562
0.745472 0.605469

0.746094 0.606456
0.745642 0.605469

0.746094 0.552663
0.74753 0.554688

0.75 0.558143
0.747669 0.554688

0.746094 0.606415
0.74745 0.609375

0.747556 0.609375
0.749413 0.613281

0.75 0.614323
0.749567 0.613281

0.75 0.558017
0.750402 0.558594

0.750435 0.558594
0.753018 0.5625

0.753906 0.563602
0.753174 0.5625

0.75 0.61427
0.751224 0.617188

0.751327 0.617188
0.75303 0.621094

0.753906 0.623161
0.753141 0.621094

0.753906 0.563597
0.755702 0.566406

0.757812 0.569631
0.755861 0.566406

0.753906 0.62313
0.754593 0.625

0.754605 0.625
0.756109 0.628906

0.756238 0.628906
0.757638 0.632812

0.757812 0.569525
0.758298 0.570312

0.758345 0.570312
0.760657 0.574219

0.761719 0.575825
0.760813 0.574219

0.757812 0.632629
0.757872 0.632812

0.75789 0.632812
0.759222 0.636719

0.7592 0.636719
0.760586 0.640625

0.761719 0.643664
0.760629 0.640625

0.761719 0.575784
0.763021 0.578125

0.763167 0.578125
0.765341 0.582031

0.765625 0.582309
0.765476 0.582031

0.761719 0.643457
0.762104 0.644531

0.762268 0.644531
0.763789 0.648438

0.763818 0.648438
0.765223 0.652344

0.765625 0.652899
0.765449 0.652344

0.765625 0.582293
0.767532 0.585938

0.769531 0.58967
0.767684 0.585938

0.765625 0.652898
0.766739 0.65625

0.766536 0.65625
0.767737 0.660156

0.767975 0.660156
0.76902 0.664062

0.769531 0.66571
0.769105 0.664062

0.769531 0.589553
0.769673 0.589844

0.76971 0.589844
0.771612 0.59375

0.773438 0.597347
0.771788 0.59375

0.769531 0.665562
0.7702 0.667969

0.77026 0.667969
0.771218 0.671875

0.771167 0.671875
0.772029 0.675781

0.772143 0.675781
0.773334 0.679688

0.773438 0.597265
0.77361 0.597656

0.773656 0.597656
0.775419 0.601562

0.775559 0.601562
0.777282 0.605469

0.773438 0.679262
0.773558 0.679688

0.77363 0.679688
0.774872 0.683594

0.774995 0.683594
0.775938 0.6875

0.775852 0.6875
0.776455 0.691406

0.776446 0.691406
0.776899 0.695312

0.776893 0.695312
0.777224 0.699219

0.777344 0.70113
0.777236 0.699219

0.777344 0.605304
0.777412 0.605469

0.777421 0.605469
0.779038 0.609375

0.779205 0.609375
0.780784 0.613281

0.78125 0.614577
0.780838 0.613281

0.777344 0.701012
0.777463 0.703125

0.777464 0.703125
0.777749 0.707031

0.777573 0.707031
0.778206 0.710938

0.777822 0.710938
0.777748 0.714844

0.777839 0.714844
0.777561 0.71875

0.777833 0.71875
0.778482 0.722656

0.778199 0.722656
0.77886 0.726562

0.779305 0.726562
0.780022 0.730469

0.780101 0.730469
0.780933 0.734375

0.78125 0.735614
0.780988 0.734375

0.78125 0.614522
0.78211 0.617188

0.782152 0.617188
0.783593 0.621094

0.783753 0.621094
0.78502 0.625

0.785156 0.625404
0.785068 0.625

0.78125 0.735792
0.781861 0.738281

0.781866 0.738281
0.783262 0.742188

0.783475 0.742188
0.78494 0.746094

0.785156 0.746394
0.785025 0.746094

0.785156 0.625367
0.786006 0.628906

0.785974 0.628906
0.787125 0.632812

0.787373 0.632812
0.788539 0.636719

0.789062 0.639466
0.788461 0.636719

0.785156 0.746619
0.786768 0.75

0.789062 0.753192
0.786856 0.75

0.789062 0.639272
0.789332 0.640625

0.789433 0.640625
0.790255 0.644531

0.790117 0.644531
0.791136 0.648438

0.791435 0.648438
0.792518 0.652344

0.792969 0.655187
0.792426 0.652344

0.789062 0.753429
0.789453 0.753906

0.792969 0.756897
0.789473 0.753906

0.792969 0.655015
0.793181 0.65625

0.793265 0.65625
0.794017 0.660156

0.793959 0.660156
0.794818 0.664062

0.795169 0.664062
0.796128 0.667969

0.795905 0.667969
0.796734 0.671875

0.796875 0.672384
0.796803 0.671875

0.792969 0.757013
0.794831 0.757812

0.796875 0.758506
0.794929 0.757812

0.796875 0.672273
0.797414 0.675781

0.797521 0.675781
0.797973 0.679688

0.797815 0.679688
0.798219 0.683594

0.798229 0.683594
0.798885 0.6875

0.799488 0.6875
0.800064 0.691406

0.800385 0.691406
0.800458 0.695312

0.80023 0.695312
0.799991 0.699219

0.799834 0.699219
0.800123 0.703125

0.79985 0.703125
0.800446 0.707031

0.800375 0.707031
0.800604 0.710938

0.800687 0.710938
0.800704 0.714844

0.800675 0.714844
0.800647 0.71875

0.800346 0.71875
0.800637 0.722656

0.800781 0.723204
0.800654 0.722656

0.796875 0.758642
0.800781 0.758932

0.800781 0.72306
0.80188 0.726562

0.802107 0.726562
0.804098 0.730469

0.804688 0.731606
0.804115 0.730469

0.804688 0.757641
0.804453 0.757812

0.800781 0.759215
0.804416 0.757812

0.804688 0.730624
0.806467 0.734375

0.806704 0.734375
0.807917 0.738281

0.807988 0.738281
0.808258 0.742188

0.808165 0.742188
0.807925 0.746094

0.808036 0.746094
0.80766 0.75

0.807752 0.75
0.80686 0.753906

0.804688 0.757387
0.806855 0.753906

