x | y | u.x | u.y | uint | vint | p
0.00195312 0.505859 -0.000553381 -0.00545434 -0.000553381 -0.00545434 6.43159
0.00585938 0.505859 -0.00152102 0.058815 -0.00152102 0.058815 6.4307
0.00976562 0.505859 -0.00239566 0.102711 -0.00239566 0.102711 6.42819
0.0136719 0.505859 -0.00339063 0.122407 -0.00339063 0.122407 6.42484
0.0175781 0.505859 -0.00447984 0.131711 -0.00447984 0.131711 6.42053
0.0214844 0.505859 -0.00566488 0.138996 -0.00566488 0.138996 6.41529
0.0253906 0.505859 -0.00694266 0.146688 -0.00694266 0.146688 6.40912
0.0292969 0.505859 -0.00831037 0.154736 -0.00831037 0.154736 6.40201
0.0332031 0.505859 -0.00976517 0.162699 -0.00976517 0.162699 6.39396
0.0371094 0.505859 -0.0113042 0.170333 -0.0113042 0.170333 6.38498
0.0410156 0.505859 -0.0129247 0.177586 -0.0129247 0.177586 6.37507
0.0449219 0.505859 -0.0146236 0.184479 -0.0146236 0.184479 6.36423
0.0488281 0.505859 -0.0163981 0.191041 -0.0163981 0.191041 6.35245
0.0527344 0.505859 -0.0182452 0.197295 -0.0182452 0.197295 6.33975
0.0566406 0.505859 -0.0201621 0.203259 -0.0201621 0.203259 6.32612
0.0605469 0.505859 -0.0221458 0.208948 -0.0221458 0.208948 6.31156
0.0644531 0.505859 -0.0241935 0.214377 -0.0241935 0.214377 6.29608
0.0683594 0.505859 -0.0263022 0.219562 -0.0263022 0.219562 6.27968
0.0722656 0.505859 -0.0284694 0.22452 -0.0284694 0.22452 6.26235
0.0761719 0.505859 -0.0306922 0.229265 -0.0306922 0.229265 6.24411
0.0800781 0.505859 -0.0329681 0.233813 -0.0329681 0.233813 6.22495
0.0839844 0.505859 -0.0352946 0.238179 -0.0352946 0.238179 6.20488
0.0878906 0.505859 -0.0376692 0.242378 -0.0376692 0.242378 6.1839
0.0917969 0.505859 -0.0400896 0.246425 -0.0400896 0.246425 6.16202
0.0957031 0.505859 -0.0425536 0.250331 -0.0425536 0.250331 6.13922
0.0996094 0.505859 -0.0450591 0.254111 -0.0450591 0.254111 6.11553
0.103516 0.505859 -0.0476041 0.257777 -0.0476041 0.257777 6.09094
0.107422 0.505859 -0.0501868 0.261339 -0.0501868 0.261339 6.06545
0.111328 0.505859 -0.0528053 0.264809 -0.0528053 0.264809 6.03908
0.115234 0.505859 -0.055458 0.268197 -0.055458 0.268197 6.01181
0.119141 0.505859 -0.0581434 0.271511 -0.0581434 0.271511 5.98366
0.123047 0.505859 -0.0608599 0.27476 -0.0608599 0.27476 5.95463
0.126953 0.505859 -0.0636062 0.277952 -0.0636062 0.277952 5.92473
0.130859 0.505859 -0.0663809 0.281092 -0.0663809 0.281092 5.89395
0.134766 0.505859 -0.069183 0.284188 -0.069183 0.284188 5.86231
0.138672 0.505859 -0.0720111 0.287244 -0.0720111 0.287244 5.8298
0.142578 0.505859 -0.0748642 0.290265 -0.0748642 0.290265 5.79643
0.146484 0.505859 -0.0777413 0.293254 -0.0777413 0.293254 5.76222
0.150391 0.505859 -0.0806414 0.296215 -0.0806414 0.296215 5.72715
0.154297 0.505859 -0.0835633 0.299149 -0.0835633 0.299149 5.69124
0.158203 0.505859 -0.0865063 0.302058 -0.0865063 0.302058 5.65449
0.162109 0.505859 -0.0894694 0.304943 -0.0894694 0.304943 5.6169
0.166016 0.505859 -0.0924515 0.307806 -0.0924515 0.307806 5.57849
0.169922 0.505859 -0.0954519 0.310645 -0.0954519 0.310645 5.53925
0.173828 0.505859 -0.0984695 0.31346 -0.0984695 0.31346 5.4992
0.177734 0.505859 -0.101503 0.31625 -0.101503 0.31625 5.45833
0.181641 0.505859 -0.104553 0.319014 -0.104553 0.319014 5.41666
0.185547 0.505859 -0.107616 0.32175 -0.107616 0.32175 5.37419
0.189453 0.505859 -0.110693 0.324455 -0.110693 0.324455 5.33092
0.193359 0.505859 -0.113782 0.327128 -0.113782 0.327128 5.28687
0.197266 0.505859 -0.116882 0.329765 -0.116882 0.329765 5.24203
0.201172 0.505859 -0.119992 0.332363 -0.119992 0.332363 5.19642
0.205078 0.505859 -0.12311 0.334918 -0.12311 0.334918 5.15004
0.208984 0.505859 -0.126236 0.337428 -0.126236 0.337428 5.1029
0.212891 0.505859 -0.129368 0.339888 -0.129368 0.339888 5.055
0.216797 0.505859 -0.132505 0.342294 -0.132505 0.342294 5.00636
0.220703 0.505859 -0.135646 0.344642 -0.135646 0.344642 4.95697
0.224609 0.505859 -0.138788 0.346928 -0.138788 0.346928 4.90685
0.228516 0.505859 -0.14193 0.349148 -0.14193 0.349148 4.856
0.232422 0.505859 -0.145072 0.351296 -0.145072 0.351296 4.80443
0.236328 0.505859 -0.14821 0.353369 -0.14821 0.353369 4.75215
0.240234 0.505859 -0.151344 0.355362 -0.151344 0.355362 4.69917
0.244141 0.505859 -0.154471 0.357271 -0.154471 0.357271 4.64549
0.248047 0.505859 -0.157591 0.35909 -0.157591 0.35909 4.59112
0.251953 0.505859 -0.1607 0.360815 -0.1607 0.360815 4.53607
0.255859 0.505859 -0.163798 0.362441 -0.163798 0.362441 4.48035
0.259766 0.505859 -0.166883 0.363965 -0.166883 0.363965 4.42396
0.263672 0.505859 -0.169952 0.365381 -0.169952 0.365381 4.36692
0.267578 0.505859 -0.173003 0.366685 -0.173003 0.366685 4.30923
0.271484 0.505859 -0.176035 0.367873 -0.176035 0.367873 4.25091
0.275391 0.505859 -0.179046 0.368941 -0.179046 0.368941 4.19196
0.279297 0.505859 -0.182033 0.369885 -0.182033 0.369885 4.13238
0.283203 0.505859 -0.184995 0.3707 -0.184995 0.3707 4.0722
0.287109 0.505859 -0.18793 0.371383 -0.18793 0.371383 4.01141
0.291016 0.505859 -0.190836 0.371931 -0.190836 0.371931 3.95004
0.294922 0.505859 -0.193711 0.37234 -0.193711 0.37234 3.88808
0.298828 0.505859 -0.196552 0.372607 -0.196552 0.372607 3.82555
0.302734 0.505859 -0.199359 0.372729 -0.199359 0.372729 3.76246
0.306641 0.505859 -0.202129 0.372703 -0.202129 0.372703 3.69882
0.310547 0.505859 -0.204861 0.372527 -0.204861 0.372527 3.63463
0.314453 0.505859 -0.207552 0.372199 -0.207552 0.372199 3.56991
0.318359 0.505859 -0.210202 0.371717 -0.210202 0.371717 3.50467
0.322266 0.505859 -0.212808 0.371079 -0.212808 0.371079 3.43892
0.326172 0.505859 -0.215369 0.370284 -0.215369 0.370284 3.37268
0.330078 0.505859 -0.217884 0.36933 -0.217884 0.36933 3.30594
0.333984 0.505859 -0.220351 0.368218 -0.220351 0.368218 3.23872
0.337891 0.505859 -0.222769 0.366945 -0.222769 0.366945 3.17104
0.341797 0.505859 -0.225136 0.365514 -0.225136 0.365514 3.1029
0.345703 0.505859 -0.227452 0.363922 -0.227452 0.363922 3.03432
0.349609 0.505859 -0.229716 0.362171 -0.229716 0.362171 2.9653
0.353516 0.505859 -0.231927 0.360262 -0.231927 0.360262 2.89586
0.357422 0.505859 -0.234084 0.358195 -0.234084 0.358195 2.82601
0.361328 0.505859 -0.236186 0.355971 -0.236186 0.355971 2.75576
0.365234 0.505859 -0.238233 0.353593 -0.238233 0.353593 2.68512
0.369141 0.505859 -0.240224 0.351062 -0.240224 0.351062 2.61411
0.373047 0.505859 -0.24216 0.34838 -0.24216 0.34838 2.54274
0.376953 0.505859 -0.244039 0.345549 -0.244039 0.345549 2.47101
0.380859 0.505859 -0.245862 0.342572 -0.245862 0.342572 2.39894
0.384766 0.505859 -0.247629 0.339452 -0.247629 0.339452 2.32655
0.388672 0.505859 -0.24934 0.336191 -0.24934 0.336191 2.25384
0.392578 0.505859 -0.250995 0.332793 -0.250995 0.332793 2.18082
0.396484 0.505859 -0.252595 0.329261 -0.252595 0.329261 2.10752
0.400391 0.505859 -0.254139 0.325599 -0.254139 0.325599 2.03393
0.404297 0.505859 -0.255629 0.321809 -0.255629 0.321809 1.96008
0.408203 0.505859 -0.257065 0.317897 -0.257065 0.317897 1.88597
0.412109 0.505859 -0.258448 0.313866 -0.258448 0.313866 1.81161
0.416016 0.505859 -0.259778 0.30972 -0.259778 0.30972 1.73703
0.419922 0.505859 -0.261057 0.305462 -0.261057 0.305462 1.66223
0.423828 0.505859 -0.262286 0.301097 -0.262286 0.301097 1.58722
0.427734 0.505859 -0.263465 0.29663 -0.263465 0.29663 1.51201
0.431641 0.505859 -0.264595 0.292064 -0.264595 0.292064 1.43662
0.435547 0.505859 -0.265679 0.287403 -0.265679 0.287403 1.36107
0.439453 0.505859 -0.266717 0.282652 -0.266717 0.282652 1.28535
0.443359 0.505859 -0.26771 0.277814 -0.26771 0.277814 1.20949
0.447266 0.505859 -0.268659 0.272895 -0.268659 0.272895 1.13349
0.451172 0.505859 -0.269567 0.267898 -0.269567 0.267898 1.05737
0.455078 0.505859 -0.270434 0.262826 -0.270434 0.262826 0.981145
0.458984 0.505859 -0.271261 0.257685 -0.271261 0.257685 0.904819
0.462891 0.505859 -0.272051 0.252477 -0.272051 0.252477 0.828407
0.466797 0.505859 -0.272805 0.247207 -0.272805 0.247207 0.751922
0.470703 0.505859 -0.273523 0.241878 -0.273523 0.241878 0.675374
0.474609 0.505859 -0.274209 0.236494 -0.274209 0.236494 0.598776
0.478516 0.505859 -0.274862 0.231058 -0.274862 0.231058 0.522141
0.482422 0.505859 -0.275484 0.225574 -0.275484 0.225574 0.445479
0.486328 0.505859 -0.276078 0.220044 -0.276078 0.220044 0.368803
0.490234 0.505859 -0.276644 0.214472 -0.276644 0.214472 0.292124
0.494141 0.505859 -0.277183 0.208861 -0.277183 0.208861 0.215455
0.498047 0.505859 -0.277698 0.203213 -0.277698 0.203213 0.138807
0.501953 0.505859 -0.27819 0.197532 -0.27819 0.197532 0.062191
0.505859 0.505859 -0.278659 0.191818 -0.278659 0.191818 -0.0143801
0.509766 0.505859 -0.279107 0.186076 -0.279107 0.186076 -0.0908952
0.513672 0.505859 -0.279536 0.180307 -0.279536 0.180307 -0.167343
0.517578 0.505859 -0.279947 0.174513 -0.279947 0.174513 -0.243711
0.521484 0.505859 -0.280341 0.168696 -0.280341 0.168696 -0.319988
0.525391 0.505859 -0.280719 0.162858 -0.280719 0.162858 -0.396163
0.529297 0.505859 -0.281083 0.157 -0.281083 0.157 -0.472224
0.533203 0.505859 -0.281434 0.151124 -0.281434 0.151124 -0.548159
0.537109 0.505859 -0.281772 0.145232 -0.281772 0.145232 -0.623958
0.541016 0.505859 -0.282099 0.139324 -0.282099 0.139324 -0.699609
0.544922 0.505859 -0.282416 0.133402 -0.282416 0.133402 -0.775101
0.548828 0.505859 -0.282724 0.127466 -0.282724 0.127466 -0.850421
0.552734 0.505859 -0.283024 0.121519 -0.283024 0.121519 -0.92556
0.556641 0.505859 -0.283317 0.115559 -0.283317 0.115559 -1.00051
0.560547 0.505859 -0.283604 0.109588 -0.283604 0.109588 -1.07525
0.564453 0.505859 -0.283886 0.103607 -0.283886 0.103607 -1.14977
0.568359 0.505859 -0.284164 0.097616 -0.284164 0.097616 -1.22407
0.572266 0.505859 -0.284438 0.091615 -0.284438 0.091615 -1.29813
0.576172 0.505859 -0.28471 0.0856043 -0.28471 0.0856043 -1.37194
0.580078 0.505859 -0.284981 0.0795842 -0.284981 0.0795842 -1.44549
0.583984 0.505859 -0.28525 0.0735546 -0.28525 0.0735546 -1.51877
0.587891 0.505859 -0.28552 0.0675154 -0.28552 0.0675154 -1.59177
0.591797 0.505859 -0.285791 0.0614665 -0.285791 0.0614665 -1.66448
0.595703 0.505859 -0.286063 0.0554077 -0.286063 0.0554077 -1.73688
0.599609 0.505859 -0.286337 0.0493384 -0.286337 0.0493384 -1.80896
0.603516 0.505859 -0.286615 0.0432584 -0.286615 0.0432584 -1.88072
0.607422 0.505859 -0.286897 0.037167 -0.286897 0.037167 -1.95215
0.611328 0.505859 -0.287183 0.0310637 -0.287183 0.0310637 -2.02323
0.615234 0.505859 -0.287475 0.0249477 -0.287475 0.0249477 -2.09395
0.619141 0.505859 -0.287773 0.0188182 -0.287773 0.0188182 -2.1643
0.623047 0.505859 -0.288078 0.0126743 -0.288078 0.0126743 -2.23427
0.626953 0.505859 -0.28839 0.00651503 -0.28839 0.00651503 -2.30386
0.630859 0.505859 -0.28871 0.000339361 -0.28871 0.000339361 -2.37304
0.634766 0.505859 -0.28904 -0.00585388 -0.28904 -0.00585388 -2.44182
0.638672 0.505859 -0.289378 -0.0120659 -0.289378 -0.0120659 -2.51017
0.642578 0.505859 -0.289727 -0.0182981 -0.289727 -0.0182981 -2.57809
0.646484 0.505859 -0.290086 -0.0245518 -0.290086 -0.0245518 -2.64557
0.650391 0.505859 -0.290456 -0.0308284 -0.290456 -0.0308284 -2.7126
0.654297 0.505859 -0.290838 -0.0371296 -0.290838 -0.0371296 -2.77917
0.658203 0.505859 -0.291232 -0.043457 -0.291232 -0.043457 -2.84527
0.662109 0.505859 -0.291638 -0.0498122 -0.291638 -0.0498122 -2.91088
0.666016 0.505859 -0.292057 -0.0561969 -0.292057 -0.0561969 -2.976
0.669922 0.505859 -0.292488 -0.0626129 -0.292488 -0.0626129 -3.04062
0.673828 0.505859 -0.292932 -0.0690621 -0.292932 -0.0690621 -3.10473
0.677734 0.505859 -0.293389 -0.0755462 -0.293389 -0.0755462 -3.16831
0.681641 0.505859 -0.293858 -0.082067 -0.293858 -0.082067 -3.23137
0.685547 0.505859 -0.294339 -0.0886264 -0.294339 -0.0886264 -3.29388
0.689453 0.505859 -0.294832 -0.0952262 -0.294832 -0.0952262 -3.35584
0.693359 0.505859 -0.295335 -0.101868 -0.295335 -0.101868 -3.41724
0.697266 0.505859 -0.295848 -0.108553 -0.295848 -0.108553 -3.47807
0.701172 0.505859 -0.296369 -0.115283 -0.296369 -0.115283 -3.53832
0.705078 0.505859 -0.296897 -0.12206 -0.296897 -0.12206 -3.59798
0.708984 0.505859 -0.297429 -0.128884 -0.297429 -0.128884 -3.65704
0.712891 0.505859 -0.297964 -0.135755 -0.297964 -0.135755 -3.71549
0.716797 0.505859 -0.298499 -0.142676 -0.298499 -0.142676 -3.77333
0.720703 0.505859 -0.299031 -0.149644 -0.299031 -0.149644 -3.83054
0.724609 0.505859 -0.299555 -0.156661 -0.299555 -0.156661 -3.88711
0.728516 0.505859 -0.300069 -0.163724 -0.300069 -0.163724 -3.94304
0.732422 0.505859 -0.300566 -0.170833 -0.300566 -0.170833 -3.99832
0.736328 0.505859 -0.301043 -0.177985 -0.301043 -0.177985 -4.05294
0.740234 0.505859 -0.301493 -0.185177 -0.301493 -0.185177 -4.10689
0.744141 0.505859 -0.301909 -0.192404 -0.301909 -0.192404 -4.16016
0.748047 0.505859 -0.302284 -0.199662 -0.302284 -0.199662 -4.21274
0.751953 0.505859 -0.302611 -0.206944 -0.302611 -0.206944 -4.26463
0.755859 0.505859 -0.302879 -0.214242 -0.302879 -0.214242 -4.31582
0.759766 0.505859 -0.303081 -0.221548 -0.303081 -0.221548 -4.3663
0.763672 0.505859 -0.303204 -0.228852 -0.303204 -0.228852 -4.41606
0.767578 0.505859 -0.303239 -0.23614 -0.303239 -0.23614 -4.46509
0.771484 0.505859 -0.303172 -0.243399 -0.303172 -0.243399 -4.5134
0.775391 0.505859 -0.302992 -0.250614 -0.302992 -0.250614 -4.56097
0.779297 0.505859 -0.302684 -0.257765 -0.302684 -0.257765 -4.6078
0.783203 0.505859 -0.302233 -0.264835 -0.302233 -0.264835 -4.65388
0.787109 0.505859 -0.301625 -0.2718 -0.301625 -0.2718 -4.6992
0.791016 0.505859 -0.300843 -0.278635 -0.300843 -0.278635 -4.74376
0.794922 0.505859 -0.299871 -0.285315 -0.299871 -0.285315 -4.78756
0.798828 0.505859 -0.298692 -0.29181 -0.298692 -0.29181 -4.83059
0.802734 0.505859 -0.297289 -0.298088 -0.297289 -0.298088 -4.87285
0.806641 0.505859 -0.295645 -0.304116 -0.295645 -0.304116 -4.91433
0.810547 0.505859 -0.293741 -0.309857 -0.293741 -0.309857 -4.95503
0.814453 0.505859 -0.29156 -0.315274 -0.29156 -0.315274 -4.99496
0.818359 0.505859 -0.289086 -0.320326 -0.289086 -0.320326 -5.03409
0.822266 0.505859 -0.286302 -0.324972 -0.286302 -0.324972 -5.07245
0.826172 0.505859 -0.283192 -0.329168 -0.283192 -0.329168 -5.11002
0.830078 0.505859 -0.279743 -0.332869 -0.279743 -0.332869 -5.1468
0.833984 0.505859 -0.27594 -0.336031 -0.27594 -0.336031 -5.1828
0.837891 0.505859 -0.271774 -0.338609 -0.271774 -0.338609 -5.21801
0.841797 0.505859 -0.267234 -0.340556 -0.267234 -0.340556 -5.25243
0.845703 0.505859 -0.262314 -0.341828 -0.262314 -0.341828 -5.28608
0.849609 0.505859 -0.257009 -0.342383 -0.257009 -0.342383 -5.31894
0.853516 0.505859 -0.251319 -0.34218 -0.251319 -0.34218 -5.35102
0.857422 0.505859 -0.245244 -0.341181 -0.245244 -0.341181 -5.38232
0.861328 0.505859 -0.238791 -0.339351 -0.238791 -0.339351 -5.41284
0.865234 0.505859 -0.231967 -0.336659 -0.231967 -0.336659 -5.44259
0.869141 0.505859 -0.224786 -0.33308 -0.224786 -0.33308 -5.47156
0.873047 0.505859 -0.217262 -0.328594 -0.217262 -0.328594 -5.49976
0.876953 0.505859 -0.209418 -0.323187 -0.209418 -0.323187 -5.52719
0.880859 0.505859 -0.201275 -0.316852 -0.201275 -0.316852 -5.55385
0.884766 0.505859 -0.192862 -0.309589 -0.192862 -0.309589 -5.57974
0.888672 0.505859 -0.184209 -0.301406 -0.184209 -0.301406 -5.60486
0.892578 0.505859 -0.175351 -0.292317 -0.175351 -0.292317 -5.6292
0.896484 0.505859 -0.166325 -0.282348 -0.166325 -0.282348 -5.65277
0.900391 0.505859 -0.157171 -0.271528 -0.157171 -0.271528 -5.67557
0.904297 0.505859 -0.147931 -0.259899 -0.147931 -0.259899 -5.69759
0.908203 0.505859 -0.138648 -0.247507 -0.138648 -0.247507 -5.71882
0.912109 0.505859 -0.129368 -0.234408 -0.129368 -0.234408 -5.73927
0.916016 0.505859 -0.120136 -0.220662 -0.120136 -0.220662 -5.75892
0.919922 0.505859 -0.110997 -0.206337 -0.110997 -0.206337 -5.77777
0.923828 0.505859 -0.101997 -0.191507 -0.101997 -0.191507 -5.79582
0.927734 0.505859 -0.0931804 -0.176251 -0.0931804 -0.176251 -5.81305
0.931641 0.505859 -0.084589 -0.160648 -0.084589 -0.160648 -5.82946
0.935547 0.505859 -0.0762638 -0.144785 -0.0762638 -0.144785 -5.84504
0.939453 0.505859 -0.0682429 -0.128748 -0.0682429 -0.128748 -5.85978
0.943359 0.505859 -0.0605617 -0.112623 -0.0605617 -0.112623 -5.87368
0.947266 0.505859 -0.0532523 -0.0964976 -0.0532523 -0.0964976 -5.88671
0.951172 0.505859 -0.0463436 -0.0804575 -0.0463436 -0.0804575 -5.89889
0.955078 0.505859 -0.0398608 -0.0645895 -0.0398608 -0.0645895 -5.91018
0.958984 0.505859 -0.0338254 -0.048984 -0.0338254 -0.048984 -5.9206
0.962891 0.505859 -0.0282551 -0.0337361 -0.0282551 -0.0337361 -5.93012
0.966797 0.505859 -0.0231641 -0.018926 -0.0231641 -0.018926 -5.93875
0.970703 0.505859 -0.0185631 -0.00455354 -0.0185631 -0.00455354 -5.94647
0.974609 0.505859 -0.0144591 0.00957528 -0.0144591 0.00957528 -5.95328
0.978516 0.505859 -0.0108564 0.0238532 -0.0108564 0.0238532 -5.95916
0.982422 0.505859 -0.00775618 0.0382641 -0.00775618 0.0382641 -5.96413
0.986328 0.505859 -0.00515712 0.0503352 -0.00515712 0.0503352 -5.96816
0.990234 0.505859 -0.00305742 0.0517426 -0.00305742 0.0517426 -5.97126
0.994141 0.505859 -0.0014554 0.0288748 -0.0014554 0.0288748 -5.97342
0.998047 0.505859 -0.000361428 -0.0146351 -0.000361428 -0.0146351 -5.97468
