0.453125 0.53183
0.452864 0.53125

0.460938 0.512445
0.458615 0.515625

0.458318 0.515625
0.454448 0.523438

0.453514 0.523438
0.453957 0.53125

0.453125 0.531819
0.460493 0.539062

0.460938 0.539292
0.460414 0.539062

0.46875 0.504645
0.465168 0.507812

0.460938 0.51245
0.464918 0.507812

0.460938 0.538595
0.46875 0.537936

0.476562 0.499314
0.475593 0.5

0.46875 0.504867
0.475163 0.5

0.476562 0.530389
0.475654 0.53125

0.46875 0.537005
0.476222 0.53125

0.476562 0.499337
0.484375 0.493481

0.484375 0.520835
0.482263 0.523438

0.476562 0.530212
0.482622 0.523438

0.492188 0.486907
0.485999 0.492188

0.484375 0.493545
0.486071 0.492188

0.492188 0.51171
0.488621 0.515625

0.484375 0.520834
0.48874 0.515625

0.5 0.47965
0.49448 0.484375

0.492188 0.486648
0.494736 0.484375

0.5 0.504381
0.496053 0.507812

0.492188 0.511702
0.496168 0.507812

0.507812 0.47394
0.503751 0.476562

0.5 0.479529
0.504432 0.476562

0.507812 0.498766
0.506052 0.5

0.5 0.504461
0.505875 0.5

0.507812 0.473877
0.515625 0.470479

0.507812 0.498681
0.515625 0.493466

0.515625 0.471151
0.523288 0.46875

0.523438 0.488685
0.517714 0.492188

0.515625 0.493588
0.517914 0.492188

0.53125 0.466417
0.524275 0.46875

0.523438 0.468949
0.524329 0.46875

0.53125 0.484228
0.53093 0.484375

0.523438 0.488632
0.53125 0.484397

0.53125 0.46652
0.539062 0.462379

0.53125 0.484219
0.539062 0.481068

0.546875 0.456982
0.539618 0.460938

0.539062 0.462632
0.542172 0.460938

0.539062 0.481167
0.546875 0.479229

0.546875 0.456065
0.554688 0.454653

0.546875 0.479491
0.554688 0.478035

0.554688 0.454226
0.5625 0.454495

0.554688 0.477878
0.5625 0.476698

0.5625 0.453815
0.570312 0.453898

0.570312 0.476061
0.565242 0.476562

0.5625 0.476636
0.563241 0.476562

0.570312 0.453686
0.578125 0.453737

0.570312 0.476236
0.578125 0.475373

0.578125 0.453525
0.585938 0.45355

0.578125 0.475994
0.585938 0.475865

0.585938 0.453821
0.59375 0.453903

0.585938 0.475266
0.59375 0.476046

0.59375 0.453929
0.601562 0.454037

0.59375 0.475773
0.600512 0.476562

0.601562 0.476733
0.600098 0.476562

0.601562 0.456974
0.609375 0.457114

0.601562 0.476746
0.609375 0.477869

0.609375 0.457025
0.617188 0.457512

0.609375 0.477762
0.617188 0.479204

0.617188 0.457536
0.625 0.458499

0.617188 0.479105
0.625 0.481278

0.625 0.458445
0.632812 0.459944

0.625 0.48158
0.632812 0.484105

0.632812 0.459884
0.63638 0.460938

0.640625 0.462149
0.636522 0.460938

0.632812 0.483953
0.634076 0.484375

0.640625 0.486541
0.634135 0.484375

0.640625 0.462223
0.648438 0.464735

0.640625 0.486443
0.648438 0.489643

0.648438 0.464839
0.65625 0.467239

0.648438 0.489789
0.653385 0.492188

0.65625 0.493454
0.653638 0.492188

0.65625 0.467245
0.660445 0.46875

0.664062 0.469963
0.660682 0.46875

0.65625 0.493436
0.664062 0.4978

0.664062 0.469882
0.671875 0.472999

0.664062 0.497869
0.66736 0.5

0.671875 0.502881
0.667438 0.5

0.671875 0.472946
0.67933 0.476562

0.679688 0.476727
0.679348 0.476562

0.671875 0.502943
0.678605 0.507812

0.679688 0.508564
0.678663 0.507812

0.679688 0.476749
0.6875 0.481694

0.679688 0.508564
0.6875 0.514782

0.6875 0.481714
0.691046 0.484375

0.695312 0.487817
0.690952 0.484375

0.6875 0.514807
0.688472 0.515625

0.695312 0.521617
0.688463 0.515625

0.695312 0.488099
0.700036 0.492188

0.703125 0.495067
0.69984 0.492188

0.695312 0.521647
0.697251 0.523438

0.703125 0.529097
0.697252 0.523438

0.703125 0.495119
0.708968 0.5

0.710938 0.501616
0.708931 0.5

0.703125 0.529087
0.70524 0.53125

0.710938 0.537486
0.705245 0.53125

0.710938 0.501555
0.71875 0.507664

0.710938 0.537402
0.712387 0.539062

0.712372 0.539062
0.718738 0.546875

0.71875 0.546956
0.718689 0.546875

0.71875 0.507481
0.719182 0.507812

0.726562 0.513732
0.719178 0.507812

0.71875 0.546875
0.71875 0.546875

0.71875 0.546959
0.724416 0.554688

0.726562 0.557977
0.724325 0.554688

0.726562 0.513608
0.728905 0.515625

0.734375 0.520794
0.728894 0.515625

0.726562 0.557905
0.729691 0.5625

0.734375 0.569778
0.729656 0.5625

0.734375 0.814462
0.732032 0.820312

0.731755 0.820312
0.730402 0.828125

0.730017 0.828125
0.731782 0.835938

0.734375 0.839924
0.731549 0.835938

0.734375 0.52076
0.73687 0.523438

0.742188 0.530018
0.736826 0.523438

0.734375 0.569708
0.734751 0.570312

0.734751 0.570312
0.739502 0.578125

0.742188 0.582871
0.73945 0.578125

0.742188 0.800223
0.739324 0.804688

0.739318 0.804688
0.735192 0.8125

0.734375 0.814547
0.735195 0.8125

0.734375 0.840148
0.738514 0.84375

0.742188 0.845139
0.739844 0.84375

0.742188 0.530079
0.743062 0.53125

0.743032 0.53125
0.748408 0.539062

0.75 0.541804
0.748265 0.539062

0.742188 0.582906
0.743936 0.585938

0.744094 0.585938
0.74821 0.59375

0.75 0.597794
0.747981 0.59375

0.75 0.789555
0.744361 0.796875

0.742188 0.800321
0.744401 0.796875

0.742188 0.845031
0.75 0.846809

0.75 0.54178
0.753228 0.546875

0.757812 0.554289
0.753172 0.546875

0.75 0.597807
0.751875 0.601562

0.752191 0.601562
0.755719 0.609375

0.757812 0.615488
0.755473 0.609375

0.757812 0.780517
0.757198 0.78125

0.757154 0.78125
0.750586 0.789062

0.75 0.789556
0.7504 0.789062

0.75 0.846674
0.757812 0.846447

0.757812 0.554217
0.758098 0.554688

0.758105 0.554688
0.762951 0.5625

0.765625 0.567016
0.762925 0.5625

0.757812 0.61531
0.758531 0.617188

0.758488 0.617188
0.761216 0.625

0.761156 0.625
0.763719 0.632812

0.765625 0.638453
0.763752 0.632812

0.765625 0.770724
0.763849 0.773438

0.757812 0.780752
0.763629 0.773438

0.757812 0.84682
0.765625 0.844114

0.765625 0.566821
0.767713 0.570312

0.767702 0.570312
0.772314 0.578125

0.773438 0.580177
0.772244 0.578125

0.765625 0.638323
0.766389 0.640625

0.766378 0.640625
0.768622 0.648438

0.768801 0.648438
0.770297 0.65625

0.769981 0.65625
0.771257 0.664062

0.771485 0.664062
0.772717 0.671875

0.773438 0.678588
0.77261 0.671875

0.773438 0.755358
0.772682 0.757812

0.772597 0.757812
0.768863 0.765625

0.765625 0.77053
0.768825 0.765625

0.765625 0.843732
0.773438 0.838528

0.765625 0.844164
0.766341 0.84375

0.773438 0.580135
0.776814 0.585938

0.77682 0.585938
0.781112 0.59375

0.773438 0.679136
0.773506 0.679688

0.773505 0.679688
0.774545 0.6875

0.774231 0.6875
0.775656 0.695312

0.774595 0.695312
0.774909 0.703125

0.774945 0.703125
0.774463 0.710938

0.774578 0.710938
0.775219 0.71875

0.774963 0.71875
0.775614 0.726562

0.774146 0.726562
0.77408 0.734375

0.775859 0.734375
0.775023 0.742188

0.776014 0.742188
0.774437 0.75

0.773438 0.754888
0.774943 0.75

0.78125 0.83172
0.776221 0.835938

0.773438 0.838387
0.776496 0.835938

0.78125 0.593675
0.781291 0.59375

0.781291 0.59375
0.784945 0.601562

0.784886 0.601562
0.788013 0.609375

0.789062 0.612362
0.788028 0.609375

0.789062 0.824107
0.785166 0.828125

0.78125 0.831761
0.785141 0.828125

0.789062 0.612404
0.790719 0.617188

0.790538 0.617188
0.792831 0.625

0.792896 0.625
0.79561 0.632812

0.796875 0.63606
0.795739 0.632812

0.796875 0.814442
0.792557 0.820312

0.789062 0.824173
0.79245 0.820312

0.796875 0.636021
0.798486 0.640625

0.798423 0.640625
0.800428 0.648438

0.800623 0.648438
0.802942 0.65625

0.804688 0.661972
0.802864 0.65625

0.804688 0.800167
0.802681 0.804688

0.80263 0.804688
0.798153 0.8125

0.796875 0.814467
0.798196 0.8125

0.804688 0.662592
0.805156 0.664062

0.805167 0.664062
0.807044 0.671875

0.807264 0.671875
0.808374 0.679688

0.80819 0.679688
0.808461 0.6875

0.808323 0.6875
0.808402 0.695312

0.80843 0.695312
0.808537 0.703125

0.808248 0.703125
0.808905 0.710938

0.809234 0.710938
0.811208 0.71875

0.8125 0.721808
0.811822 0.71875

0.8125 0.772149
0.812303 0.773438

0.812334 0.773438
0.810368 0.78125

0.810697 0.78125
0.808688 0.789062

0.808453 0.789062
0.806199 0.796875

0.804688 0.799938
0.806047 0.796875

0.8125 0.723227
0.813239 0.726562

0.812986 0.726562
0.813538 0.734375

0.813421 0.734375
0.813837 0.742188

0.813948 0.742188
0.814241 0.75

0.814307 0.75
0.814125 0.757812

0.814081 0.757812
0.81338 0.765625

0.8125 0.771432
0.813387 0.765625

