x | y | u.x | u.y | uint | vint | p
0.511719 0.00390625 -0.00267523 -1.92471e-05 0.00547287 2.99695e-05 0.0318639
0.511719 0.0117188 -0.00805367 -0.000107615 -8.65296e-06 1.55747e-05 0.0318292
0.511719 0.0195312 -0.0136183 -0.000246493 -0.00538006 -3.16717e-05 0.0317965
0.511719 0.0273438 -0.0193238 -0.000428779 -0.0109359 -0.00010897 0.0317635
0.511719 0.0351562 -0.0250822 -0.000652793 -0.0166704 -0.000209488 0.0317296
0.511719 0.0429688 -0.0308341 -0.000916755 -0.0224863 -0.000333083 0.0316947
0.511719 0.0507812 -0.0365648 -0.00121697 -0.0283013 -0.000480592 0.0316578
0.511719 0.0585938 -0.0422935 -0.00154802 -0.0340804 -0.00065056 0.0316178
0.511719 0.0664062 -0.0480584 -0.00190311 -0.0398308 -0.000839483 0.0315736
0.511719 0.0742188 -0.0539041 -0.0022744 -0.0455852 -0.00104202 0.0315238
0.511719 0.0820312 -0.0598749 -0.00265326 -0.0513868 -0.00125152 0.0314669
0.511719 0.0898438 -0.0660114 -0.0030304 -0.0572806 -0.00146027 0.0314011
0.511719 0.0976562 -0.0723492 -0.00339586 -0.0633085 -0.00165965 0.0313243
0.511719 0.105469 -0.0789189 -0.00373911 -0.0695074 -0.00184027 0.0312342
0.511719 0.113281 -0.0857467 -0.0040491 -0.0759096 -0.00199197 0.0311283
0.511719 0.121094 -0.0928535 -0.0043143 -0.0825425 -0.00210394 0.0310034
0.511719 0.128906 -0.100256 -0.00452279 -0.0894289 -0.00216475 0.0308563
0.511719 0.136719 -0.107965 -0.00466242 -0.0965871 -0.00216252 0.030683
0.511719 0.144531 -0.115986 -0.00472083 -0.104031 -0.00208496 0.0304795
0.511719 0.152344 -0.12432 -0.00468569 -0.111768 -0.00191956 0.0302408
0.511719 0.160156 -0.132958 -0.00454479 -0.119803 -0.00165375 0.0299618
0.511719 0.167969 -0.141887 -0.00428624 -0.12813 -0.00127502 0.0296367
0.511719 0.175781 -0.151085 -0.00389864 -0.136742 -0.000771174 0.0292593
0.511719 0.183594 -0.160524 -0.00337128 -0.14562 -0.000130483 0.0288229
0.511719 0.191406 -0.170166 -0.00269435 -0.15474 0.000658075 0.0283203
0.511719 0.199219 -0.179965 -0.00185917 -0.164072 0.00160459 0.0277441
0.511719 0.207031 -0.18987 -0.000858387 -0.173575 0.00271798 0.0270864
0.511719 0.214844 -0.19982 0.000313776 -0.183203 0.00400578 0.0263394
0.511719 0.222656 -0.209747 0.00166132 -0.192901 0.00547386 0.025495
0.511719 0.230469 -0.219579 0.00318625 -0.202608 0.00712624 0.0245456
0.511719 0.238281 -0.229237 0.00488841 -0.212256 0.00896484 0.0234837
0.511719 0.246094 -0.238637 0.00676531 -0.221773 0.0109893 0.0223023
0.511719 0.253906 -0.247694 0.008812 -0.231079 0.0131969 0.0209955
0.511719 0.261719 -0.256322 0.011021 -0.240095 0.0155821 0.019558
0.511719 0.269531 -0.264433 0.0133823 -0.248736 0.0181371 0.0179862
0.511719 0.277344 -0.271944 0.0158835 -0.25692 0.0208512 0.0162775
0.511719 0.285156 -0.278775 0.0185097 -0.264564 0.0237112 0.0144313
0.511719 0.292969 -0.28485 0.0212438 -0.271588 0.0267013 0.0124486
0.511719 0.300781 -0.290104 0.0240671 -0.277918 0.0298036 0.0103324
0.511719 0.308594 -0.294477 0.0269589 -0.283484 0.032998 0.00808746
0.511719 0.316406 -0.297924 0.0298977 -0.288227 0.0362629 0.00572069
0.511719 0.324219 -0.300409 0.0328611 -0.292094 0.0395754 0.00324079
0.511719 0.332031 -0.301907 0.0358266 -0.295044 0.0429119 0.000658197
0.511719 0.339844 -0.302408 0.0387721 -0.297049 0.0462482 -0.00201509
0.511719 0.347656 -0.301915 0.0416759 -0.298091 0.0495608 -0.00476577
0.511719 0.355469 -0.300442 0.044518 -0.298163 0.0528265 -0.00757951
0.511719 0.363281 -0.298015 0.0472798 -0.297273 0.0560237 -0.0104412
0.511719 0.371094 -0.294671 0.049945 -0.295439 0.0591323 -0.0133354
0.511719 0.378906 -0.290456 0.0524997 -0.29269 0.0621345 -0.0162466
0.511719 0.386719 -0.285425 0.0549326 -0.289063 0.0650148 -0.0191593
0.511719 0.394531 -0.279636 0.0572349 -0.284607 0.0677605 -0.0220588
0.511719 0.402344 -0.273155 0.059401 -0.279374 0.0703618 -0.0249308
0.511719 0.410156 -0.266048 0.0614279 -0.273423 0.0728118 -0.0277621
0.511719 0.417969 -0.258384 0.0633153 -0.266816 0.0751065 -0.0305406
0.511719 0.425781 -0.25023 0.0650653 -0.259618 0.0772449 -0.0332554
0.511719 0.433594 -0.241652 0.0666822 -0.251894 0.0792283 -0.0358968
0.511719 0.441406 -0.232711 0.0681724 -0.243706 0.0810608 -0.0384563
0.511719 0.449219 -0.223466 0.0695436 -0.235117 0.0827483 -0.0409267
0.511719 0.457031 -0.21397 0.070805 -0.226185 0.0842986 -0.043302
0.511719 0.464844 -0.20427 0.0719668 -0.216963 0.085721 -0.0455773
0.511719 0.472656 -0.19441 0.0730394 -0.207501 0.0870257 -0.0477487
0.511719 0.480469 -0.184425 0.0740338 -0.197844 0.0882238 -0.0498131
0.511719 0.488281 -0.174345 0.0749608 -0.188029 0.0893265 -0.0517684
0.511719 0.496094 -0.164197 0.0758311 -0.178091 0.0903453 -0.053613
0.511719 0.503906 -0.154001 0.0766546 -0.168057 0.0912915 -0.0553459
0.511719 0.511719 -0.143771 0.0774407 -0.157952 0.0921756 -0.0569665
0.511719 0.519531 -0.13352 0.078198 -0.147794 0.0930079 -0.0584747
0.511719 0.527344 -0.123255 0.0789338 -0.137597 0.0937974 -0.0598705
0.511719 0.535156 -0.112981 0.0796546 -0.127373 0.0945523 -0.0611544
0.511719 0.542969 -0.102702 0.0803659 -0.117129 0.0952799 -0.0623266
0.511719 0.550781 -0.0924174 0.0810719 -0.10687 0.0959861 -0.0633879
0.511719 0.558594 -0.0821274 0.0817758 -0.0966004 0.0966756 -0.0643388
0.511719 0.566406 -0.0718308 0.0824795 -0.086321 0.0973523 -0.0651801
0.511719 0.574219 -0.061526 0.0831842 -0.0760326 0.0980185 -0.0659124
0.511719 0.582031 -0.0512115 0.08389 -0.0657353 0.0986757 -0.0665366
0.511719 0.589844 -0.0408862 0.0845958 -0.0554289 0.0993243 -0.0670536
0.511719 0.597656 -0.0305497 0.0853001 -0.0451134 0.0999635 -0.0674642
0.511719 0.605469 -0.0202026 0.0860003 -0.0347892 0.100592 -0.0677695
0.511719 0.613281 -0.00984652 0.0866932 -0.0244574 0.101207 -0.0679705
0.511719 0.621094 0.000515756 0.087375 -0.0141201 0.101806 -0.0680685
0.511719 0.628906 0.01088 0.0880413 -0.00378051 0.102384 -0.068065
0.511719 0.636719 0.0212405 0.0886871 0.00655712 0.102937 -0.0679615
0.511719 0.644531 0.0315903 0.0893072 0.0168871 0.103461 -0.0677599
0.511719 0.652344 0.0419209 0.0898959 0.0272025 0.10395 -0.0674622
0.511719 0.660156 0.0522223 0.0904472 0.0374949 0.104397 -0.0670708
0.511719 0.667969 0.0624832 0.0909549 0.0477547 0.104797 -0.0665883
0.511719 0.675781 0.0726913 0.0914124 0.0579708 0.105144 -0.0660179
0.511719 0.683594 0.0828326 0.0918133 0.0681311 0.10543 -0.0653626
0.511719 0.691406 0.0928924 0.0921509 0.0782222 0.105649 -0.0646263
0.511719 0.699219 0.102855 0.0924184 0.0882296 0.105794 -0.063813
0.511719 0.707031 0.112704 0.092609 0.098138 0.105858 -0.062927
0.511719 0.714844 0.122422 0.0927163 0.107931 0.105835 -0.0619732
0.511719 0.722656 0.131992 0.0927334 0.117592 0.105717 -0.0609565
0.511719 0.730469 0.141397 0.0926541 0.127104 0.105499 -0.0598826
0.511719 0.738281 0.150617 0.092472 0.13645 0.105173 -0.058757
0.511719 0.746094 0.159637 0.0921811 0.145611 0.104734 -0.0575859
0.511719 0.753906 0.168438 0.0917755 0.154571 0.104175 -0.0563755
0.511719 0.761719 0.177006 0.0912495 0.163312 0.103491 -0.0551325
0.511719 0.769531 0.185325 0.0905978 0.171819 0.102677 -0.0538634
0.511719 0.777344 0.193383 0.0898153 0.180076 0.101727 -0.0525752
0.511719 0.785156 0.201169 0.0888967 0.188069 0.100637 -0.0512746
0.511719 0.792969 0.208676 0.0878372 0.195787 0.0994038 -0.0499687
0.511719 0.800781 0.215902 0.0866314 0.20322 0.0980218 -0.0486643
0.511719 0.808594 0.222851 0.0852739 0.210363 0.0964876 -0.0473681
0.511719 0.816406 0.229536 0.0837584 0.217215 0.0947969 -0.0460865
0.511719 0.824219 0.235982 0.0820777 0.223781 0.0929456 -0.0448259
0.511719 0.832031 0.242233 0.080223 0.230078 0.0909284 -0.043592
0.511719 0.839844 0.248353 0.0781836 0.236133 0.0887393 -0.0423901
0.511719 0.847656 0.254441 0.0759464 0.241994 0.0863705 -0.0412247
0.511719 0.855469 0.260637 0.0734953 0.247735 0.0838122 -0.0400999
0.511719 0.863281 0.267135 0.0708113 0.253462 0.0810519 -0.0390184
0.511719 0.871094 0.274199 0.0678725 0.259331 0.0780738 -0.0379824
0.511719 0.878906 0.28218 0.064655 0.26556 0.0748591 -0.0369928
0.511719 0.886719 0.291528 0.0611341 0.272442 0.0713857 -0.0360492
0.511719 0.894531 0.302811 0.0572872 0.28037 0.0676292 -0.0351505
0.511719 0.902344 0.316723 0.0530975 0.289852 0.0635651 -0.0342942
0.511719 0.910156 0.334083 0.0485582 0.301523 0.0591712 -0.0334773
0.511719 0.917969 0.355822 0.0436795 0.316164 0.0544323 -0.032696
0.511719 0.925781 0.382957 0.0384941 0.334688 0.0493455 -0.0319466
0.511719 0.933594 0.416529 0.0330652 0.358133 0.0439272 -0.0312252
0.511719 0.941406 0.457526 0.0274917 0.387614 0.0382207 -0.0305291
0.511719 0.949219 0.50676 0.021913 0.424261 0.0323034 -0.0298564
0.511719 0.957031 0.564726 0.0165092 0.469109 0.0262942 -0.0292075
0.511719 0.964844 0.631421 0.0114968 0.522968 0.0203563 -0.0285836
0.511719 0.972656 0.706158 0.00711452 0.586234 0.0146996 -0.0279932
0.511719 0.980469 0.7874 0.00361172 0.65869 0.00956498 -0.0274301
0.511719 0.988281 0.872684 0.00118231 0.73927 0.00524336 -0.026951
0.511719 0.996094 0.958661 5.1938e-05 0.825922 0.00192309 -0.0263869
