x | y | u.x | u.y | uint | vint | p
0.00390625 0.511719 -4.62687e-05 0.0105469 -4.62687e-05 0.0105469 0.0226846
0.0117188 0.511719 -0.000318155 0.0300124 -0.000318155 0.0300124 0.0225929
0.0195312 0.511719 -0.000820168 0.0478747 -0.000820168 0.0478747 0.0225062
0.0273438 0.511719 -0.00155089 0.0641545 -0.00155089 0.0641545 0.0224157
0.0351562 0.511719 -0.00251084 0.0789172 -0.00251084 0.0789172 0.0223203
0.0429688 0.511719 -0.00369513 0.0922633 -0.00369513 0.0922633 0.0222175
0.0507812 0.511719 -0.00509515 0.104312 -0.00509515 0.104312 0.0221041
0.0585938 0.511719 -0.00670004 0.115186 -0.00670004 0.115186 0.0219773
0.0664062 0.511719 -0.00849769 0.12501 -0.00849769 0.12501 0.0218341
0.0742188 0.511719 -0.0104754 0.133903 -0.0104754 0.133903 0.0216718
0.0820312 0.511719 -0.0126201 0.14198 -0.0126201 0.14198 0.0214877
0.0898438 0.511719 -0.0149189 0.149352 -0.0149189 0.149352 0.0212794
0.0976562 0.511719 -0.0173589 0.156121 -0.0173589 0.156121 0.0210442
0.105469 0.511719 -0.0199277 0.162385 -0.0199277 0.162385 0.0207798
0.113281 0.511719 -0.0226133 0.168232 -0.0226133 0.168232 0.0204836
0.121094 0.511719 -0.0254044 0.173742 -0.0254044 0.173742 0.0201534
0.128906 0.511719 -0.0282905 0.178984 -0.0282905 0.178984 0.0197864
0.136719 0.511719 -0.0312617 0.184018 -0.0312617 0.184018 0.0193803
0.144531 0.511719 -0.0343089 0.188896 -0.0343089 0.188896 0.0189322
0.152344 0.511719 -0.0374235 0.193656 -0.0374235 0.193656 0.0184395
0.160156 0.511719 -0.0405976 0.198328 -0.0405976 0.198328 0.0178991
0.167969 0.511719 -0.0438237 0.202933 -0.0438237 0.202933 0.0173082
0.175781 0.511719 -0.0470947 0.207482 -0.0470947 0.207482 0.0166636
0.183594 0.511719 -0.0504037 0.211978 -0.0504037 0.211978 0.0159621
0.191406 0.511719 -0.0537441 0.216414 -0.0537441 0.216414 0.0152005
0.199219 0.511719 -0.0571091 0.220779 -0.0571091 0.220779 0.0143757
0.207031 0.511719 -0.0604919 0.225053 -0.0604919 0.225053 0.0134844
0.214844 0.511719 -0.0638858 0.229212 -0.0638858 0.229212 0.0125235
0.222656 0.511719 -0.0672836 0.233226 -0.0672836 0.233226 0.0114903
0.230469 0.511719 -0.070678 0.237062 -0.070678 0.237062 0.0103819
0.238281 0.511719 -0.0740615 0.240684 -0.0740615 0.240684 0.00919598
0.246094 0.511719 -0.0774263 0.244053 -0.0774263 0.244053 0.00793063
0.253906 0.511719 -0.0807643 0.247129 -0.0807643 0.247129 0.00658428
0.261719 0.511719 -0.0840672 0.249871 -0.0840672 0.249871 0.00515594
0.269531 0.511719 -0.0873267 0.252241 -0.0873267 0.252241 0.00364523
0.277344 0.511719 -0.0905345 0.254198 -0.0905345 0.254198 0.00205245
0.285156 0.511719 -0.0936822 0.255705 -0.0936822 0.255705 0.000378635
0.292969 0.511719 -0.0967617 0.256727 -0.0967617 0.256727 -0.00137441
0.300781 0.511719 -0.0997649 0.257233 -0.0997649 0.257233 -0.00320407
0.308594 0.511719 -0.102685 0.257194 -0.102685 0.257194 -0.00510686
0.316406 0.511719 -0.105514 0.256586 -0.105514 0.256586 -0.00707849
0.324219 0.511719 -0.108246 0.25539 -0.108246 0.25539 -0.00911385
0.332031 0.511719 -0.110875 0.253591 -0.110875 0.253591 -0.011207
0.339844 0.511719 -0.113398 0.251179 -0.113398 0.251179 -0.0133513
0.347656 0.511719 -0.115809 0.248151 -0.115809 0.248151 -0.0155395
0.355469 0.511719 -0.118106 0.244507 -0.118106 0.244507 -0.0177637
0.363281 0.511719 -0.120288 0.240254 -0.120288 0.240254 -0.0200154
0.371094 0.511719 -0.122353 0.235404 -0.122353 0.235404 -0.0222859
0.378906 0.511719 -0.124301 0.229972 -0.124301 0.229972 -0.0245662
0.386719 0.511719 -0.126135 0.223979 -0.126135 0.223979 -0.0268472
0.394531 0.511719 -0.127856 0.21745 -0.127856 0.21745 -0.0291196
0.402344 0.511719 -0.129467 0.210413 -0.129467 0.210413 -0.0313744
0.410156 0.511719 -0.130973 0.202898 -0.130973 0.202898 -0.0336027
0.417969 0.511719 -0.132378 0.194939 -0.132378 0.194939 -0.035796
0.425781 0.511719 -0.133689 0.18657 -0.133689 0.18657 -0.0379459
0.433594 0.511719 -0.13491 0.177827 -0.13491 0.177827 -0.040045
0.441406 0.511719 -0.136048 0.168746 -0.136048 0.168746 -0.0420859
0.449219 0.511719 -0.137111 0.159365 -0.137111 0.159365 -0.0440622
0.457031 0.511719 -0.138106 0.149717 -0.138106 0.149717 -0.0459679
0.464844 0.511719 -0.13904 0.139838 -0.13904 0.139838 -0.0477977
0.472656 0.511719 -0.13992 0.129762 -0.13992 0.129762 -0.049547
0.480469 0.511719 -0.140753 0.119519 -0.140753 0.119519 -0.0512117
0.488281 0.511719 -0.141548 0.10914 -0.141548 0.10914 -0.0527886
0.496094 0.511719 -0.142311 0.0986506 -0.142311 0.0986506 -0.0542747
0.503906 0.511719 -0.14305 0.0880768 -0.14305 0.0880768 -0.0556679
0.511719 0.511719 -0.143771 0.0774407 -0.143771 0.0774407 -0.0569665
0.519531 0.511719 -0.144481 0.0667625 -0.144481 0.0667625 -0.0581693
0.527344 0.511719 -0.145187 0.0560596 -0.145187 0.0560596 -0.0592755
0.535156 0.511719 -0.145895 0.0453471 -0.145895 0.0453471 -0.0602847
0.542969 0.511719 -0.146611 0.0346377 -0.146611 0.0346377 -0.0611969
0.550781 0.511719 -0.147342 0.0239416 -0.147342 0.0239416 -0.0620124
0.558594 0.511719 -0.148094 0.0132669 -0.148094 0.0132669 -0.0627316
0.566406 0.511719 -0.148873 0.00261934 -0.148873 0.00261934 -0.0633553
0.574219 0.511719 -0.149685 -0.00799739 -0.149685 -0.00799739 -0.0638844
0.582031 0.511719 -0.150538 -0.0185819 -0.150538 -0.0185819 -0.0643199
0.589844 0.511719 -0.151437 -0.0291348 -0.151437 -0.0291348 -0.0646628
0.597656 0.511719 -0.15239 -0.039659 -0.15239 -0.039659 -0.0649143
0.605469 0.511719 -0.153404 -0.0501596 -0.153404 -0.0501596 -0.0650756
0.613281 0.511719 -0.154487 -0.060644 -0.154487 -0.060644 -0.0651477
0.621094 0.511719 -0.155648 -0.0711218 -0.155648 -0.0711218 -0.0651317
0.628906 0.511719 -0.156894 -0.0816053 -0.156894 -0.0816053 -0.0650285
0.636719 0.511719 -0.158235 -0.0921092 -0.158235 -0.0921092 -0.0648388
0.644531 0.511719 -0.159679 -0.102651 -0.159679 -0.102651 -0.0645634
0.652344 0.511719 -0.161236 -0.113251 -0.161236 -0.113251 -0.0642025
0.660156 0.511719 -0.162915 -0.123932 -0.162915 -0.123932 -0.0637561
0.667969 0.511719 -0.164724 -0.134719 -0.164724 -0.134719 -0.0632242
0.675781 0.511719 -0.16667 -0.14564 -0.16667 -0.14564 -0.062606
0.683594 0.511719 -0.168761 -0.156725 -0.168761 -0.156725 -0.0619007
0.691406 0.511719 -0.170998 -0.168006 -0.170998 -0.168006 -0.0611069
0.699219 0.511719 -0.173385 -0.179516 -0.173385 -0.179516 -0.0602228
0.707031 0.511719 -0.175919 -0.191285 -0.175919 -0.191285 -0.0592462
0.714844 0.511719 -0.178593 -0.203344 -0.178593 -0.203344 -0.0581746
0.722656 0.511719 -0.181394 -0.215719 -0.181394 -0.215719 -0.0570048
0.730469 0.511719 -0.184302 -0.228432 -0.184302 -0.228432 -0.0557338
0.738281 0.511719 -0.18729 -0.241494 -0.18729 -0.241494 -0.054358
0.746094 0.511719 -0.19032 -0.254906 -0.19032 -0.254906 -0.052874
0.753906 0.511719 -0.193344 -0.268653 -0.193344 -0.268653 -0.0512787
0.761719 0.511719 -0.196301 -0.2827 -0.196301 -0.2827 -0.0495691
0.769531 0.511719 -0.199118 -0.296988 -0.199118 -0.296988 -0.0477436
0.777344 0.511719 -0.201708 -0.311432 -0.201708 -0.311432 -0.0458014
0.785156 0.511719 -0.20397 -0.32591 -0.20397 -0.32591 -0.0437439
0.792969 0.511719 -0.205789 -0.340267 -0.205789 -0.340267 -0.0415745
0.800781 0.511719 -0.20704 -0.354304 -0.20704 -0.354304 -0.0392999
0.808594 0.511719 -0.207588 -0.367782 -0.207588 -0.367782 -0.0369303
0.816406 0.511719 -0.207291 -0.380417 -0.207291 -0.380417 -0.0344801
0.824219 0.511719 -0.206006 -0.391885 -0.206006 -0.391885 -0.0319684
0.832031 0.511719 -0.203597 -0.401826 -0.203597 -0.401826 -0.0294194
0.839844 0.511719 -0.19994 -0.409853 -0.19994 -0.409853 -0.0268622
0.847656 0.511719 -0.194931 -0.415565 -0.194931 -0.415565 -0.0243307
0.855469 0.511719 -0.188498 -0.418562 -0.188498 -0.418562 -0.0218628
0.863281 0.511719 -0.180607 -0.418465 -0.180607 -0.418465 -0.019499
0.871094 0.511719 -0.171272 -0.414943 -0.171272 -0.414943 -0.0172808
0.878906 0.511719 -0.160562 -0.407732 -0.160562 -0.407732 -0.0152483
0.886719 0.511719 -0.148603 -0.396665 -0.148603 -0.396665 -0.0134382
0.894531 0.511719 -0.13558 -0.381688 -0.13558 -0.381688 -0.0118807
0.902344 0.511719 -0.121732 -0.362877 -0.121732 -0.362877 -0.0105979
0.910156 0.511719 -0.107347 -0.340448 -0.107347 -0.340448 -0.00960134
0.917969 0.511719 -0.0927438 -0.314754 -0.0927438 -0.314754 -0.00889154
0.925781 0.511719 -0.0782634 -0.286273 -0.0782634 -0.286273 -0.0084576
0.933594 0.511719 -0.0642484 -0.255588 -0.0642484 -0.255588 -0.00827823
0.941406 0.511719 -0.0510275 -0.223357 -0.0510275 -0.223357 -0.0083235
0.949219 0.511719 -0.0389007 -0.190278 -0.0389007 -0.190278 -0.00855749
0.957031 0.511719 -0.0281265 -0.157058 -0.0281265 -0.157058 -0.00894055
0.964844 0.511719 -0.0189156 -0.124381 -0.0189156 -0.124381 -0.00943458
0.972656 0.511719 -0.0114227 -0.0928843 -0.0114227 -0.0928843 -0.00999714
0.980469 0.511719 -0.00576138 -0.0631455 -0.00576138 -0.0631455 -0.0106154
0.988281 0.511719 -0.00195518 -0.0356717 -0.00195518 -0.0356717 -0.0111915
0.996094 0.511719 -0.000136948 -0.0108784 -0.000136948 -0.0108784 -0.0119703
