x | y | u.x | u.y | uint | vint | p
0.511719 0.00390625 -0.00766833 -4.01887e-05 0.0154685 4.75697e-05 0.0671363
0.511719 0.0117188 -0.0162224 -0.000170492 -0.00341506 1.62525e-05 0.0670006
0.511719 0.0195312 -0.0271395 -0.000343107 -0.0109314 -6.1228e-05 0.0668404
0.511719 0.0273438 -0.0392103 -0.000460541 -0.0212765 -0.000192353 0.0666596
0.511719 0.0351562 -0.0510774 -0.000508131 -0.0333255 -0.00023694 0.0664491
0.511719 0.0429688 -0.0622893 -0.000520464 -0.0453968 -0.000161864 0.0662046
0.511719 0.0507812 -0.0728651 -0.000532869 -0.0568709 2.71627e-07 0.0659265
0.511719 0.0585938 -0.0829481 -0.000568462 -0.0676785 0.00020327 0.0656059
0.511719 0.0664062 -0.0926583 -0.00064106 -0.0779741 0.000412539 0.0652377
0.511719 0.0742188 -0.102066 -0.000755302 -0.087882 0.00060868 0.0648161
0.511719 0.0820312 -0.111207 -0.000910593 -0.0974788 0.000781552 0.064335
0.511719 0.0898438 -0.120096 -0.00110286 -0.1068 0.000927247 0.0637889
0.511719 0.0976562 -0.128747 -0.00132551 -0.115859 0.00104591 0.0631726
0.511719 0.105469 -0.137173 -0.00157014 -0.124664 0.00114077 0.062481
0.511719 0.113281 -0.14539 -0.00182709 -0.133225 0.00121734 0.0617095
0.511719 0.121094 -0.15341 -0.00208595 -0.141556 0.0012828 0.0608537
0.511719 0.128906 -0.161246 -0.00233596 -0.149671 0.00134552 0.0599091
0.511719 0.136719 -0.168902 -0.00256626 -0.157583 0.00141469 0.0588716
0.511719 0.144531 -0.176379 -0.00276627 -0.1653 0.00150001 0.0577366
0.511719 0.152344 -0.183671 -0.00292583 -0.172825 0.0016113 0.0564998
0.511719 0.160156 -0.190768 -0.00303539 -0.180155 0.00175818 0.0551565
0.511719 0.167969 -0.197656 -0.00308616 -0.187284 0.00194995 0.0537016
0.511719 0.175781 -0.204317 -0.00307042 -0.194199 0.0021954 0.05213
0.511719 0.183594 -0.210731 -0.00298183 -0.200887 0.00250249 0.0504364
0.511719 0.191406 -0.216876 -0.00281555 -0.20733 0.00287783 0.0486152
0.511719 0.199219 -0.222726 -0.00256799 -0.213509 0.00332628 0.0466607
0.511719 0.207031 -0.228253 -0.00223613 -0.219403 0.0038511 0.0445674
0.511719 0.214844 -0.233431 -0.00181718 -0.224984 0.00445493 0.0423302
0.511719 0.222656 -0.238234 -0.00130932 -0.230223 0.00513967 0.0399438
0.511719 0.230469 -0.242643 -0.000712111 -0.235098 0.00590847 0.0374044
0.511719 0.238281 -0.246676 -2.69775e-05 -0.239592 0.00675075 0.0347074
0.511719 0.246094 -0.250144 0.000746611 -0.243645 0.00770977 0.0318547
0.511719 0.253906 -0.253198 0.00160592 -0.247285 0.00875712 0.0288403
0.511719 0.261719 -0.255771 0.00254747 -0.25047 0.00984991 0.0256664
0.511719 0.269531 -0.257846 0.00357009 -0.253174 0.0110242 0.0223359
0.511719 0.277344 -0.259419 0.0046719 -0.255387 0.0122737 0.0188529
0.511719 0.285156 -0.260469 0.00584901 -0.257105 0.0135972 0.0152211
0.511719 0.292969 -0.260978 0.00711247 -0.258317 0.0150028 0.0114719
0.511719 0.300781 -0.26091 0.0084332 -0.258991 0.0164753 0.0075147
0.511719 0.308594 -0.260341 0.00979358 -0.259133 0.0179907 0.00345869
0.511719 0.316406 -0.259251 0.0112143 -0.258746 0.0195517 -0.000713545
0.511719 0.324219 -0.257647 0.0126889 -0.257837 0.0211585 -0.00498642
0.511719 0.332031 -0.255525 0.0142128 -0.256418 0.0228083 -0.00934671
0.511719 0.339844 -0.252884 0.0157831 -0.254493 0.024502 -0.0137709
0.511719 0.347656 -0.249722 0.0173744 -0.25205 0.0262258 -0.0182894
0.511719 0.355469 -0.246106 0.0189762 -0.249112 0.0279632 -0.0228336
0.511719 0.363281 -0.242046 0.0205995 -0.245697 0.0297111 -0.0274024
0.511719 0.371094 -0.237559 0.0222389 -0.241831 0.0314659 -0.0319754
0.511719 0.378906 -0.232655 0.0238924 -0.237538 0.0332253 -0.036535
0.511719 0.386719 -0.227339 0.0255461 -0.232828 0.0349867 -0.0410795
0.511719 0.394531 -0.221657 0.027184 -0.227712 0.0367383 -0.0455738
0.511719 0.402344 -0.215646 0.0288066 -0.222224 0.0384695 -0.0499929
0.511719 0.410156 -0.209329 0.0304153 -0.216393 0.0401781 -0.0543282
0.511719 0.417969 -0.202726 0.0320062 -0.210248 0.0418615 -0.0585631
0.511719 0.425781 -0.195859 0.0335751 -0.203811 0.0435176 -0.0626825
0.511719 0.433594 -0.18875 0.0351146 -0.197106 0.0451425 -0.0666745
0.511719 0.441406 -0.181431 0.0366195 -0.190153 0.0467309 -0.0705229
0.511719 0.449219 -0.173931 0.03809 -0.182981 0.0482792 -0.0742106
0.511719 0.457031 -0.166271 0.0395264 -0.175614 0.0497864 -0.0777281
0.511719 0.464844 -0.158469 0.0409276 -0.168079 0.051252 -0.0810657
0.511719 0.472656 -0.150547 0.0422933 -0.160393 0.0526757 -0.0842139
0.511719 0.480469 -0.142518 0.0436221 -0.152578 0.0540573 -0.087166
0.511719 0.488281 -0.134405 0.0449133 -0.14465 0.0553963 -0.0899139
0.511719 0.496094 -0.126224 0.0461685 -0.136627 0.0566926 -0.0924503
0.511719 0.503906 -0.117987 0.0473896 -0.128526 0.0579476 -0.0947709
0.511719 0.511719 -0.109705 0.048578 -0.120362 0.059163 -0.096872
0.511719 0.519531 -0.101387 0.0497351 -0.112145 0.0603405 -0.098751
0.511719 0.527344 -0.0930422 0.0508624 -0.103886 0.0614817 -0.100406
0.511719 0.535156 -0.0846775 0.0519612 -0.0955928 0.062588 -0.101837
0.511719 0.542969 -0.0762988 0.0530333 -0.0872744 0.0636611 -0.103042
0.511719 0.550781 -0.0679111 0.0540799 -0.0789372 0.0647024 -0.104024
0.511719 0.558594 -0.059518 0.0551025 -0.0705864 0.0657134 -0.104783
0.511719 0.566406 -0.0511228 0.0561018 -0.0622266 0.0666953 -0.105322
0.511719 0.574219 -0.0427283 0.0570785 -0.0538615 0.0676489 -0.105645
0.511719 0.582031 -0.0343373 0.058033 -0.0454947 0.0685749 -0.105756
0.511719 0.589844 -0.0259525 0.0589653 -0.0371293 0.0694735 -0.105662
0.511719 0.597656 -0.0175768 0.0598747 -0.0287684 0.0703446 -0.105366
0.511719 0.605469 -0.0092145 0.0607603 -0.0204148 0.0711881 -0.104876
0.511719 0.613281 -0.000870645 0.0616205 -0.0120762 0.0719935 -0.104198
0.511719 0.621094 0.00744706 0.062454 -0.00375119 0.0728049 -0.103341
0.511719 0.628906 0.0157328 0.0632587 0.00454837 0.0735326 -0.102317
0.511719 0.636719 0.0239872 0.064034 0.0128117 0.0742489 -0.101133
0.511719 0.644531 0.0322089 0.0647784 0.0210441 0.0749291 -0.0998012
0.511719 0.652344 0.0403959 0.0654898 0.0292423 0.0755725 -0.09833
0.511719 0.660156 0.0485463 0.0661659 0.0374039 0.0761769 -0.0967305
0.511719 0.667969 0.0566578 0.066804 0.0455265 0.07674 -0.0950135
0.511719 0.675781 0.0647281 0.0674015 0.0536075 0.077259 -0.0931897
0.511719 0.683594 0.0727546 0.0679553 0.0616443 0.0777311 -0.09127
0.511719 0.691406 0.080735 0.0684623 0.0696342 0.0781532 -0.0892649
0.511719 0.699219 0.0886666 0.0689189 0.0775745 0.078522 -0.0871847
0.511719 0.707031 0.0965465 0.0693219 0.0854623 0.0788342 -0.0850394
0.511719 0.714844 0.104372 0.0696676 0.0932947 0.0790863 -0.0828384
0.511719 0.722656 0.11214 0.0699525 0.101069 0.0792746 -0.0805907
0.511719 0.730469 0.119849 0.0701727 0.108782 0.0793957 -0.0783047
0.511719 0.738281 0.127494 0.0703247 0.116431 0.0794458 -0.0759882
0.511719 0.746094 0.135073 0.0704047 0.124013 0.0794213 -0.0736484
0.511719 0.753906 0.142584 0.070409 0.131524 0.0793185 -0.0712917
0.511719 0.761719 0.150024 0.0703335 0.138963 0.0791337 -0.0689241
0.511719 0.769531 0.157391 0.0701745 0.146326 0.0788633 -0.0665507
0.511719 0.777344 0.164684 0.0699277 0.153611 0.0785035 -0.0641763
0.511719 0.785156 0.171903 0.0695887 0.160815 0.0780505 -0.0618051
0.511719 0.792969 0.179052 0.0691527 0.167939 0.0775003 -0.0594408
0.511719 0.800781 0.186135 0.0686143 0.174981 0.0768489 -0.0570869
0.511719 0.808594 0.193162 0.0679671 0.181945 0.0760915 -0.0547464
0.511719 0.816406 0.200151 0.0672039 0.188836 0.0752231 -0.0524224
0.511719 0.824219 0.207128 0.0663155 0.195665 0.0742375 -0.0501177
0.511719 0.832031 0.214133 0.0652911 0.202448 0.0731278 -0.0478351
0.511719 0.839844 0.221228 0.0641174 0.209214 0.0718849 -0.0455778
0.511719 0.847656 0.228498 0.0627779 0.216006 0.0704982 -0.0433488
0.511719 0.855469 0.236066 0.0612531 0.222887 0.0689541 -0.0411517
0.511719 0.863281 0.244105 0.0595193 0.229953 0.0672359 -0.0389903
0.511719 0.871094 0.252846 0.0575496 0.237336 0.0653232 -0.0368686
0.511719 0.878906 0.2626 0.0553136 0.245226 0.0631916 -0.0347913
0.511719 0.886719 0.273774 0.0527791 0.25388 0.0608127 -0.0327631
0.511719 0.894531 0.286886 0.0499137 0.263644 0.0581545 -0.0307893
0.511719 0.902344 0.302577 0.0466887 0.274973 0.0551832 -0.0288754
0.511719 0.910156 0.321622 0.0430835 0.288448 0.051865 -0.0270273
0.511719 0.917969 0.344919 0.0390919 0.304793 0.0481708 -0.0252516
0.511719 0.925781 0.373466 0.0347297 0.324876 0.0440813 -0.0235557
0.511719 0.933594 0.408311 0.0300438 0.349705 0.0395946 -0.0219486
0.511719 0.941406 0.450471 0.0251205 0.380388 0.0347349 -0.0204414
0.511719 0.949219 0.500812 0.0200937 0.418082 0.0295632 -0.019048
0.511719 0.957031 0.559873 0.0151482 0.46389 0.024187 -0.0177867
0.511719 0.964844 0.62764 0.010517 0.518711 0.0187695 -0.0166787
0.511719 0.972656 0.703296 0.00646128 0.583014 0.0135338 -0.0157537
0.511719 0.980469 0.785125 0.00326256 0.656482 0.00875085 -0.014998
0.511719 0.988281 0.8713 0.00101929 0.737525 0.00472971 -0.0145953
0.511719 0.996094 0.959882 3.99267e-05 0.823958 0.00172098 -0.0138642
