x | y | u.x | u.y | uint | vint | p
0.00390625 0.511719 -8.36686e-05 0.0129302 -8.36686e-05 0.0129302 0.096465
0.0117188 0.511719 -0.000120929 0.0427101 -0.000120929 0.0427101 0.0966517
0.0195312 0.511719 -0.000242823 0.0674092 -0.000242823 0.0674092 0.0969272
0.0273438 0.511719 -0.000589137 0.089286 -0.000589137 0.089286 0.0973971
0.0351562 0.511719 -0.0011922 0.109101 -0.0011922 0.109101 0.0980158
0.0429688 0.511719 -0.00205689 0.126928 -0.00205689 0.126928 0.0987563
0.0507812 0.511719 -0.00317249 0.142825 -0.00317249 0.142825 0.0995946
0.0585938 0.511719 -0.00452232 0.156923 -0.00452232 0.156923 0.100509
0.0664062 0.511719 -0.00608707 0.169387 -0.00608707 0.169387 0.101477
0.0742188 0.511719 -0.00784737 0.180382 -0.00784737 0.180382 0.102476
0.0820312 0.511719 -0.00978373 0.190067 -0.00978373 0.190067 0.103485
0.0898438 0.511719 -0.0118757 0.198592 -0.0118757 0.198592 0.104481
0.0976562 0.511719 -0.0141018 0.206096 -0.0141018 0.206096 0.105442
0.105469 0.511719 -0.0164403 0.21271 -0.0164403 0.21271 0.106343
0.113281 0.511719 -0.0188699 0.21855 -0.0188699 0.21855 0.107161
0.121094 0.511719 -0.0213704 0.223717 -0.0213704 0.223717 0.107872
0.128906 0.511719 -0.0239229 0.228295 -0.0239229 0.228295 0.108452
0.136719 0.511719 -0.0265105 0.232356 -0.0265105 0.232356 0.108876
0.144531 0.511719 -0.0291183 0.235955 -0.0291183 0.235955 0.10912
0.152344 0.511719 -0.031733 0.239136 -0.031733 0.239136 0.109159
0.160156 0.511719 -0.0343434 0.24193 -0.0343434 0.24193 0.108969
0.167969 0.511719 -0.0369398 0.244361 -0.0369398 0.244361 0.108527
0.175781 0.511719 -0.0395141 0.246442 -0.0395141 0.246442 0.10781
0.183594 0.511719 -0.0420597 0.248184 -0.0420597 0.248184 0.106798
0.191406 0.511719 -0.044571 0.249588 -0.044571 0.249588 0.105471
0.199219 0.511719 -0.0470435 0.250657 -0.0470435 0.250657 0.103811
0.207031 0.511719 -0.0494736 0.251386 -0.0494736 0.251386 0.101803
0.214844 0.511719 -0.0518583 0.251774 -0.0518583 0.251774 0.0994335
0.222656 0.511719 -0.0541953 0.251814 -0.0541953 0.251814 0.0966931
0.230469 0.511719 -0.0564827 0.251502 -0.0564827 0.251502 0.0935741
0.238281 0.511719 -0.0587192 0.250833 -0.0587192 0.250833 0.0900723
0.246094 0.511719 -0.0609037 0.249804 -0.0609037 0.249804 0.0861867
0.253906 0.511719 -0.0630353 0.248412 -0.0630353 0.248412 0.0819198
0.261719 0.511719 -0.0651136 0.246655 -0.0651136 0.246655 0.0772774
0.269531 0.511719 -0.0671383 0.244532 -0.0671383 0.244532 0.0722692
0.277344 0.511719 -0.0691092 0.242045 -0.0691092 0.242045 0.0669082
0.285156 0.511719 -0.0710266 0.239197 -0.0710266 0.239197 0.0612112
0.292969 0.511719 -0.0728906 0.23599 -0.0728906 0.23599 0.0551983
0.300781 0.511719 -0.0747018 0.232432 -0.0747018 0.232432 0.0488931
0.308594 0.511719 -0.0764608 0.228528 -0.0764608 0.228528 0.0423224
0.316406 0.511719 -0.0781683 0.224287 -0.0781683 0.224287 0.0355163
0.324219 0.511719 -0.0798254 0.21972 -0.0798254 0.21972 0.0285075
0.332031 0.511719 -0.0814332 0.214836 -0.0814332 0.214836 0.0213316
0.339844 0.511719 -0.082993 0.209648 -0.082993 0.209648 0.0140264
0.347656 0.511719 -0.0845062 0.204168 -0.0845062 0.204168 0.00663164
0.355469 0.511719 -0.0859745 0.198412 -0.0859745 0.198412 -0.000810984
0.363281 0.511719 -0.0873997 0.192394 -0.0873997 0.192394 -0.00825857
0.371094 0.511719 -0.0887836 0.186128 -0.0887836 0.186128 -0.0156672
0.378906 0.511719 -0.0901285 0.179632 -0.0901285 0.179632 -0.0229924
0.386719 0.511719 -0.0914364 0.17292 -0.0914364 0.17292 -0.0301893
0.394531 0.511719 -0.0927099 0.166009 -0.0927099 0.166009 -0.0372137
0.402344 0.511719 -0.0939514 0.158917 -0.0939514 0.158917 -0.0440214
0.410156 0.511719 -0.0951637 0.151658 -0.0951637 0.151658 -0.0505698
0.417969 0.511719 -0.0963495 0.144249 -0.0963495 0.144249 -0.0568175
0.425781 0.511719 -0.0975118 0.136705 -0.0975118 0.136705 -0.0627248
0.433594 0.511719 -0.0986536 0.129042 -0.0986536 0.129042 -0.0682545
0.441406 0.511719 -0.0997782 0.121274 -0.0997782 0.121274 -0.0733718
0.449219 0.511719 -0.100889 0.113415 -0.100889 0.113415 -0.0780451
0.457031 0.511719 -0.101989 0.105477 -0.101989 0.105477 -0.082246
0.464844 0.511719 -0.103082 0.0974729 -0.103082 0.0974729 -0.0859496
0.472656 0.511719 -0.104172 0.089413 -0.104172 0.089413 -0.0891353
0.480469 0.511719 -0.105262 0.0813073 -0.105262 0.0813073 -0.0917864
0.488281 0.511719 -0.106356 0.0731643 -0.106356 0.0731643 -0.0938908
0.496094 0.511719 -0.107459 0.0649914 -0.107459 0.0649914 -0.0954409
0.503906 0.511719 -0.108573 0.0567944 -0.108573 0.0567944 -0.0964339
0.511719 0.511719 -0.109705 0.048578 -0.109705 0.048578 -0.096872
0.519531 0.511719 -0.110857 0.0403455 -0.110857 0.0403455 -0.0967623
0.527344 0.511719 -0.112034 0.0320986 -0.112034 0.0320986 -0.0961168
0.535156 0.511719 -0.11324 0.0238381 -0.11324 0.0238381 -0.0949522
0.542969 0.511719 -0.114479 0.0155644 -0.114479 0.0155644 -0.093291
0.550781 0.511719 -0.115753 0.00727651 -0.115753 0.00727651 -0.0911608
0.558594 0.511719 -0.117106 -0.0010153 -0.117106 -0.0010153 -0.0886117
0.566406 0.511719 -0.118441 -0.00931477 -0.118441 -0.00931477 -0.0856634
0.574219 0.511719 -0.119857 -0.0176426 -0.119857 -0.0176426 -0.082338
0.582031 0.511719 -0.121327 -0.0259996 -0.121327 -0.0259996 -0.0786924
0.589844 0.511719 -0.122858 -0.0343981 -0.122858 -0.0343981 -0.0747721
0.597656 0.511719 -0.124455 -0.0428507 -0.124455 -0.0428507 -0.0706256
0.605469 0.511719 -0.126124 -0.0513709 -0.126124 -0.0513709 -0.0663034
0.613281 0.511719 -0.127869 -0.0599735 -0.127869 -0.0599735 -0.0618573
0.621094 0.511719 -0.129693 -0.0686746 -0.129693 -0.0686746 -0.0573403
0.628906 0.511719 -0.131601 -0.0774913 -0.131601 -0.0774913 -0.0528055
0.636719 0.511719 -0.133594 -0.0864417 -0.133594 -0.0864417 -0.0483057
0.644531 0.511719 -0.135675 -0.0955449 -0.135675 -0.0955449 -0.0438929
0.652344 0.511719 -0.137844 -0.10482 -0.137844 -0.10482 -0.0396173
0.660156 0.511719 -0.140099 -0.114289 -0.140099 -0.114289 -0.0355272
0.667969 0.511719 -0.142438 -0.123969 -0.142438 -0.123969 -0.0316679
0.675781 0.511719 -0.144856 -0.133883 -0.144856 -0.133883 -0.0280817
0.683594 0.511719 -0.147346 -0.144046 -0.147346 -0.144046 -0.0248071
0.691406 0.511719 -0.149897 -0.154478 -0.149897 -0.154478 -0.0218783
0.699219 0.511719 -0.152498 -0.165192 -0.152498 -0.165192 -0.019325
0.707031 0.511719 -0.155131 -0.1762 -0.155131 -0.1762 -0.0171719
0.714844 0.511719 -0.157777 -0.187509 -0.157777 -0.187509 -0.0154389
0.722656 0.511719 -0.160412 -0.19912 -0.160412 -0.19912 -0.0141402
0.730469 0.511719 -0.163007 -0.21103 -0.163007 -0.21103 -0.0132848
0.738281 0.511719 -0.16553 -0.223224 -0.16553 -0.223224 -0.0128762
0.746094 0.511719 -0.167942 -0.235682 -0.167942 -0.235682 -0.0129129
0.753906 0.511719 -0.170201 -0.24837 -0.170201 -0.24837 -0.0133878
0.761719 0.511719 -0.17226 -0.261243 -0.17226 -0.261243 -0.0142892
0.769531 0.511719 -0.174065 -0.274242 -0.174065 -0.274242 -0.0156009
0.777344 0.511719 -0.17556 -0.287289 -0.17556 -0.287289 -0.0173025
0.785156 0.511719 -0.176682 -0.300293 -0.176682 -0.300293 -0.0193701
0.792969 0.511719 -0.177367 -0.313138 -0.177367 -0.313138 -0.0217769
0.800781 0.511719 -0.177546 -0.325693 -0.177546 -0.325693 -0.0244935
0.808594 0.511719 -0.177149 -0.337798 -0.177149 -0.337798 -0.0274893
0.816406 0.511719 -0.176104 -0.349274 -0.176104 -0.349274 -0.0307322
0.824219 0.511719 -0.174341 -0.359917 -0.174341 -0.359917 -0.0341904
0.832031 0.511719 -0.171794 -0.369496 -0.171794 -0.369496 -0.0378319
0.839844 0.511719 -0.168399 -0.377759 -0.168399 -0.377759 -0.0416261
0.847656 0.511719 -0.164103 -0.384433 -0.164103 -0.384433 -0.0455435
0.855469 0.511719 -0.158863 -0.389228 -0.158863 -0.389228 -0.0495562
0.863281 0.511719 -0.15265 -0.391841 -0.15265 -0.391841 -0.053638
0.871094 0.511719 -0.145457 -0.391964 -0.145457 -0.391964 -0.0577644
0.878906 0.511719 -0.137296 -0.389296 -0.137296 -0.389296 -0.0619117
0.886719 0.511719 -0.128208 -0.383556 -0.128208 -0.383556 -0.0660569
0.894531 0.511719 -0.118264 -0.374498 -0.118264 -0.374498 -0.0701767
0.902344 0.511719 -0.107573 -0.361928 -0.107573 -0.361928 -0.0742462
0.910156 0.511719 -0.0962766 -0.345728 -0.0962766 -0.345728 -0.0782384
0.917969 0.511719 -0.0845584 -0.32588 -0.0845584 -0.32588 -0.0821225
0.925781 0.511719 -0.0726367 -0.302486 -0.0726367 -0.302486 -0.0858639
0.933594 0.511719 -0.0607632 -0.275791 -0.0607632 -0.275791 -0.0894236
0.941406 0.511719 -0.0492149 -0.246198 -0.0492149 -0.246198 -0.0927585
0.949219 0.511719 -0.0382837 -0.214276 -0.0382837 -0.214276 -0.0958224
0.957031 0.511719 -0.0282638 -0.180755 -0.0282638 -0.180755 -0.0985676
0.964844 0.511719 -0.0194359 -0.146491 -0.0194359 -0.146491 -0.100949
0.972656 0.511719 -0.0120508 -0.112353 -0.0120508 -0.112353 -0.102927
0.980469 0.511719 -0.00631357 -0.078924 -0.00631357 -0.078924 -0.10449
0.988281 0.511719 -0.00234399 -0.0459695 -0.00234399 -0.0459695 -0.105619
0.996094 0.511719 -0.000317222 -0.0127937 -0.000317222 -0.0127937 -0.106547
