0.539062 0.585373
0.53875 0.585938

0.538722 0.585938
0.537314 0.589844

0.536753 0.589844
0.536078 0.59375

0.535434 0.59375
0.535408 0.597656

0.535644 0.597656
0.538254 0.601562

0.539062 0.602196
0.538203 0.601562

0.542969 0.579436
0.541107 0.582031

0.539062 0.585363
0.540989 0.582031

0.539062 0.602183
0.542969 0.602961

0.546875 0.574189
0.546859 0.574219

0.546814 0.574219
0.544117 0.578125

0.542969 0.579546
0.543984 0.578125

0.542969 0.585938
0.542969 0.585938

0.546875 0.600125
0.544666 0.601562

0.542969 0.602478
0.544628 0.601562

0.550781 0.565536
0.550467 0.566406

0.550538 0.566406
0.548921 0.570312

0.546875 0.574198
0.548996 0.570312

0.550781 0.585937
0.550781 0.585938

0.550781 0.594574
0.548825 0.597656

0.546875 0.599943
0.548943 0.597656

0.554688 0.555789
0.553283 0.558594

0.55312 0.558594
0.551576 0.5625

0.550781 0.5655
0.551866 0.5625

0.554688 0.582031
0.554687 0.582031

0.554688 0.585937
0.554687 0.585938

0.554688 0.586359
0.552945 0.589844

0.553003 0.589844
0.551063 0.59375

0.550781 0.594372
0.551144 0.59375

0.558594 0.549558
0.557738 0.550781

0.557638 0.550781
0.555189 0.554688

0.554688 0.555717
0.555203 0.554688

0.558594 0.578125
0.558594 0.578125

0.558594 0.579537
0.557032 0.582031

0.557022 0.582031
0.554857 0.585938

0.554688 0.586296
0.554867 0.585938

0.5625 0.544535
0.560593 0.546875

0.558594 0.549583
0.560578 0.546875

0.558594 0.550781
0.558594 0.550781

0.558594 0.554688
0.558594 0.554688

0.5625 0.570312
0.5625 0.570312

0.5625 0.573808
0.562195 0.574219

0.56221 0.574219
0.559481 0.578125

0.558594 0.579505
0.559458 0.578125

0.566406 0.540344
0.563751 0.542969

0.5625 0.544507
0.563834 0.542969

0.5625 0.558594
0.5625 0.558594

0.566406 0.5625
0.566406 0.5625

0.566406 0.568927
0.565254 0.570312

0.5625 0.573816
0.565227 0.570312

0.570312 0.537332
0.567947 0.539062

0.566406 0.54036
0.568083 0.539062

0.570312 0.5625
0.570312 0.5625

0.570312 0.564554
0.56862 0.566406

0.566406 0.568947
0.568587 0.566406

0.570312 0.537504
0.574219 0.535222

0.574219 0.548828
0.574219 0.546875

0.574219 0.558594
0.574219 0.558594

0.574219 0.560551
0.572272 0.5625

0.570312 0.564563
0.572274 0.5625

0.578125 0.533028
0.574751 0.535156

0.574219 0.535425
0.574675 0.535156

0.574219 0.539063
0.574219 0.539062

0.574219 0.542969
0.578125 0.542969

0.578125 0.556891
0.576237 0.558594

0.574219 0.560558
0.576296 0.558594

0.582031 0.529793
0.580273 0.53125

0.578125 0.533018
0.580389 0.53125

0.582031 0.553651
0.580739 0.554688

0.578125 0.556897
0.580767 0.554688

0.585938 0.526067
0.584437 0.527344

0.582031 0.529679
0.584739 0.527344

0.582031 0.53125
0.582031 0.53125

0.585938 0.546875
0.585937 0.546875

0.585938 0.55071
0.58584 0.550781

0.582031 0.553659
0.585805 0.550781

0.589844 0.523432
0.589836 0.523438

0.585938 0.52609
0.589651 0.523438

0.585938 0.527344
0.585938 0.527344

0.585938 0.53125
0.585938 0.53125

0.589844 0.542969
0.589844 0.542969

0.589844 0.546875
0.589844 0.546875

0.585938 0.55071
0.589844 0.547905

0.59375 0.521217
0.589845 0.523438

0.589844 0.523438
0.589844 0.523438

0.589844 0.527344
0.589844 0.527344

0.589844 0.53125
0.589844 0.53125

0.59375 0.545222
0.591304 0.546875

0.589844 0.547913
0.591381 0.546875

0.597656 0.519099
0.596944 0.519531

0.59375 0.521435
0.596885 0.519531

0.59375 0.53125
0.59375 0.53125

0.597656 0.542816
0.597392 0.542969

0.59375 0.545211
0.597454 0.542969

0.597656 0.519036
0.601562 0.516133

0.597656 0.542824
0.601562 0.540851

0.605469 0.513136
0.601707 0.515625

0.601562 0.515977
0.602057 0.515625

0.601562 0.519531
0.601563 0.519531

0.605469 0.529297
0.605469 0.527344

0.605469 0.535156
0.605469 0.535156

0.605469 0.539062
0.605469 0.539062

0.601562 0.540933
0.605469 0.539225

0.605469 0.513347
0.608811 0.511719

0.609375 0.537544
0.605979 0.539062

0.605469 0.539271
0.605936 0.539062

0.613281 0.509312
0.609784 0.511719

0.609375 0.511803
0.609531 0.511719

0.613281 0.519531
0.613281 0.519531

0.613281 0.53125
0.613281 0.53125

0.613281 0.535156
0.613281 0.535156

0.609375 0.537488
0.613281 0.535684

0.617188 0.505373
0.613523 0.507812

0.613281 0.509267
0.615266 0.507812

0.613281 0.515625
0.613281 0.515625

0.617188 0.525391
0.617188 0.523438

0.617188 0.53392
0.614398 0.535156

0.613281 0.535724
0.614563 0.535156

0.617188 0.505179
0.621094 0.504651

0.617188 0.507813
0.617188 0.507812

0.617188 0.511719
0.617188 0.511719

0.617188 0.53377
0.621094 0.532479

0.621094 0.505874
0.625 0.506087

0.625 0.507813
0.625 0.507812

0.625 0.53125
0.625 0.53125

0.621094 0.53264
0.625 0.531813

0.625 0.506193
0.628906 0.505539

0.628906 0.511719
0.628906 0.511719

0.628906 0.521484
0.628906 0.519531

0.628906 0.527344
0.628906 0.527344

0.628906 0.53114
0.628415 0.53125

0.625 0.531881
0.627811 0.53125

0.632812 0.503123
0.631215 0.503906

0.628906 0.505791
0.632749 0.503906

0.628906 0.507813
0.628906 0.507812

0.632812 0.511719
0.632812 0.511719

0.628906 0.531106
0.632812 0.529857

0.632812 0.502955
0.636719 0.501116

0.632812 0.511719
0.632813 0.511719

0.632812 0.529584
0.636719 0.52836

0.636719 0.500905
0.640625 0.500493

0.636719 0.511719
0.640625 0.511719

0.640625 0.515625
0.640625 0.515625

0.640625 0.527344
0.640625 0.527344

0.636719 0.528429
0.640625 0.527621

0.640625 0.500598
0.644531 0.501074

0.644531 0.511719
0.644531 0.511719

0.644531 0.523437
0.644531 0.523438

0.644531 0.527082
0.642701 0.527344

0.640625 0.527632
0.642637 0.527344

0.644531 0.500813
0.648438 0.500644

0.648438 0.511719
0.648437 0.511719

0.648438 0.523437
0.648437 0.523438

0.644531 0.527154
0.648438 0.52675

0.648438 0.501412
0.652344 0.500268

0.652344 0.515625
0.652344 0.515625

0.652344 0.523437
0.652344 0.523438

0.648438 0.526948
0.652344 0.526598

0.65625 0.49921
0.652816 0.5

0.652344 0.500118
0.652855 0.5

0.652344 0.511719
0.652344 0.511719

0.65625 0.519531
0.65625 0.519531

0.65625 0.523437
0.65625 0.523438

0.652344 0.526797
0.65625 0.52643

0.65625 0.499279
0.660156 0.498868

0.65625 0.503906
0.65625 0.503906

0.65625 0.515625
0.65625 0.515625

0.65625 0.519531
0.65625 0.519531

0.660156 0.523437
0.660156 0.523438

0.65625 0.526627
0.660156 0.526197

0.660156 0.498919
0.664062 0.498757

0.660156 0.5
0.660156 0.5

0.660156 0.503906
0.660156 0.503906

0.664062 0.523437
0.664062 0.523438

0.660156 0.525487
0.664062 0.525205

0.664062 0.498801
0.667969 0.498697

0.664062 0.5
0.664063 0.5

0.667969 0.505859
0.667969 0.503906

0.667969 0.523437
0.667969 0.523438

0.664062 0.525277
0.667969 0.525225

0.667969 0.49869
0.671875 0.49857

0.667969 0.507812
0.667969 0.507812

0.667969 0.511719
0.667969 0.511719

0.667969 0.511719
0.671875 0.511719

0.667969 0.519531
0.667969 0.519531

0.667969 0.525208
0.671875 0.525274

0.671875 0.498539
0.675781 0.498481

0.671875 0.523437
0.671875 0.523438

0.671875 0.525257
0.675781 0.525512

0.675781 0.498464
0.679688 0.498564

0.679688 0.5
0.679687 0.5

0.675781 0.526243
0.679688 0.526624

0.679688 0.498564
0.683594 0.49886

0.683594 0.503906
0.683594 0.503906

0.683594 0.507813
0.683594 0.507812

0.679688 0.526288
0.683594 0.526753

0.683594 0.498876
0.6875 0.499336

0.683594 0.507812
0.683594 0.507812

0.683594 0.519531
0.6875 0.519531

0.683594 0.523437
0.683594 0.523438

0.683594 0.526505
0.6875 0.527037

0.6875 0.499333
0.691406 0.499932

0.6875 0.523437
0.6875 0.523438

0.6875 0.526926
0.69035 0.527344

0.691406 0.527484
0.690448 0.527344

0.691406 0.499918
0.691821 0.5

0.695312 0.500687
0.691816 0.5

0.695312 0.513672
0.695312 0.511719

0.691406 0.523437
0.691406 0.523438

0.691406 0.527465
0.695312 0.528189

0.695312 0.500568
0.699219 0.501359

0.695312 0.528263
0.699219 0.52905

0.699219 0.500934
0.703125 0.501705

0.699219 0.527344
0.699219 0.527344

0.699219 0.529317
0.703125 0.530327

0.703125 0.50222
0.707031 0.503198

0.703125 0.515625
0.707031 0.515625

0.707031 0.515625
0.707031 0.515625

0.703125 0.530086
0.706971 0.53125

0.707031 0.53125
0.707031 0.53125

0.707031 0.503212
0.709196 0.503906

0.710938 0.504472
0.709176 0.503906

0.707031 0.519531
0.710938 0.519531

0.707031 0.527344
0.707031 0.527344

0.707031 0.53121
0.707173 0.53125

0.710938 0.532316
0.707166 0.53125

0.710938 0.504496
0.714844 0.505631

0.710938 0.519531
0.714844 0.519531

0.710938 0.532242
0.714844 0.533527

0.714844 0.505572
0.71875 0.506651

0.71875 0.507813
0.71875 0.507812

0.714844 0.519531
0.714844 0.519531

0.714844 0.519531
0.714844 0.519531

0.714844 0.53125
0.714844 0.53125

0.714844 0.533605
0.71875 0.535069

0.71875 0.506727
0.72207 0.507812

0.722656 0.508048
0.721935 0.507812

0.722656 0.511719
0.722656 0.511719

0.71875 0.535057
0.719007 0.535156

0.722656 0.536569
0.718998 0.535156

0.722656 0.508052
0.726562 0.509232

0.722656 0.53667
0.726562 0.538342

0.726562 0.508762
0.730469 0.509941

0.730469 0.521484
0.730469 0.519531

0.726562 0.538258
0.728301 0.539062

0.730469 0.540061
0.728311 0.539062

0.730469 0.510348
0.734375 0.511702

0.734375 0.511742
0.734307 0.511719

0.730469 0.539988
0.734375 0.541944

0.734375 0.511739
0.738281 0.513142

0.734375 0.523438
0.738281 0.523438

0.734375 0.523438
0.738281 0.523438

0.734375 0.542007
0.736138 0.542969

0.738281 0.544135
0.736142 0.542969

0.738281 0.513088
0.742188 0.514577

0.742188 0.533203
0.742188 0.53125

0.738281 0.542969
0.738281 0.542969

0.738281 0.544158
0.742188 0.546396

0.742188 0.514582
0.744575 0.515625

0.746094 0.516244
0.744677 0.515625

0.742188 0.54636
0.74304 0.546875

0.746094 0.548736
0.743038 0.546875

0.746094 0.516236
0.75 0.518049

0.75 0.519531
0.75 0.519531

0.75 0.533203
0.75 0.53125

0.746094 0.535156
0.75 0.535156

0.746094 0.548742
0.749291 0.550781

0.75 0.551211
0.749318 0.550781

0.75 0.518091
0.75294 0.519531

0.753906 0.519986
0.752979 0.519531

0.75 0.551213
0.753906 0.553848

0.753906 0.520001
0.757812 0.522034

0.757812 0.535156
0.757812 0.535156

0.753906 0.550781
0.753906 0.550781

0.753906 0.553864
0.75509 0.554688

0.757812 0.556658
0.755071 0.554688

0.757812 0.522047
0.76035 0.523438

0.761719 0.524162
0.760398 0.523438

0.761719 0.535156
0.761719 0.535156

0.757812 0.554687
0.757813 0.554688

0.757812 0.556664
0.760347 0.558594

0.761719 0.559623
0.760361 0.558594

0.761719 0.524102
0.765625 0.526417

0.765625 0.53125
0.765625 0.53125

0.765625 0.544922
0.765625 0.542969

0.761719 0.554687
0.761719 0.554688

0.761719 0.559645
0.765268 0.5625

0.765625 0.562784
0.765277 0.5625

0.765625 0.52649
0.766962 0.527344

0.769531 0.528994
0.766972 0.527344

0.765625 0.546875
0.765625 0.546875

0.765625 0.558594
0.765625 0.558594

0.765625 0.562782
0.769531 0.566078

0.769531 0.528999
0.772683 0.53125

0.773438 0.531784
0.772694 0.53125

0.773438 0.546875
0.773437 0.546875

0.769531 0.5625
0.769531 0.5625

0.769531 0.566083
0.769904 0.566406

0.773438 0.569534
0.7699 0.566406

0.773438 0.531802
0.777344 0.534833

0.773438 0.546875
0.773438 0.546875

0.773438 0.546875
0.773438 0.546875

0.773438 0.569547
0.774282 0.570312

0.777344 0.573131
0.774274 0.570312

0.777344 0.534837
0.77774 0.535156

0.78125 0.538075
0.777734 0.535156

0.78125 0.554687
0.78125 0.554688

0.78125 0.554688
0.78125 0.554688

0.777344 0.573142
0.778488 0.574219

0.78125 0.576861
0.778485 0.574219

0.78125 0.538084
0.782382 0.539062

0.785156 0.541532
0.782367 0.539062

0.78125 0.554688
0.78125 0.554688

0.78125 0.576865
0.78253 0.578125

0.785156 0.580792
0.782527 0.578125

0.785156 0.541554
0.786682 0.542969

0.789062 0.545241
0.78667 0.542969

0.785156 0.580766
0.786372 0.582031

0.789062 0.584954
0.786373 0.582031

0.789062 0.545262
0.790708 0.546875

0.792969 0.549142
0.790695 0.546875

0.792969 0.572266
0.792969 0.570312

0.789062 0.578125
0.789063 0.578125

0.789062 0.58492
0.789978 0.585938

0.792969 0.589393
0.789974 0.585938

0.792969 0.549141
0.794596 0.550781

0.796875 0.553106
0.794587 0.550781

0.796875 0.564453
0.796875 0.5625

0.792969 0.589393
0.793348 0.589844

0.793358 0.589844
0.796534 0.59375

0.796875 0.594215
0.796516 0.59375

0.796875 0.553095
0.798438 0.554688

0.800781 0.557097
0.798432 0.554688

0.800781 0.572266
0.800781 0.570312

0.796875 0.594207
0.799515 0.597656

0.800781 0.599432
0.799493 0.597656

0.800781 0.557073
0.80226 0.558594

0.804688 0.561134
0.802258 0.558594

0.804688 0.587891
0.804688 0.585938

0.800781 0.599397
0.802355 0.601562

0.804688 0.604892
0.802343 0.601562

0.804688 0.561091
0.80602 0.5625

0.808594 0.565321
0.806026 0.5625

0.808594 0.576172
0.808594 0.574219

0.808594 0.587891
0.808594 0.585938

0.804688 0.601562
0.804688 0.601562

0.804688 0.604889
0.805084 0.605469

0.805077 0.605469
0.80772 0.609375

0.808594 0.610711
0.807729 0.609375

0.808594 0.565271
0.809609 0.566406

0.8125 0.569788
0.809607 0.566406

0.8125 0.570313
0.8125 0.570312

0.808594 0.585938
0.808594 0.585938

0.808594 0.61069
0.810276 0.613281

0.8125 0.616813
0.810258 0.613281

0.8125 0.886248
0.81209 0.886719

0.811861 0.886719
0.810015 0.890625

0.809904 0.890625
0.811297 0.894531

0.8125 0.895565
0.811618 0.894531

0.8125 0.569777
0.812944 0.570312

0.812952 0.570312
0.816079 0.574219

0.816406 0.574708
0.816032 0.574219

0.816406 0.582031
0.816406 0.582031

0.8125 0.6168
0.812739 0.617188

0.812738 0.617188
0.815166 0.621094

0.816406 0.623156
0.815176 0.621094

0.816406 0.882812
0.816406 0.882812

0.8125 0.886453
0.816402 0.882812

0.8125 0.895634
0.816235 0.898438

0.816406 0.574703
0.819033 0.578125

0.820312 0.579859
0.819011 0.578125

0.820312 0.582031
0.820312 0.582031

0.816406 0.621094
0.816406 0.621094

0.816406 0.62311
0.817533 0.625

0.817508 0.625
0.819738 0.628906

0.820312 0.629978
0.819717 0.628906

0.820312 0.880469
0.816772 0.882812

0.816406 0.882823
0.816422 0.882812

0.816406 0.894531
0.816406 0.894531

0.816406 0.898148
0.817654 0.898438

0.820312 0.898892
0.818352 0.898438

0.820312 0.57983
0.821987 0.582031

0.824219 0.584933
0.822 0.582031

0.824219 0.585938
0.824219 0.585938

0.820312 0.629951
0.821903 0.632812

0.821913 0.632812
0.824017 0.636719

0.824219 0.637093
0.82403 0.636719

0.824219 0.878344
0.823252 0.878906

0.820312 0.880588
0.823205 0.878906

0.820312 0.886719
0.820313 0.886719

0.820312 0.894531
0.820313 0.894531

0.820312 0.898437
0.820313 0.898438

0.820312 0.898809
0.824219 0.899012

0.824219 0.584892
0.825006 0.585938

0.825009 0.585938
0.827943 0.589844

0.828125 0.590059
0.82797 0.589844

0.828125 0.603516
0.828125 0.601562

0.824219 0.613281
0.828125 0.613281

0.824219 0.617188
0.828125 0.617188

0.828125 0.619141
0.828125 0.617188

0.824219 0.621094
0.828125 0.621094

0.824219 0.632812
0.824219 0.632812

0.824219 0.637082
0.826009 0.640625

0.825986 0.640625
0.827841 0.644531

0.828125 0.645154
0.827841 0.644531

0.824219 0.878415
0.828125 0.876001

0.824219 0.890625
0.824219 0.890625

0.828125 0.898437
0.828125 0.898438

0.824219 0.898942
0.828125 0.898883

0.828125 0.590051
0.83076 0.59375

0.832031 0.59572
0.830742 0.59375

0.832031 0.601563
0.832031 0.601562

0.828125 0.632812
0.828125 0.632812

0.828125 0.636719
0.828125 0.636719

0.828125 0.644531
0.828125 0.644531

0.828125 0.645146
0.829623 0.648438

0.829609 0.648438
0.83133 0.652344

0.832031 0.653922
0.831324 0.652344

0.832031 0.873203
0.82956 0.875

0.828125 0.876041
0.829623 0.875

0.828125 0.898831
0.832031 0.898754

0.832031 0.595669
0.83333 0.597656

0.833295 0.597656
0.835689 0.601562

0.835938 0.601985
0.835694 0.601562

0.835938 0.605469
0.835937 0.605469

0.835938 0.615234
0.835938 0.613281

0.832031 0.65402
0.833031 0.65625

0.832937 0.65625
0.834467 0.660156

0.834532 0.660156
0.835927 0.664062

0.835938 0.869726
0.834512 0.871094

0.832031 0.873232
0.83453 0.871094

0.832031 0.875
0.832031 0.875

0.835938 0.890625
0.835937 0.890625

0.835938 0.894531
0.835937 0.894531

0.835938 0.898437
0.835937 0.898438

0.832031 0.898811
0.835938 0.898705

0.835938 0.601979
0.837953 0.605469

0.839844 0.608968
0.837912 0.605469

0.839844 0.609375
0.839844 0.609375

0.839844 0.626953
0.839844 0.625

0.839844 0.636719
0.839844 0.636719

0.839844 0.636719
0.839844 0.636719

0.835938 0.652344
0.835938 0.652344

0.835938 0.660156
0.835938 0.660156

0.835938 0.663825
0.836022 0.664062

0.836022 0.664062
0.837494 0.667969

0.837467 0.667969
0.838886 0.671875

0.839844 0.674501
0.838897 0.671875

0.839844 0.865083
0.838252 0.867188

0.835938 0.869752
0.83825 0.867188

0.835938 0.878906
0.835938 0.878906

0.839844 0.894531
0.839844 0.894531

0.839844 0.898373
0.83923 0.898438

0.835938 0.898786
0.839235 0.898438

0.839844 0.608952
0.840077 0.609375

0.840076 0.609375
0.842197 0.613281

0.84375 0.616221
0.842196 0.613281

0.84375 0.621094
0.84375 0.621094

0.84375 0.625
0.84375 0.625

0.839844 0.636719
0.839844 0.636719

0.839844 0.636719
0.839844 0.636719

0.839844 0.671875
0.839844 0.671875

0.839844 0.674524
0.840297 0.675781

0.840272 0.675781
0.841575 0.679688

0.84159 0.679688
0.842817 0.683594

0.84375 0.686498
0.842832 0.683594

0.84375 0.859122
0.843601 0.859375

0.843604 0.859375
0.841102 0.863281

0.839844 0.865059
0.841131 0.863281

0.839844 0.871094
0.839844 0.871094

0.84375 0.894531
0.84375 0.894531

0.839844 0.898367
0.84375 0.897504

0.84375 0.616176
0.844285 0.617188

0.844281 0.617188
0.846253 0.621094

0.847656 0.624041
0.846244 0.621094

0.847656 0.628906
0.847656 0.628906

0.847656 0.644531
0.847656 0.644531

0.847656 0.648438
0.847656 0.648438

0.84375 0.664062
0.847656 0.664062

0.84375 0.667969
0.84375 0.667969

0.84375 0.675781
0.84375 0.675781

0.84375 0.679687
0.84375 0.679688

0.84375 0.686505
0.844064 0.6875

0.844054 0.6875
0.845211 0.691406

0.845221 0.691406
0.846303 0.695312

0.846292 0.695312
0.847382 0.699219

0.847656 0.700124
0.847386 0.699219

0.847656 0.852316
0.845879 0.855469

0.84375 0.859042
0.845865 0.855469

0.847656 0.875
0.847656 0.875

0.847656 0.875
0.847656 0.875

0.847656 0.894531
0.847656 0.894531

0.84375 0.897653
0.847656 0.896697

0.847656 0.624047
0.848113 0.625

0.848093 0.625
0.849929 0.628906

0.851562 0.632301
0.84989 0.628906

0.851562 0.632813
0.851562 0.632812

0.851562 0.636719
0.851562 0.636719

0.851562 0.644531
0.851562 0.644531

0.847656 0.664063
0.847656 0.664062

0.847656 0.695312
0.847656 0.695312

0.847656 0.700239
0.848519 0.703125

0.848403 0.703125
0.849356 0.707031

0.849428 0.707031
0.850274 0.710938

0.850378 0.710938
0.851349 0.714844

0.851562 0.715819
0.85131 0.714844

0.851562 0.844611
0.850136 0.847656

0.850094 0.847656
0.848059 0.851562

0.847656 0.852307
0.848076 0.851562

0.847656 0.855469
0.847656 0.855469

0.847656 0.875
0.851562 0.875

0.851562 0.875
0.851562 0.875

0.851562 0.894531
0.851562 0.894531

0.847656 0.896441
0.851562 0.895599

0.851562 0.632334
0.851798 0.632812

0.851803 0.632812
0.853918 0.636719

0.855469 0.639378
0.853933 0.636719

0.855469 0.640625
0.855469 0.640625

0.855469 0.644531
0.855469 0.644531

0.855469 0.648438
0.855469 0.648438

0.851562 0.664062
0.855469 0.664062

0.855469 0.673828
0.855469 0.671875

0.855469 0.681641
0.855469 0.679688

0.855469 0.693359
0.855469 0.691406

0.851562 0.714844
0.851563 0.714844

0.851562 0.715934
0.852291 0.71875

0.852207 0.71875
0.853094 0.722656

0.853209 0.722656
0.853927 0.726562

0.85392 0.726562
0.854719 0.730469

0.855469 0.733913
0.854779 0.730469

0.855469 0.833999
0.854875 0.835938

0.85488 0.835938
0.853542 0.839844

0.853522 0.839844
0.85194 0.84375

0.851562 0.844582
0.851952 0.84375

0.855469 0.859375
0.855469 0.859375

0.851562 0.875
0.851563 0.875

0.855469 0.886719
0.855469 0.886719

0.855469 0.890625
0.855469 0.890625

0.851562 0.895687
0.855469 0.894652

0.855469 0.63928
0.856246 0.640625

0.856277 0.640625
0.85847 0.644531

0.859375 0.646418
0.858513 0.644531

0.859375 0.648438
0.859375 0.648438

0.859375 0.673828
0.859375 0.671875

0.859375 0.681641
0.859375 0.679688

0.859375 0.693359
0.859375 0.691406

0.859375 0.710937
0.859375 0.710938

0.855469 0.714844
0.855469 0.714844

0.855469 0.722656
0.855469 0.722656

0.855469 0.734144
0.855515 0.734375

0.855509 0.734375
0.856259 0.738281

0.856057 0.738281
0.856829 0.742188

0.857239 0.742188
0.857619 0.746094

0.857398 0.746094
0.857455 0.75

0.857438 0.75
0.857649 0.753906

0.857665 0.753906
0.858032 0.757812

0.858055 0.757812
0.858499 0.761719

0.858518 0.761719
0.858951 0.765625

0.858952 0.765625
0.859333 0.769531

0.859375 0.770087
0.85932 0.769531

0.859375 0.814756
0.859172 0.816406

0.859142 0.816406
0.858523 0.820312

0.85852 0.820312
0.85783 0.824219

0.857846 0.824219
0.85706 0.828125

0.856976 0.828125
0.855976 0.832031

0.855469 0.833862
0.85603 0.832031

0.855469 0.835938
0.855469 0.835938

0.859375 0.855469
0.859375 0.855469

0.859375 0.871094
0.859375 0.871094

0.855469 0.878906
0.855469 0.878906

0.859375 0.893177
0.855944 0.894531

0.855469 0.894732
0.855978 0.894531

0.859375 0.646172
0.86041 0.648438

0.860386 0.648438
0.861499 0.652344

0.861609 0.652344
0.862488 0.65625

0.86219 0.65625
0.863216 0.660156

0.863281 0.660511
0.863178 0.660156

0.863281 0.671875
0.863281 0.671875

0.859375 0.683594
0.863281 0.683594

0.859375 0.707031
0.859375 0.707031

0.859375 0.714844
0.859375 0.714844

0.859375 0.722656
0.859375 0.722656

0.859375 0.75
0.859375 0.75

0.859375 0.770295
0.859687 0.773438

0.859619 0.773438
0.860093 0.777344

0.859902 0.777344
0.860567 0.78125

0.860229 0.78125
0.860691 0.785156

0.861334 0.785156
0.861403 0.789062

0.861391 0.789062
0.861383 0.792969

0.861372 0.792969
0.861335 0.796875

0.860145 0.796875
0.859992 0.800781

0.860723 0.800781
0.86018 0.804688

0.860406 0.804688
0.85978 0.808594

0.859959 0.808594
0.859554 0.8125

0.859375 0.814771
0.859655 0.8125

0.859375 0.816406
0.859375 0.816406

0.859375 0.824219
0.859375 0.824219

0.859375 0.828125
0.859375 0.828125

0.863281 0.839844
0.863281 0.839844

0.859375 0.855469
0.859375 0.855469

0.859375 0.855469
0.859375 0.855469

0.863281 0.871094
0.863281 0.871094

0.863281 0.871094
0.863281 0.871094

0.863281 0.890625
0.863281 0.890625

0.859375 0.893109
0.863281 0.891063

0.863281 0.660516
0.864308 0.664062

0.864357 0.664062
0.86557 0.667969

0.86559 0.667969
0.866844 0.671875

0.867188 0.672939
0.866847 0.671875

0.867188 0.675781
0.867187 0.675781

0.867188 0.679688
0.867187 0.679688

0.867188 0.693359
0.867188 0.691406

0.867188 0.732422
0.867188 0.730469

0.863281 0.746094
0.867188 0.746094

0.863281 0.746094
0.863281 0.746094

0.863281 0.753906
0.863281 0.753906

0.863281 0.753906
0.867188 0.753906

0.863281 0.757812
0.867188 0.757812

0.863281 0.789063
0.863281 0.789062

0.863281 0.792969
0.863281 0.792969

0.863281 0.800781
0.863281 0.800781

0.863281 0.816406
0.863281 0.816406

0.867188 0.824219
0.867187 0.824219

0.863281 0.841797
0.863281 0.839844

0.863281 0.855469
0.863281 0.855469

0.863281 0.871094
0.863281 0.871094

0.863281 0.871094
0.863281 0.871094

0.867188 0.886719
0.867187 0.886719

0.867188 0.888676
0.863953 0.890625

0.863281 0.891053
0.864004 0.890625

0.867188 0.672942
0.868097 0.675781

0.86807 0.675781
0.869276 0.679688

0.869253 0.679688
0.870654 0.683594

0.871094 0.684583
0.870682 0.683594

0.871094 0.6875
0.871094 0.6875

0.871094 0.705078
0.871094 0.703125

0.871094 0.724609
0.871094 0.722656

0.871094 0.734375
0.871094 0.734375

0.871094 0.734375
0.871094 0.734375

0.871094 0.765625
0.871094 0.765625

0.871094 0.765625
0.871094 0.765625

0.871094 0.785156
0.871094 0.785156

0.867188 0.789062
0.867188 0.789062

0.867188 0.792969
0.867188 0.792969

0.867188 0.792969
0.867188 0.792969

0.867188 0.804688
0.871094 0.804688

0.867188 0.808594
0.871094 0.808594

0.867188 0.8125
0.871094 0.8125

0.867188 0.824219
0.867188 0.824219

0.867188 0.839844
0.867188 0.839844

0.871094 0.851562
0.871094 0.851562

0.871094 0.851563
0.871094 0.851562

0.871094 0.871094
0.871094 0.871094

0.871094 0.882812
0.871094 0.882812

0.871094 0.88608
0.870122 0.886719

0.867188 0.888677
0.870144 0.886719

0.871094 0.684649
0.872281 0.6875

0.872485 0.6875
0.874182 0.691406

0.875 0.693838
0.874077 0.691406

0.875 0.695313
0.875 0.695312

0.875 0.699219
0.875 0.699219

0.875 0.703125
0.875 0.703125

0.875 0.714844
0.875 0.714844

0.875 0.71875
0.875 0.71875

0.871094 0.722656
0.871094 0.722656

0.875 0.734375
0.875 0.734375

0.875 0.734375
0.875 0.734375

0.875 0.755859
0.875 0.753906

0.871094 0.769531
0.871094 0.769531

0.871094 0.769531
0.871094 0.769531

0.871094 0.785156
0.871094 0.785156

0.875 0.800781
0.875 0.800781

0.871094 0.816406
0.871094 0.816406

0.875 0.851562
0.875 0.851562

0.875 0.871094
0.875 0.871094

0.875 0.875
0.875 0.875

0.875 0.878906
0.875 0.878906

0.871094 0.886149
0.875 0.883218

0.875 0.693515
0.875682 0.695312

0.875652 0.695312
0.876553 0.699219

0.876477 0.699219
0.876865 0.703125

0.87666 0.703125
0.877097 0.707031

0.877449 0.707031
0.87823 0.710938

0.877984 0.710938
0.878894 0.714844

0.878906 0.714853
0.878904 0.714844

0.878906 0.71875
0.878906 0.71875

0.878906 0.726563
0.878906 0.726562

0.878906 0.730469
0.878906 0.730469

0.878906 0.755859
0.878906 0.753906

0.875 0.769531
0.875 0.769531

0.878906 0.777344
0.878906 0.777344

0.875 0.796875
0.878906 0.796875

0.875 0.800781
0.878906 0.800781

0.875 0.800781
0.875 0.800781

0.878906 0.818359
0.878906 0.816406

0.878906 0.826172
0.878906 0.824219

0.878906 0.835937
0.878906 0.835938

0.878906 0.835938
0.878906 0.835938

0.875 0.851563
0.875 0.851562

0.878906 0.871094
0.878906 0.871094

0.878906 0.879627
0.875663 0.882812

0.875 0.883241
0.875515 0.882812

0.878906 0.714848
0.879825 0.71875

0.879895 0.71875
0.880661 0.722656

0.880929 0.722656
0.881855 0.726562

0.88161 0.726562
0.88267 0.730469

0.882812 0.731611
0.882529 0.730469

0.882812 0.742188
0.882812 0.742188

0.882812 0.753906
0.882812 0.753906

0.882812 0.761719
0.882812 0.761719

0.882812 0.777344
0.882812 0.777344

0.878906 0.800781
0.878906 0.800781

0.882812 0.826172
0.882812 0.824219

0.878906 0.835937
0.878906 0.835938

0.878906 0.835938
0.878906 0.835938

0.878906 0.851562
0.878906 0.851562

0.882812 0.874039
0.882339 0.875

0.882306 0.875
0.879514 0.878906

0.878906 0.879612
0.87951 0.878906

0.882812 0.731588
0.883504 0.734375

0.883618 0.734375
0.884522 0.738281

0.884735 0.738281
0.885775 0.742188

0.886719 0.746024
0.88556 0.742188

0.886719 0.746185
0.886696 0.746094

0.886719 0.75
0.886719 0.75

0.886719 0.761719
0.886719 0.761719

0.886719 0.769531
0.886719 0.769531

0.886719 0.773438
0.886719 0.773438

0.886719 0.777344
0.886719 0.777344

0.886719 0.792969
0.886719 0.792969

0.886719 0.804687
0.886719 0.804688

0.886719 0.804688
0.886719 0.804688

0.882812 0.828125
0.882813 0.828125

0.882812 0.828125
0.882813 0.828125

0.886719 0.851562
0.886719 0.851562

0.886719 0.862123
0.886464 0.863281

0.886504 0.863281
0.885431 0.867188

0.885397 0.867188
0.884036 0.871094

0.882812 0.873818
0.884156 0.871094

0.886719 0.746094
0.886719 0.746094

0.886719 0.746148
0.887666 0.75

0.887701 0.75
0.888442 0.753906

0.888387 0.753906
0.888951 0.757812

0.889297 0.757812
0.889916 0.761719

0.890147 0.761719
0.890306 0.765625

0.890464 0.765625
0.890476 0.769531

0.889975 0.769531
0.890279 0.773438

0.890111 0.773438
0.890377 0.777344

0.890625 0.781072
0.890284 0.777344

0.890625 0.78125
0.890625 0.78125

0.890625 0.785156
0.890625 0.785156

0.890625 0.789063
0.890625 0.789062

0.890625 0.792969
0.890625 0.792969

0.890625 0.796875
0.890625 0.796875

0.890625 0.800781
0.890625 0.800781

0.890625 0.804688
0.890625 0.804688

0.890625 0.8125
0.890625 0.8125

0.890625 0.816406
0.890625 0.816406

0.890625 0.832031
0.890625 0.832031

0.890625 0.84375
0.890625 0.84375

0.890625 0.844908
0.889889 0.847656

0.889944 0.847656
0.888947 0.851562

0.888786 0.851562
0.888012 0.855469

0.888049 0.855469
0.88728 0.859375

0.886719 0.861904
0.887275 0.859375

0.890625 0.780956
0.890652 0.78125

0.890656 0.78125
0.891031 0.785156

0.891057 0.785156
0.891371 0.789062

0.89137 0.789062
0.891573 0.792969

0.891548 0.792969
0.891689 0.796875

0.891677 0.796875
0.891831 0.800781

0.891837 0.800781
0.892014 0.804688

0.892015 0.804688
0.892202 0.808594

0.892212 0.808594
0.89239 0.8125

0.892415 0.8125
0.892515 0.816406

0.892491 0.816406
0.892511 0.820312

0.892473 0.820312
0.892536 0.824219

0.894512 0.824219
0.894512 0.828125

0.892526 0.828125
0.892483 0.832031

0.892637 0.832031
0.892446 0.835938

0.892431 0.835938
0.891813 0.839844

0.891738 0.839844
0.890873 0.84375

0.890625 0.84462
0.890858 0.84375

