0.460938 0.600677
0.460879 0.601562

0.460885 0.601562
0.460816 0.605469

0.460857 0.605469
0.460858 0.609375

0.460849 0.609375
0.460856 0.613281

0.460861 0.613281
0.460867 0.617188

0.460938 0.620505
0.460762 0.617188

0.464844 0.577771
0.464744 0.578125

0.464782 0.578125
0.463799 0.582031

0.463716 0.582031
0.462928 0.585938

0.462478 0.585938
0.46181 0.589844

0.462127 0.589844
0.461453 0.59375

0.461586 0.59375
0.461096 0.597656

0.460938 0.600656
0.461136 0.597656

0.460942 0.605469
0.460943 0.609375

0.460938 0.612409
0.460939 0.613281

0.460947 0.613281
0.460954 0.617188

0.460938 0.620471
0.46097 0.621094

0.461056 0.621094
0.461506 0.625

0.461339 0.625
0.461627 0.628906

0.4614 0.628906
0.461781 0.632812

0.461729 0.632812
0.462621 0.636719

0.463176 0.636719
0.464133 0.640625

0.464206 0.640625
0.464673 0.644531

0.464443 0.644531
0.464736 0.648438

0.464844 0.649371
0.464661 0.648438

0.46875 0.563083
0.46788 0.566406

0.467853 0.566406
0.466899 0.570312

0.466696 0.570312
0.465652 0.574219

0.464844 0.577749
0.465836 0.574219

0.464844 0.582031
0.464844 0.582031

0.464844 0.585938
0.464844 0.585938

0.464844 0.601563
0.464844 0.601562

0.464844 0.625
0.464844 0.625

0.464844 0.636719
0.464844 0.636719

0.464844 0.649489
0.465403 0.652344

0.465446 0.652344
0.466422 0.65625

0.46645 0.65625
0.467508 0.660156

0.46875 0.66357
0.467543 0.660156

0.472656 0.548655
0.47197 0.550781

0.471978 0.550781
0.470894 0.554688

0.470584 0.554688
0.469577 0.558594

0.469917 0.558594
0.468904 0.5625

0.46875 0.563153
0.468921 0.5625

0.46875 0.578125
0.46875 0.578125

0.46875 0.589844
0.46875 0.589844

0.46875 0.59375
0.472656 0.59375

0.46875 0.597656
0.472656 0.597656

0.472656 0.601562
0.472656 0.601562

0.472656 0.601563
0.472656 0.601562

0.472656 0.621094
0.472656 0.621094

0.46875 0.625
0.46875 0.625

0.472656 0.634766
0.472656 0.632812

0.472656 0.642578
0.472656 0.640625

0.46875 0.663535
0.468937 0.664062

0.469084 0.664062
0.470308 0.667969

0.469715 0.667969
0.470625 0.671875

0.47074 0.671875
0.472374 0.675781

0.472656 0.67623
0.472391 0.675781

0.476562 0.537954
0.476105 0.539062

0.476064 0.539062
0.474593 0.542969

0.474545 0.542969
0.473175 0.546875

0.472656 0.548571
0.473204 0.546875

0.472656 0.550781
0.472656 0.550781

0.472656 0.554688
0.472656 0.554688

0.472656 0.558594
0.472656 0.558594

0.472656 0.5625
0.472656 0.5625

0.472656 0.566406
0.472656 0.566406

0.476562 0.570313
0.476562 0.570312

0.476562 0.585938
0.476562 0.585938

0.472656 0.597656
0.472656 0.597656

0.472656 0.601563
0.472656 0.601562

0.472656 0.605469
0.472656 0.609375

0.472656 0.609375
0.476562 0.609375

0.472656 0.617187
0.472656 0.617188

0.472656 0.621094
0.472656 0.621094

0.472656 0.621094
0.472656 0.621094

0.476562 0.636719
0.476562 0.636719

0.476562 0.640625
0.476562 0.640625

0.476562 0.650391
0.476562 0.648438

0.472656 0.675462
0.47279 0.675781

0.472797 0.675781
0.475128 0.679688

0.476562 0.682204
0.475133 0.679688

0.480469 0.529121
0.479421 0.53125

0.479419 0.53125
0.477683 0.535156

0.476562 0.537922
0.477703 0.535156

0.476562 0.539063
0.476563 0.539062

0.476562 0.554688
0.476563 0.554688

0.476562 0.566406
0.476562 0.570312

0.476562 0.570313
0.476563 0.570312

0.476562 0.585938
0.480469 0.585938

0.476562 0.585938
0.476563 0.585938

0.476562 0.589844
0.476563 0.589844

0.480469 0.599609
0.480469 0.597656

0.476562 0.619141
0.476562 0.617188

0.480469 0.625
0.480469 0.625

0.480469 0.628906
0.480469 0.628906

0.480469 0.628906
0.480469 0.628906

0.480469 0.636719
0.480469 0.636719

0.476562 0.640625
0.476563 0.640625

0.480469 0.650391
0.480469 0.648438

0.480469 0.660156
0.480469 0.660156

0.480469 0.660156
0.480469 0.660156

0.476562 0.671875
0.476563 0.671875

0.476562 0.682295
0.477298 0.683594

0.477173 0.683594
0.479442 0.6875

0.480469 0.689064
0.479474 0.6875

0.484375 0.521943
0.48347 0.523438

0.483339 0.523438
0.481203 0.527344

0.480469 0.52908
0.481324 0.527344

0.480469 0.53125
0.480469 0.53125

0.480469 0.535156
0.480469 0.535156

0.480469 0.570312
0.480469 0.570312

0.484375 0.613281
0.484375 0.613281

0.484375 0.617187
0.484375 0.617188

0.484375 0.625
0.484375 0.625

0.484375 0.628906
0.484375 0.628906

0.484375 0.632813
0.484375 0.632812

0.484375 0.65625
0.484375 0.65625

0.480469 0.660156
0.484375 0.660156

0.484375 0.669922
0.484375 0.667969

0.480469 0.688948
0.482039 0.691406

0.484375 0.694848
0.48207 0.691406

0.488281 0.51588
0.485817 0.519531

0.484375 0.521921
0.485824 0.519531

0.484375 0.527344
0.484375 0.527344

0.484375 0.535156
0.484375 0.535156

0.484375 0.558594
0.488281 0.558594

0.484375 0.558594
0.488281 0.558594

0.484375 0.570312
0.484375 0.570312

0.484375 0.570312
0.488281 0.570312

0.488281 0.582031
0.488281 0.582031

0.488281 0.613281
0.488281 0.613281

0.488281 0.617187
0.488281 0.617188

0.488281 0.621094
0.488281 0.621094

0.488281 0.621094
0.488281 0.621094

0.488281 0.625
0.488281 0.625

0.488281 0.628906
0.488281 0.628906

0.488281 0.632813
0.488281 0.632812

0.488281 0.636719
0.488281 0.636719

0.488281 0.640625
0.488281 0.640625

0.488281 0.644531
0.488281 0.644531

0.488281 0.648438
0.488281 0.648438

0.488281 0.652344
0.488281 0.652344

0.484375 0.660156
0.484375 0.660156

0.484375 0.671875
0.484375 0.671875

0.484375 0.671875
0.484375 0.671875

0.484375 0.675781
0.488281 0.675781

0.484375 0.69482
0.484697 0.695312

0.484735 0.695312
0.487203 0.699219

0.488281 0.70108
0.48725 0.699219

0.492188 0.510703
0.491391 0.511719

0.491368 0.511719
0.488457 0.515625

0.488281 0.515862
0.488443 0.515625

0.492188 0.535156
0.492187 0.535156

0.488281 0.535156
0.488281 0.535156

0.492188 0.548828
0.492188 0.546875

0.492188 0.566406
0.492187 0.566406

0.492188 0.578125
0.492187 0.578125

0.492188 0.582031
0.492187 0.582031

0.492188 0.585937
0.492187 0.585938

0.492188 0.590024
0.49143 0.59375

0.49163 0.59375
0.490839 0.597656

0.491276 0.597656
0.490729 0.601562

0.490103 0.601562
0.489783 0.605469

0.48976 0.605469
0.48945 0.609375

0.489449 0.609375
0.489198 0.613281

0.489189 0.613281
0.489018 0.617188

0.489006 0.617188
0.488959 0.621094

0.488955 0.621094
0.489064 0.625

0.489077 0.625
0.489323 0.628906

0.489343 0.628906
0.489658 0.632812

0.489618 0.632812
0.490045 0.636719

0.490598 0.636719
0.491287 0.640625

0.491029 0.640625
0.491714 0.644531

0.4915 0.644531
0.492009 0.648438

0.492188 0.650002
0.491942 0.648438

0.492188 0.652344
0.492187 0.652344

0.492188 0.681641
0.492188 0.679688

0.488281 0.701138
0.489382 0.703125

0.489269 0.703125
0.49138 0.707031

0.492188 0.708459
0.49129 0.707031

0.496094 0.506
0.494576 0.507812

0.492188 0.510719
0.494535 0.507812

0.492188 0.515625
0.492188 0.515625

0.492188 0.519531
0.492188 0.519531

0.496094 0.535156
0.496094 0.535156

0.496094 0.535156
0.496094 0.535156

0.492188 0.548828
0.492188 0.546875

0.492188 0.550781
0.492188 0.550781

0.492188 0.554688
0.496094 0.554688

0.496094 0.566406
0.496094 0.566406

0.496094 0.570312
0.496094 0.570312

0.496094 0.574219
0.496094 0.574219

0.496094 0.575663
0.495281 0.578125

0.495454 0.578125
0.49428 0.582031

0.494088 0.582031
0.493055 0.585938

0.493063 0.585938
0.492191 0.589844

0.492188 0.589891
0.492197 0.589844

0.492188 0.650251
0.492515 0.652344

0.49253 0.652344
0.493365 0.65625

0.493281 0.65625
0.494512 0.660156

0.494766 0.660156
0.49605 0.664062

0.496094 0.664193
0.496059 0.664062

0.496094 0.675781
0.496094 0.675781

0.496094 0.679688
0.496094 0.679688

0.492188 0.683594
0.492188 0.683594

0.492188 0.699219
0.492188 0.699219

0.492188 0.707031
0.492188 0.707031

0.492188 0.708444
0.493803 0.710938

0.496094 0.713809
0.493761 0.710938

0.5 0.501515
0.49793 0.503906

0.496094 0.506026
0.497888 0.503906

0.5 0.53125
0.5 0.53125

0.5 0.535156
0.5 0.535156

0.5 0.535156
0.5 0.535156

0.5 0.539063
0.5 0.539062

0.496094 0.550781
0.496094 0.550781

0.5 0.5625
0.5 0.5625

0.5 0.565434
0.499575 0.566406

0.499623 0.566406
0.498041 0.570312

0.497988 0.570312
0.496554 0.574219

0.496094 0.575614
0.496554 0.574219

0.496094 0.664646
0.496968 0.667969

0.496847 0.667969
0.498076 0.671875

0.498164 0.671875
0.499728 0.675781

0.5 0.67644
0.499752 0.675781

0.496094 0.699219
0.496094 0.699219

0.496094 0.699219
0.496094 0.699219

0.496094 0.713682
0.497097 0.714844

0.5 0.718048
0.49728 0.714844

0.503906 0.497191
0.501349 0.5

0.5 0.501529
0.501351 0.5

0.5 0.503906
0.5 0.503906

0.5 0.507813
0.5 0.507812

0.503906 0.527344
0.503906 0.527344

0.5 0.535156
0.5 0.535156

0.503906 0.557145
0.503153 0.558594

0.503248 0.558594
0.501381 0.5625

0.5 0.565453
0.501289 0.5625

0.5 0.676129
0.501341 0.679688

0.501133 0.679688
0.5026 0.683594

0.503906 0.686411
0.502673 0.683594

0.503906 0.6875
0.503906 0.6875

0.503906 0.691406
0.503906 0.691406

0.5 0.714844
0.5 0.714844

0.5 0.717993
0.500613 0.71875

0.500648 0.71875
0.503389 0.722656

0.503906 0.723552
0.503385 0.722656

0.507812 0.493194
0.504928 0.496094

0.503906 0.497189
0.504941 0.496094

0.503906 0.5
0.503906 0.5

0.503906 0.503906
0.503906 0.503906

0.507812 0.525391
0.507812 0.523438

0.503906 0.535156
0.503906 0.535156

0.503906 0.535156
0.503906 0.535156

0.507812 0.542969
0.507812 0.542969

0.507812 0.546875
0.507812 0.546875

0.507812 0.549954
0.507331 0.550781

0.507378 0.550781
0.505227 0.554688

0.503906 0.557145
0.505183 0.554688

0.503906 0.686437
0.504372 0.6875

0.504337 0.6875
0.506238 0.691406

0.507812 0.694298
0.506284 0.691406

0.507812 0.699219
0.507812 0.699219

0.503906 0.722656
0.503906 0.722656

0.503906 0.723778
0.505527 0.726562

0.507812 0.730357
0.505247 0.726562

0.511719 0.489582
0.508885 0.492188

0.507812 0.493209
0.508883 0.492188

0.511719 0.513672
0.511719 0.511719

0.507812 0.525391
0.507812 0.523438

0.511719 0.543454
0.509626 0.546875

0.507812 0.549955
0.50961 0.546875

0.507812 0.694217
0.508392 0.695312

0.508355 0.695312
0.51048 0.699219

0.511719 0.701428
0.510457 0.699219

0.507812 0.71875
0.511719 0.71875

0.507812 0.726562
0.507813 0.726562

0.507812 0.730362
0.50789 0.730469

0.507812 0.730512
0.511641 0.734375

0.511719 0.734441
0.511638 0.734375

0.515625 0.486084
0.513169 0.488281

0.511719 0.489601
0.513182 0.488281

0.511719 0.496094
0.511719 0.496094

0.511719 0.5
0.515625 0.5

0.515625 0.503906
0.515625 0.503906

0.515625 0.513672
0.515625 0.511719

0.511719 0.525391
0.511719 0.523438

0.515625 0.537403
0.514501 0.539062

0.514502 0.539062
0.512 0.542969

0.511719 0.543439
0.512003 0.542969

0.511719 0.701406
0.512701 0.703125

0.512711 0.703125
0.515146 0.707031

0.515625 0.707785
0.515132 0.707031

0.511719 0.726562
0.511719 0.726562

0.511719 0.730469
0.511719 0.730469

0.511719 0.734375
0.511719 0.734375

0.515625 0.737093
0.511847 0.734375

0.519531 0.48254
0.51745 0.484375

0.515625 0.48606
0.51751 0.484375

0.515625 0.492188
0.515625 0.492188

0.519531 0.501953
0.519531 0.5

0.515625 0.511719
0.515625 0.511719

0.515625 0.511719
0.515625 0.511719

0.519531 0.527344
0.519531 0.527344

0.519531 0.531919
0.517141 0.535156

0.515625 0.537394
0.517151 0.535156

0.515625 0.707782
0.517784 0.710938

0.519531 0.713322
0.517782 0.710938

0.515625 0.734375
0.515625 0.734375

0.515625 0.736962
0.517859 0.738281

0.519531 0.739239
0.51791 0.738281

0.523438 0.479207
0.521899 0.480469

0.519531 0.482513
0.521958 0.480469

0.523438 0.501953
0.523438 0.5

0.523438 0.503906
0.523437 0.503906

0.523438 0.527038
0.523177 0.527344

0.523182 0.527344
0.520021 0.53125

0.519531 0.531883
0.520003 0.53125

0.519531 0.713274
0.520676 0.714844

0.523438 0.718374
0.520656 0.714844

0.519531 0.738281
0.519531 0.738281

0.519531 0.739327
0.523438 0.741499

0.527344 0.476215
0.526892 0.476562

0.523438 0.479228
0.526804 0.476562

0.527344 0.490234
0.527344 0.488281

0.523438 0.5
0.523438 0.5

0.523438 0.5
0.523438 0.5

0.527344 0.515625
0.527344 0.515625

0.527344 0.519531
0.527344 0.519531

0.527344 0.522694
0.526651 0.523438

0.523438 0.527042
0.526633 0.523438

0.523438 0.718369
0.523743 0.71875

0.523728 0.71875
0.52704 0.722656

0.527344 0.722992
0.527048 0.722656

0.523438 0.741405
0.524896 0.742188

0.527344 0.743491
0.524915 0.742188

0.527344 0.476214
0.53125 0.473125

0.527344 0.476563
0.527344 0.476562

0.53125 0.492188
0.53125 0.492188

0.53125 0.511719
0.53125 0.511719

0.53125 0.515625
0.53125 0.515625

0.53125 0.51869
0.530402 0.519531

0.527344 0.522703
0.530394 0.519531

0.527344 0.72299
0.530599 0.726562

0.53125 0.727247
0.530601 0.726562

0.527344 0.743516
0.53125 0.745595

0.535156 0.469948
0.53176 0.472656

0.53125 0.473119
0.531828 0.472656

0.53125 0.476563
0.53125 0.476562

0.535156 0.488281
0.535156 0.488281

0.535156 0.492187
0.535156 0.492188

0.535156 0.492188
0.535156 0.492188

0.535156 0.496094
0.535156 0.496094

0.535156 0.514989
0.534464 0.515625

0.53125 0.518689
0.534483 0.515625

0.53125 0.727234
0.534415 0.730469

0.535156 0.731195
0.534416 0.730469

0.53125 0.742187
0.53125 0.742188

0.53125 0.745514
0.532268 0.746094

0.535156 0.747711
0.532323 0.746094

0.539062 0.467077
0.5365 0.46875

0.535156 0.469858
0.536842 0.46875

0.535156 0.472656
0.535156 0.472656

0.535156 0.480469
0.535156 0.480469

0.535156 0.492187
0.535156 0.492188

0.535156 0.492188
0.535156 0.492188

0.535156 0.496094
0.535156 0.496094

0.539062 0.511571
0.538889 0.511719

0.535156 0.51499
0.538872 0.511719

0.535156 0.731207
0.538544 0.734375

0.539062 0.734846
0.538541 0.734375

0.535156 0.747637
0.538658 0.75

0.539062 0.750286
0.538651 0.75

0.539062 0.467186
0.542969 0.465398

0.539062 0.46875
0.539063 0.46875

0.539062 0.488281
0.539063 0.488281

0.539062 0.492187
0.539063 0.492188

0.539062 0.492188
0.539063 0.492188

0.539062 0.511574
0.542969 0.508352

0.539062 0.734854
0.542969 0.738215

0.542969 0.738281
0.542969 0.738281

0.539062 0.750285
0.542969 0.753469

0.546875 0.464135
0.545193 0.464844

0.542969 0.465599
0.544762 0.464844

0.542969 0.472656
0.542969 0.472656

0.546875 0.490234
0.546875 0.488281

0.542969 0.492188
0.546875 0.492188

0.546875 0.505295
0.543657 0.507812

0.542969 0.508376
0.543684 0.507812

0.542969 0.738216
0.543049 0.738281

0.546875 0.741306
0.543065 0.738281

0.546875 0.742188
0.546875 0.742188

0.542969 0.753475
0.543455 0.753906

0.546875 0.757084
0.54332 0.753906

0.546875 0.4642
0.550781 0.461971

0.546875 0.464844
0.546875 0.464844

0.546875 0.474609
0.546875 0.472656

0.546875 0.484375
0.550781 0.484375

0.546875 0.484375
0.550781 0.484375

0.550781 0.496094
0.550781 0.496094

0.550781 0.5
0.550781 0.5

0.550781 0.502404
0.548712 0.503906

0.546875 0.505298
0.548777 0.503906

0.546875 0.741333
0.548049 0.742188

0.550781 0.744155
0.548091 0.742188

0.550781 0.746094
0.550781 0.746094

0.546875 0.757122
0.547651 0.757812

0.550781 0.760505
0.547545 0.757812

0.554688 0.458931
0.551957 0.460938

0.550781 0.461902
0.552159 0.460938

0.554688 0.474609
0.554688 0.472656

0.550781 0.484375
0.550781 0.484375

0.554688 0.499812
0.554389 0.5

0.550781 0.502405
0.554386 0.5

0.550781 0.744164
0.55366 0.746094

0.554688 0.746764
0.553662 0.746094

0.550781 0.757812
0.550781 0.757812

0.550781 0.760662
0.55246 0.761719

0.554688 0.763041
0.552555 0.761719

0.558594 0.455871
0.55676 0.457031

0.554688 0.458761
0.55733 0.457031

0.554688 0.460938
0.554688 0.460938

0.554688 0.464844
0.554688 0.464844

0.554688 0.499817
0.558594 0.497468

0.554688 0.746699
0.558594 0.749096

0.554688 0.763231
0.558594 0.764779

0.558594 0.455968
0.5625 0.454619

0.558594 0.457031
0.558594 0.457031

0.558594 0.46875
0.558594 0.46875

0.5625 0.480469
0.5625 0.480469

0.5625 0.495313
0.561144 0.496094

0.558594 0.497512
0.561057 0.496094

0.558594 0.749093
0.560114 0.75

0.5625 0.751433
0.5601 0.75

0.558594 0.764386
0.5625 0.765522

0.5625 0.454725
0.566406 0.453884

0.5625 0.46875
0.566406 0.46875

0.5625 0.480469
0.5625 0.480469

0.5625 0.49524
0.566406 0.493038

0.5625 0.751259
0.566247 0.753906

0.566406 0.754026
0.566246 0.753906

0.5625 0.765603
0.562695 0.765625

0.5625 0.765826
0.566406 0.766267

0.566406 0.454189
0.569983 0.453125

0.566406 0.457031
0.566406 0.457031

0.570312 0.466797
0.570312 0.464844

0.570312 0.49095
0.567974 0.492188

0.566406 0.493063
0.568059 0.492188

0.566572 0.753906
0.570301 0.757812

0.570312 0.757844
0.570303 0.757812

0.570312 0.764438
0.568929 0.765625

0.566406 0.766846
0.569061 0.765625

0.574219 0.451462
0.570448 0.453125

0.570312 0.453171
0.570419 0.453125

0.570312 0.457031
0.570313 0.457031

0.574219 0.460938
0.574219 0.460938

0.574219 0.474609
0.574219 0.472656

0.574219 0.488281
0.574219 0.488281

0.570312 0.490888
0.574219 0.48912

0.570626 0.757812
0.571826 0.761719

0.570312 0.764908
0.572111 0.761719

0.578125 0.448791
0.577321 0.449219

0.574219 0.451251
0.578034 0.449219

0.574219 0.457031
0.574219 0.457031

0.574219 0.476563
0.574219 0.476562

0.578125 0.487745
0.576681 0.488281

0.574219 0.489189
0.576663 0.488281

0.578125 0.44883
0.582031 0.447495

0.578125 0.460938
0.578125 0.460938

0.582031 0.476563
0.582031 0.476562

0.578125 0.487812
0.582031 0.486567

0.582031 0.447722
0.585938 0.447272

0.582031 0.460938
0.585938 0.460938

0.582031 0.464844
0.582031 0.464844

0.585938 0.46875
0.585937 0.46875

0.585938 0.472656
0.585937 0.472656

0.582031 0.472656
0.585938 0.472656

0.585938 0.484375
0.585937 0.484375

0.582031 0.4866
0.585938 0.485352

0.585938 0.446081
0.589844 0.445929

0.585938 0.449219
0.585938 0.449219

0.589844 0.460937
0.589844 0.460938

0.585938 0.464844
0.585938 0.464844

0.585938 0.46875
0.585938 0.46875

0.589844 0.483785
0.588309 0.484375

0.585938 0.485395
0.588589 0.484375

0.589844 0.446944
0.59375 0.446237

0.589844 0.449219
0.589844 0.449219

0.59375 0.453125
0.59375 0.453125

0.589844 0.457031
0.589844 0.457031

0.589844 0.460938
0.589844 0.460938

0.589844 0.483791
0.59375 0.482395

0.59375 0.446342
0.597656 0.44535

0.59375 0.449219
0.59375 0.449219

0.597656 0.480469
0.597656 0.480469

0.59375 0.482274
0.597656 0.481351

0.601562 0.445014
0.598877 0.445312

0.597656 0.445347
0.59797 0.445312

0.601562 0.458984
0.601562 0.457031

0.601562 0.460938
0.601562 0.460938

0.597656 0.472656
0.601562 0.472656

0.597656 0.472656
0.601562 0.472656

0.601562 0.480469
0.601562 0.480469

0.597656 0.481422
0.601562 0.48083

0.601562 0.445107
0.605469 0.444851

0.601562 0.449219
0.601563 0.449219

0.601562 0.453125
0.605469 0.453125

0.601562 0.457031
0.601563 0.457031

0.601562 0.480828
0.605063 0.480469

0.605469 0.44486
0.609375 0.444539

0.605469 0.445313
0.605469 0.445312

0.609375 0.464844
0.609375 0.464844

0.609375 0.464844
0.609375 0.464844

0.609375 0.46875
0.609375 0.46875

0.609375 0.480161
0.605734 0.480469

0.605469 0.480479
0.605595 0.480469

0.609375 0.444514
0.613281 0.44416

0.613281 0.455078
0.613281 0.453125

0.613281 0.464844
0.613281 0.464844

0.613281 0.464844
0.613281 0.464844

0.613281 0.476562
0.613281 0.476562

0.609375 0.48026
0.613281 0.479764

0.613281 0.44415
0.617188 0.443834

0.613281 0.464844
0.613281 0.464844

0.617188 0.46875
0.617187 0.46875

0.617188 0.476562
0.617187 0.476562

0.613281 0.479919
0.617188 0.479126

0.617188 0.443828
0.621094 0.443583

0.621094 0.455078
0.621094 0.453125

0.621094 0.472656
0.621094 0.472656

0.621094 0.476562
0.621094 0.476562

0.617188 0.478712
0.621094 0.478051

0.621094 0.443574
0.625 0.443432

0.625 0.453125
0.625 0.453125

0.625 0.453125
0.625 0.453125

0.621094 0.472656
0.621094 0.472656

0.625 0.476562
0.625 0.476562

0.621094 0.478134
0.625 0.477888

0.625 0.443437
0.628906 0.443407

0.625 0.453125
0.625 0.453125

0.625 0.453125
0.625 0.453125

0.625 0.46875
0.625 0.46875

0.628906 0.476562
0.628906 0.476562

0.625 0.477916
0.628906 0.477865

0.628906 0.443424
0.632812 0.443465

0.632812 0.464844
0.632812 0.464844

0.628906 0.476562
0.628906 0.476562

0.628906 0.477905
0.632812 0.477911

0.632812 0.443478
0.636719 0.44353

0.636719 0.451172
0.636719 0.449219

0.632812 0.460937
0.632813 0.460938

0.632812 0.460938
0.632813 0.460938

0.632812 0.472656
0.632813 0.472656

0.632812 0.477889
0.636719 0.477916

0.636719 0.443532
0.640625 0.443566

0.640625 0.445313
0.640625 0.445312

0.636719 0.449219
0.636719 0.449219

0.636719 0.477896
0.640625 0.478027

0.640625 0.443557
0.644531 0.443585

0.644531 0.460938
0.644531 0.460938

0.640625 0.46875
0.644531 0.46875

0.644531 0.472656
0.644531 0.472656

0.640625 0.476562
0.640625 0.476562

0.640625 0.478029
0.644531 0.4783

0.644531 0.443564
0.648438 0.443644

0.648438 0.445313
0.648437 0.445312

0.648438 0.449219
0.648437 0.449219

0.648438 0.460937
0.648437 0.460938

0.644531 0.472656
0.644531 0.472656

0.644531 0.476562
0.644531 0.476562

0.644531 0.478228
0.648438 0.478782

0.648438 0.443614
0.652344 0.443846

0.648438 0.449219
0.648438 0.449219

0.652344 0.460937
0.652344 0.460938

0.652344 0.460938
0.652344 0.460938

0.648438 0.472656
0.648438 0.472656

0.648438 0.479107
0.652344 0.479882

0.652344 0.443825
0.65625 0.444312

0.652344 0.457031
0.652344 0.457031

0.652344 0.476562
0.652344 0.476562

0.652344 0.479716
0.65625 0.480402

0.65625 0.444318
0.660156 0.445091

0.660156 0.445313
0.660156 0.445312

0.660156 0.457031
0.660156 0.457031

0.65625 0.460938
0.65625 0.460938

0.660156 0.464844
0.660156 0.464844

0.65625 0.48033
0.657098 0.480469

0.660156 0.480963
0.65713 0.480469

0.660156 0.445102
0.660933 0.445312

0.664062 0.446139
0.661017 0.445312

0.660156 0.455078
0.660156 0.453125

0.660156 0.464844
0.660156 0.464844

0.660156 0.472656
0.660156 0.472656

0.660156 0.476562
0.660156 0.476562

0.660156 0.480929
0.664062 0.481736

0.664062 0.446046
0.667969 0.447086

0.664062 0.455078
0.664062 0.453125

0.664062 0.481805
0.667969 0.482716

0.667969 0.447112
0.671875 0.448278

0.671875 0.449219
0.671875 0.449219

0.671875 0.453125
0.671875 0.453125

0.671875 0.458984
0.671875 0.457031

0.671875 0.474609
0.671875 0.472656

0.667969 0.482833
0.671875 0.483807

0.671875 0.44844
0.673927 0.449219

0.675781 0.449868
0.674071 0.449219

0.675781 0.464844
0.675781 0.464844

0.675781 0.464844
0.675781 0.464844

0.671875 0.483688
0.674462 0.484375

0.675781 0.484729
0.674449 0.484375

0.675781 0.449817
0.679688 0.451257

0.679688 0.457031
0.679687 0.457031

0.675781 0.464844
0.675781 0.464844

0.675781 0.464844
0.675781 0.464844

0.675781 0.484375
0.675781 0.484375

0.675781 0.4847
0.679688 0.485759

0.679688 0.4513
0.683594 0.452771

0.683594 0.453125
0.683594 0.453125

0.679688 0.464844
0.679688 0.464844

0.683594 0.474609
0.683594 0.472656

0.679688 0.485652
0.683594 0.486998

0.683594 0.452811
0.684369 0.453125

0.6875 0.454395
0.684366 0.453125

0.683594 0.474609
0.683594 0.472656

0.683594 0.487198
0.686478 0.488281

0.6875 0.488631
0.686568 0.488281

0.6875 0.454396
0.691406 0.456009

0.6875 0.488281
0.6875 0.488281

0.6875 0.488615
0.691406 0.489902

0.691406 0.456016
0.69383 0.457031

0.695312 0.457642
0.693855 0.457031

0.695312 0.46875
0.695312 0.46875

0.691406 0.484375
0.695312 0.484375

0.691406 0.488281
0.691406 0.488281

0.691406 0.489995
0.695312 0.491416

0.695312 0.457607
0.699219 0.459125

0.695312 0.46875
0.695313 0.46875

0.695312 0.46875
0.695313 0.46875

0.695312 0.491296
0.69744 0.492188

0.699219 0.492902
0.697513 0.492188

0.699219 0.459128
0.703125 0.460605

0.703125 0.460938
0.703125 0.460938

0.703125 0.464844
0.703125 0.464844

0.703125 0.478516
0.703125 0.476562

0.699219 0.488281
0.699219 0.488281

0.699219 0.492187
0.699219 0.492188

0.699219 0.492906
0.703125 0.494629

0.703125 0.460637
0.703864 0.460938

0.707031 0.462222
0.703877 0.460938

0.707031 0.480469
0.707031 0.480469

0.703125 0.494646
0.706249 0.496094

0.707031 0.496436
0.706293 0.496094

0.707031 0.462189
0.710938 0.463904

0.710938 0.474609
0.710938 0.472656

0.710938 0.482422
0.710938 0.480469

0.707031 0.484375
0.707031 0.484375

0.707031 0.49643
0.710938 0.498343

0.710938 0.463895
0.712834 0.464844

0.714844 0.465821
0.712889 0.464844

0.710938 0.498337
0.714064 0.5

0.714844 0.500408
0.714077 0.5

0.714844 0.465839
0.71875 0.468071

0.71875 0.46875
0.71875 0.46875

0.714844 0.492188
0.71875 0.492188

0.714844 0.496094
0.714844 0.496094

0.714844 0.500422
0.71875 0.502663

0.71875 0.468087
0.719804 0.46875

0.722656 0.470568
0.719807 0.46875

0.722656 0.482422
0.722656 0.480469

0.71875 0.492188
0.71875 0.492188

0.71875 0.50268
0.720783 0.503906

0.722656 0.505032
0.72079 0.503906

0.722656 0.470607
0.725662 0.472656

0.726562 0.473269
0.725649 0.472656

0.726562 0.494141
0.726562 0.492188

0.722656 0.50504
0.726562 0.50751

0.726562 0.473313
0.730469 0.47599

0.730469 0.480469
0.730469 0.480469

0.730469 0.494141
0.730469 0.492188

0.726562 0.507505
0.727043 0.507812

0.730469 0.510087
0.72703 0.507812

0.730469 0.475971
0.731364 0.476562

0.734375 0.478615
0.731338 0.476562

0.730469 0.494141
0.730469 0.492188

0.730469 0.507812
0.730469 0.507812

0.730469 0.510092
0.732847 0.511719

0.734375 0.512755
0.732855 0.511719

0.734375 0.478593
0.737096 0.480469

0.738281 0.481251
0.737132 0.480469

0.734375 0.503906
0.738281 0.503906

0.734375 0.511719
0.734375 0.511719

0.734375 0.512761
0.738281 0.515523

0.738281 0.481251
0.742188 0.484102

0.742188 0.484375
0.742187 0.484375

0.738281 0.515515
0.738435 0.515625

0.742188 0.518386
0.738431 0.515625

0.742188 0.484087
0.742566 0.484375

0.746094 0.487186
0.74256 0.484375

0.746094 0.501953
0.746094 0.5

0.746094 0.503906
0.746094 0.503906

0.742188 0.518392
0.74371 0.519531

0.746094 0.521388
0.743685 0.519531

0.746094 0.487207
0.747365 0.488281

0.75 0.490588
0.747341 0.488281

0.746094 0.503906
0.746094 0.503906

0.746094 0.521399
0.748622 0.523438

0.75 0.524552
0.748626 0.523438

0.75 0.49064
0.751716 0.492188

0.753906 0.494203
0.751673 0.492188

0.753906 0.509766
0.753906 0.507812

0.75 0.524565
0.75327 0.527344

0.753906 0.52788
0.753283 0.527344

0.753906 0.494236
0.756003 0.496094

0.757812 0.497712
0.75595 0.496094

0.757812 0.507813
0.757812 0.507812

0.753906 0.511719
0.757812 0.511719

0.753906 0.527344
0.753906 0.527344

0.753906 0.52788
0.757702 0.53125

0.757812 0.53135
0.757702 0.53125

0.757812 0.497714
0.76054 0.5

0.761719 0.500969
0.760533 0.5

0.761719 0.503906
0.761719 0.503906

0.761719 0.507813
0.761719 0.507812

0.761719 0.519531
0.761719 0.519531

0.757812 0.53135
0.761719 0.534971

0.761719 0.500948
0.765356 0.503906

0.765625 0.504066
0.765427 0.503906

0.761719 0.515625
0.761719 0.515625

0.761719 0.515625
0.765625 0.515625

0.761719 0.534979
0.761906 0.535156

0.765625 0.538735
0.761903 0.535156

0.765625 0.504057
0.769531 0.50734

0.765625 0.538744
0.765951 0.539062

0.769531 0.542601
0.765947 0.539062

0.769531 0.507278
0.770138 0.507812

0.773438 0.51096
0.770139 0.507812

0.773438 0.515625
0.773437 0.515625

0.773438 0.529297
0.773438 0.527344

0.769531 0.539062
0.769531 0.539062

0.769531 0.542603
0.769897 0.542969

0.773438 0.54655
0.769897 0.542969

0.773438 0.510931
0.774186 0.511719

0.777344 0.515458
0.77418 0.511719

0.777344 0.529297
0.777344 0.527344

0.773438 0.546536
0.77377 0.546875

0.777344 0.550581
0.773769 0.546875

0.777344 0.515526
0.77742 0.515625

0.77742 0.515625
0.78017 0.519531

0.78125 0.521338
0.780074 0.519531

0.78125 0.527344
0.78125 0.527344

0.777344 0.546875
0.777344 0.546875

0.777344 0.550569
0.777546 0.550781

0.777545 0.550781
0.781185 0.554688

0.78125 0.554765
0.781179 0.554688

0.78125 0.521382
0.782589 0.523438

0.785156 0.527198
0.782506 0.523438

0.78125 0.554765
0.784684 0.558594

0.785156 0.559152
0.784668 0.558594

0.785156 0.527203
0.785259 0.527344

0.785258 0.527344
0.788415 0.53125

0.789062 0.531924
0.78848 0.53125

0.789062 0.535156
0.789062 0.535156

0.789062 0.544922
0.789062 0.542969

0.785156 0.554687
0.785156 0.554688

0.785156 0.559146
0.788068 0.5625

0.789062 0.563689
0.788061 0.5625

0.789062 0.531901
0.791901 0.535156

0.792969 0.536312
0.791982 0.535156

0.789062 0.558594
0.789063 0.558594

0.789062 0.563662
0.791353 0.566406

0.792969 0.568428
0.791361 0.566406

0.792969 0.536263
0.795274 0.539062

0.796875 0.541324
0.795288 0.539062

0.796875 0.542969
0.796875 0.542969

0.792969 0.568378
0.794485 0.570312

0.796875 0.573422
0.794496 0.570312

0.796875 0.54123
0.798062 0.542969

0.798021 0.542969
0.800329 0.546875

0.800781 0.547883
0.800226 0.546875

0.796875 0.566406
0.796875 0.566406

0.796875 0.573413
0.797474 0.574219

0.797495 0.574219
0.800312 0.578125

0.800781 0.578869
0.800282 0.578125

0.800781 0.547902
0.802369 0.550781

0.802312 0.550781
0.804571 0.554688

0.804688 0.554846
0.804592 0.554688

0.800781 0.578125
0.800781 0.578125

0.800781 0.578831
0.802956 0.582031

0.804688 0.584735
0.802958 0.582031

0.804688 0.554843
0.807034 0.558594

0.808594 0.560982
0.807059 0.558594

0.808594 0.5625
0.808594 0.5625

0.808594 0.566406
0.808594 0.566406

0.804688 0.584697
0.805473 0.585938

0.805421 0.585938
0.807574 0.589844

0.808594 0.591919
0.807614 0.589844

0.808594 0.56093
0.809602 0.5625

0.809618 0.5625
0.812106 0.566406

0.8125 0.567055
0.812104 0.566406

0.808594 0.582031
0.808594 0.582031

0.808594 0.591987
0.809426 0.59375

0.80932 0.59375
0.810984 0.597656

0.8125 0.600812
0.81089 0.597656

0.8125 0.567056
0.814505 0.570312

0.816406 0.573521
0.814452 0.570312

0.8125 0.59375
0.8125 0.59375

0.8125 0.601495
0.812534 0.601562

0.8125 0.601581
0.816111 0.605469

0.816406 0.606145
0.815514 0.605469

0.816406 0.573525
0.816826 0.574219

0.816837 0.574219
0.819289 0.578125

0.820312 0.579781
0.819332 0.578125

0.820312 0.582031
0.820312 0.582031

0.820312 0.585938
0.820312 0.585938

0.816406 0.601562
0.816406 0.601562

0.816406 0.606368
0.820312 0.606828

0.820312 0.579621
0.821741 0.582031

0.821831 0.582031
0.823697 0.585938

0.824219 0.58777
0.823733 0.585938

0.824219 0.597656
0.824219 0.597656

0.824219 0.600914
0.824101 0.601562

0.824219 0.602482
0.821659 0.605469

0.820312 0.606414
0.821779 0.605469

0.824219 0.587581
0.824819 0.589844

0.824668 0.589844
0.824857 0.59375

0.824744 0.59375
0.824567 0.597656

0.824219 0.600597
0.824751 0.597656

0.824219 0.601563
0.824219 0.601562

