0.40625 0.57987
0.405818 0.582031

0.405799 0.582031
0.405038 0.585938

0.404946 0.585938
0.404403 0.589844

0.404473 0.589844
0.404193 0.59375

0.403574 0.59375
0.403147 0.597656

0.403262 0.597656
0.40289 0.601562

0.402784 0.601562
0.40269 0.605469

0.402636 0.605469
0.402591 0.609375

0.402521 0.609375
0.402504 0.613281

0.40255 0.613281
0.402526 0.617188

0.402547 0.617188
0.402524 0.621094

0.402496 0.621094
0.402482 0.625

0.402772 0.625
0.403128 0.628906

0.403092 0.628906
0.403564 0.632812

0.402918 0.632812
0.40306 0.636719

0.403271 0.636719
0.404095 0.640625

0.40625 0.643744
0.404741 0.640625

0.410156 0.558043
0.410002 0.558594

0.410078 0.558594
0.409364 0.5625

0.409428 0.5625
0.408771 0.566406

0.408666 0.566406
0.40815 0.570312

0.407861 0.570312
0.407148 0.574219

0.40742 0.574219
0.406483 0.578125

0.40625 0.57973
0.406571 0.578125

0.40625 0.601563
0.40625 0.601562

0.40625 0.640625
0.40625 0.640625

0.40625 0.64296
0.40701 0.644531

0.407078 0.644531
0.408355 0.648438

0.40835 0.648438
0.408359 0.652344

0.407528 0.652344
0.407062 0.65625

0.406503 0.65625
0.406476 0.660156

0.406992 0.660156
0.408553 0.664062

0.410156 0.666207
0.408847 0.664062

0.414062 0.546779
0.414021 0.546875

0.413952 0.546875
0.412479 0.550781

0.412327 0.550781
0.410984 0.554688

0.410156 0.557956
0.411072 0.554688

0.410156 0.558594
0.410156 0.558594

0.410156 0.5625
0.410156 0.5625

0.410156 0.566406
0.410156 0.566406

0.410156 0.578125
0.410156 0.578125

0.414062 0.587891
0.414062 0.585938

0.414062 0.59375
0.414062 0.59375

0.410156 0.605469
0.410156 0.605469

0.414062 0.605469
0.414062 0.605469

0.414062 0.615234
0.414062 0.613281

0.410156 0.644531
0.410156 0.644531

0.410156 0.652344
0.410156 0.652344

0.410156 0.652344
0.410156 0.652344

0.410156 0.664875
0.412044 0.667969

0.411988 0.667969
0.413446 0.671875

0.413017 0.671875
0.413903 0.675781

0.414062 0.676747
0.413706 0.675781

0.417969 0.537813
0.417429 0.539062

0.417403 0.539062
0.415702 0.542969

0.414062 0.546779
0.41569 0.542969

0.414062 0.5625
0.414063 0.5625

0.417969 0.574219
0.417969 0.574219

0.417969 0.578125
0.417969 0.578125

0.414062 0.578125
0.414063 0.578125

0.414062 0.59375
0.414063 0.59375

0.414062 0.609375
0.414063 0.609375

0.414062 0.613281
0.414063 0.613281

0.414062 0.617188
0.414063 0.617188

0.414062 0.621094
0.417969 0.621094

0.414062 0.632812
0.417969 0.632812

0.417969 0.636719
0.417969 0.636719

0.414062 0.640625
0.414063 0.640625

0.414062 0.652344
0.414063 0.652344

0.414062 0.676529
0.415227 0.679688

0.415395 0.679688
0.417287 0.683594

0.417969 0.684887
0.41738 0.683594

0.421875 0.528675
0.420686 0.53125

0.420757 0.53125
0.419099 0.535156

0.417969 0.537759
0.419094 0.535156

0.417969 0.546875
0.417969 0.546875

0.417969 0.574219
0.417969 0.574219

0.417969 0.578125
0.417969 0.578125

0.421875 0.589844
0.421875 0.589844

0.417969 0.597656
0.417969 0.597656

0.421875 0.613281
0.421875 0.613281

0.417969 0.636719
0.417969 0.636719

0.421875 0.662109
0.421875 0.660156

0.417969 0.675781
0.417969 0.675781

0.417969 0.683594
0.417969 0.683594

0.417969 0.684876
0.419164 0.6875

0.418893 0.6875
0.420302 0.691406

0.421875 0.695075
0.420189 0.691406

0.425781 0.521117
0.424476 0.523438

0.424454 0.523438
0.422452 0.527344

0.421875 0.528582
0.422447 0.527344

0.421875 0.53125
0.421875 0.53125

0.421875 0.535156
0.421875 0.535156

0.421875 0.539063
0.421875 0.539062

0.421875 0.546875
0.421875 0.546875

0.421875 0.550781
0.421875 0.550781

0.425781 0.560547
0.425781 0.558594

0.421875 0.570312
0.425781 0.570312

0.425781 0.580078
0.425781 0.578125

0.425781 0.589844
0.425781 0.589844

0.425781 0.589844
0.425781 0.589844

0.425781 0.613281
0.425781 0.613281

0.421875 0.613281
0.421875 0.613281

0.425781 0.634766
0.425781 0.632812

0.425781 0.646484
0.425781 0.644531

0.425781 0.667969
0.425781 0.667969

0.421875 0.679687
0.421875 0.679688

0.421875 0.683594
0.421875 0.683594

0.421875 0.6875
0.421875 0.6875

0.421875 0.694935
0.422048 0.695312

0.422167 0.695312
0.424783 0.699219

0.425781 0.700544
0.424886 0.699219

0.429688 0.514796
0.429154 0.515625

0.429146 0.515625
0.426717 0.519531

0.425781 0.521123
0.426677 0.519531

0.425781 0.523438
0.425781 0.523438

0.425781 0.535156
0.425781 0.535156

0.429688 0.542969
0.429687 0.542969

0.429688 0.546875
0.429687 0.546875

0.429688 0.570313
0.429687 0.570312

0.429688 0.580078
0.429688 0.578125

0.429688 0.582031
0.429687 0.582031

0.425781 0.589844
0.425781 0.589844

0.425781 0.589844
0.425781 0.589844

0.425781 0.609375
0.425781 0.609375

0.429688 0.626953
0.429688 0.625

0.429688 0.646484
0.429688 0.644531

0.425781 0.660156
0.429688 0.660156

0.429688 0.664062
0.429687 0.664062

0.429688 0.667969
0.429687 0.667969

0.425781 0.683594
0.425781 0.683594

0.425781 0.695312
0.425781 0.695312

0.425781 0.700291
0.427695 0.703125

0.429688 0.706885
0.427774 0.703125

0.433594 0.50908
0.431725 0.511719

0.429688 0.514802
0.431725 0.511719

0.429688 0.515625
0.429688 0.515625

0.429688 0.523438
0.429688 0.523438

0.429688 0.527344
0.429688 0.527344

0.433594 0.539062
0.433594 0.539062

0.429688 0.546875
0.429688 0.546875

0.429688 0.546875
0.429688 0.546875

0.433594 0.558594
0.433594 0.558594

0.433594 0.558594
0.433594 0.558594

0.429688 0.570312
0.433594 0.570312

0.429688 0.570313
0.429688 0.570312

0.429688 0.582031
0.429688 0.582031

0.429688 0.59375
0.429688 0.59375

0.429688 0.605469
0.429688 0.605469

0.433594 0.617187
0.433594 0.617188

0.429688 0.626953
0.429688 0.625

0.429688 0.644531
0.429688 0.644531

0.429688 0.644531
0.429688 0.644531

0.429688 0.667969
0.429688 0.667969

0.429688 0.667969
0.429688 0.667969

0.433594 0.671875
0.433594 0.671875

0.433594 0.695312
0.433594 0.695312

0.429688 0.699219
0.429688 0.699219

0.429688 0.703125
0.429688 0.703125

0.429688 0.706905
0.429749 0.707031

0.429688 0.707183
0.430963 0.710938

0.430535 0.710938
0.431681 0.714844

0.431621 0.714844
0.433566 0.71875

0.433594 0.71877
0.433579 0.71875

0.4375 0.503843
0.437448 0.503906

0.437484 0.503906
0.434451 0.507812

0.433594 0.509027
0.434445 0.507812

0.433594 0.511719
0.433594 0.511719

0.4375 0.537109
0.4375 0.535156

0.433594 0.558594
0.433594 0.558594

0.433594 0.558594
0.433594 0.558594

0.433594 0.570313
0.433594 0.570312

0.433594 0.582031
0.433594 0.582031

0.433594 0.582031
0.433594 0.582031

0.4375 0.589844
0.4375 0.589844

0.4375 0.609375
0.4375 0.609375

0.4375 0.609375
0.4375 0.609375

0.4375 0.621094
0.4375 0.621094

0.4375 0.625
0.4375 0.625

0.4375 0.654297
0.4375 0.652344

0.433594 0.671875
0.433594 0.671875

0.433594 0.675781
0.433594 0.675781

0.4375 0.691406
0.4375 0.691406

0.433594 0.695312
0.433594 0.695312

0.433594 0.695313
0.433594 0.695312

0.433594 0.703125
0.433594 0.703125

0.433594 0.707031
0.433594 0.707031

0.433594 0.714844
0.433594 0.714844

0.433594 0.71875
0.433594 0.71875

0.433762 0.71875
0.436853 0.722656

0.4375 0.723335
0.436893 0.722656

0.441406 0.499454
0.440888 0.5

0.4375 0.503842
0.440878 0.5

0.4375 0.507813
0.4375 0.507812

0.4375 0.537109
0.4375 0.535156

0.441406 0.546875
0.441406 0.550781

0.4375 0.550781
0.441406 0.550781

0.4375 0.5625
0.4375 0.5625

0.4375 0.5625
0.4375 0.5625

0.441406 0.574219
0.441406 0.574219

0.441406 0.578125
0.441406 0.578125

0.441406 0.582031
0.441406 0.582031

0.441406 0.585937
0.441406 0.585938

0.441406 0.593528
0.441367 0.59375

0.441369 0.59375
0.440798 0.597656

0.440989 0.597656
0.440585 0.601562

0.440842 0.601562
0.440332 0.605469

0.440686 0.605469
0.440428 0.609375

0.44119 0.609375
0.441204 0.613281

0.440815 0.613281
0.440664 0.617188

0.441016 0.617188
0.440966 0.621094

0.440201 0.621094
0.440578 0.625

0.440246 0.625
0.440809 0.628906

0.440632 0.628906
0.441008 0.632812

0.440862 0.632812
0.441196 0.636719

0.441406 0.640279
0.441116 0.636719

0.441406 0.640625
0.441406 0.640625

0.441406 0.660156
0.441406 0.660156

0.441406 0.6875
0.441406 0.6875

0.4375 0.701172
0.4375 0.699219

0.4375 0.714844
0.4375 0.714844

0.4375 0.723151
0.440544 0.726562

0.441406 0.727502
0.440572 0.726562

0.445312 0.495687
0.44488 0.496094

0.441406 0.499465
0.444806 0.496094

0.441406 0.5
0.441406 0.5

0.445312 0.521484
0.445312 0.519531

0.441406 0.539063
0.441406 0.539062

0.445312 0.542969
0.445312 0.542969

0.441406 0.550781
0.441406 0.550781

0.445312 0.570312
0.445312 0.570312

0.445312 0.574219
0.445312 0.574219

0.445312 0.576282
0.444747 0.578125

0.444845 0.578125
0.443805 0.582031

0.443721 0.582031
0.442842 0.585938

0.442855 0.585938
0.442071 0.589844

0.441406 0.593534
0.442059 0.589844

0.441406 0.640333
0.44143 0.640625

0.441409 0.640625
0.441792 0.644531

0.441782 0.644531
0.442302 0.648438

0.442248 0.648438
0.443036 0.652344

0.443259 0.652344
0.444503 0.65625

0.445312 0.658666
0.444511 0.65625

0.445312 0.660156
0.445312 0.660156

0.445312 0.664063
0.445312 0.664062

0.441406 0.691406
0.441406 0.691406

0.445312 0.691406
0.445312 0.691406

0.445312 0.710937
0.445312 0.710938

0.441406 0.72752
0.443995 0.730469

0.445312 0.731994
0.443991 0.730469

0.449219 0.492106
0.449131 0.492188

0.445312 0.4957
0.449085 0.492188

0.445312 0.503906
0.445313 0.503906

0.449219 0.519531
0.449219 0.519531

0.449219 0.519531
0.449219 0.519531

0.449219 0.523438
0.449219 0.523438

0.449219 0.533203
0.449219 0.53125

0.445312 0.542969
0.445313 0.542969

0.449219 0.554687
0.449219 0.554688

0.449219 0.563512
0.448236 0.566406

0.448438 0.566406
0.447299 0.570312

0.447177 0.570312
0.446058 0.574219

0.445312 0.576375
0.445974 0.574219

0.445312 0.65892
0.445723 0.660156

0.445718 0.660156
0.446702 0.664062

0.446564 0.664062
0.44763 0.667969

0.447627 0.667969
0.449072 0.671875

0.449219 0.672212
0.449071 0.671875

0.449219 0.679688
0.449219 0.679688

0.445312 0.691406
0.445313 0.691406

0.445312 0.695313
0.445313 0.695312

0.449219 0.708984
0.449219 0.707031

0.449219 0.716797
0.449219 0.714844

0.445312 0.731988
0.44738 0.734375

0.449219 0.736426
0.447397 0.734375

0.449219 0.492108
0.453125 0.488421

0.449219 0.492188
0.449219 0.492188

0.449219 0.496094
0.449219 0.496094

0.449219 0.507813
0.449219 0.507812

0.449219 0.515625
0.453125 0.515625

0.449219 0.519531
0.449219 0.519531

0.449219 0.519531
0.449219 0.519531

0.449219 0.523438
0.449219 0.523438

0.449219 0.527344
0.449219 0.527344

0.453125 0.546875
0.453125 0.546875

0.453125 0.553008
0.452412 0.554688

0.452504 0.554688
0.451018 0.558594

0.450937 0.558594
0.449569 0.5625

0.449219 0.563467
0.449547 0.5625

0.449219 0.672065
0.450846 0.675781

0.450904 0.675781
0.452714 0.679688

0.453125 0.680579
0.452708 0.679688

0.453125 0.683594
0.453125 0.683594

0.449219 0.695313
0.449219 0.695312

0.453125 0.710937
0.453125 0.710938

0.453125 0.710938
0.453125 0.710938

0.453125 0.714844
0.453125 0.714844

0.449219 0.730469
0.449219 0.730469

0.449219 0.736395
0.450919 0.738281

0.453125 0.740675
0.450936 0.738281

0.457031 0.484597
0.453269 0.488281

0.453125 0.48842
0.45327 0.488281

0.453125 0.5
0.453125 0.5

0.453125 0.519531
0.453125 0.519531

0.457031 0.544564
0.455895 0.546875

0.455852 0.546875
0.454041 0.550781

0.453125 0.552936
0.454039 0.550781

0.453125 0.680618
0.454517 0.683594

0.454541 0.683594
0.456461 0.6875

0.457031 0.688642
0.456424 0.6875

0.453125 0.710937
0.453125 0.710938

0.453125 0.710938
0.453125 0.710938

0.457031 0.726562
0.457031 0.726562

0.453125 0.740673
0.454538 0.742188

0.457031 0.744776
0.45451 0.742188

0.460938 0.480665
0.45722 0.484375

0.457031 0.484565
0.457221 0.484375

0.457031 0.488281
0.457031 0.488281

0.460938 0.509766
0.460938 0.507812

0.457031 0.519531
0.460938 0.519531

0.460938 0.527344
0.460937 0.527344

0.460938 0.535156
0.460937 0.535156

0.460938 0.536915
0.459817 0.539062

0.459783 0.539062
0.45779 0.542969

0.457031 0.544521
0.457794 0.542969

0.457031 0.688682
0.458479 0.691406

0.458485 0.691406
0.460683 0.695312

0.460938 0.695752
0.46068 0.695312

0.457031 0.710938
0.457031 0.710938

0.460938 0.726562
0.460937 0.726562

0.457031 0.74481
0.458369 0.746094

0.460938 0.748391
0.458335 0.746094

0.464844 0.476795
0.461099 0.480469

0.460938 0.48063
0.461099 0.480469

0.460938 0.488281
0.460938 0.488281

0.464844 0.496094
0.464844 0.496094

0.464844 0.496094
0.464844 0.496094

0.464844 0.507812
0.464844 0.507812

0.460938 0.507812
0.464844 0.507812

0.464844 0.529814
0.463971 0.53125

0.463941 0.53125
0.461786 0.535156

0.460938 0.536902
0.461848 0.535156

0.460938 0.695746
0.463008 0.699219

0.464844 0.702166
0.463 0.699219

0.464844 0.703125
0.464844 0.703125

0.464844 0.710938
0.464844 0.710938

0.464844 0.722656
0.464844 0.722656

0.460938 0.726562
0.464844 0.726562

0.464844 0.726563
0.464844 0.726562

0.460938 0.748411
0.462974 0.75

0.464844 0.751405
0.462978 0.75

0.46875 0.473118
0.465067 0.476562

0.464844 0.476778
0.465068 0.476562

0.464844 0.5
0.46875 0.5

0.46875 0.503906
0.46875 0.503906

0.46875 0.519531
0.46875 0.519531

0.46875 0.523437
0.46875 0.523438

0.46875 0.523684
0.466323 0.527344

0.464844 0.529775
0.466323 0.527344

0.464844 0.70214
0.465458 0.703125

0.465416 0.703125
0.468048 0.707031

0.46875 0.707981
0.468081 0.707031

0.46875 0.714844
0.46875 0.714844

0.464844 0.730469
0.464844 0.730469

0.464844 0.746094
0.464844 0.746094

0.464844 0.75
0.464844 0.75

0.464844 0.751364
0.468444 0.753906

0.46875 0.754117
0.468442 0.753906

0.472656 0.469702
0.469257 0.472656

0.46875 0.473115
0.469261 0.472656

0.46875 0.476563
0.46875 0.476562

0.46875 0.480469
0.46875 0.480469

0.472656 0.488281
0.472656 0.488281

0.472656 0.488281
0.472656 0.488281

0.46875 0.5
0.46875 0.5

0.46875 0.5
0.46875 0.5

0.472656 0.511719
0.472656 0.511719

0.472656 0.518346
0.471763 0.519531

0.471736 0.519531
0.468912 0.523438

0.46875 0.523672
0.468906 0.523438

0.46875 0.70798
0.47092 0.710938

0.472656 0.713162
0.470921 0.710938

0.46875 0.730469
0.472656 0.730469

0.46875 0.754076
0.472656 0.7568

0.476562 0.466609
0.473831 0.46875

0.472656 0.469711
0.473861 0.46875

0.472656 0.476563
0.472656 0.476562

0.476562 0.480469
0.476562 0.480469

0.472656 0.488281
0.472656 0.488281

0.476562 0.507812
0.476562 0.507812

0.476562 0.51343
0.474813 0.515625

0.472656 0.518368
0.474782 0.515625

0.472656 0.71311
0.474024 0.714844

0.476562 0.717842
0.474019 0.714844

0.476562 0.71875
0.476562 0.71875

0.476562 0.722656
0.476562 0.722656

0.472656 0.732422
0.472656 0.730469

0.476562 0.744141
0.476562 0.742188

0.472656 0.756805
0.474091 0.757812

0.476562 0.759586
0.474075 0.757812

0.480469 0.463872
0.479053 0.464844

0.476562 0.466633
0.4791 0.464844

0.476562 0.480469
0.476563 0.480469

0.476562 0.484375
0.476563 0.484375

0.476562 0.488281
0.476563 0.488281

0.480469 0.508675
0.477971 0.511719

0.476562 0.513453
0.477946 0.511719

0.476562 0.717829
0.477359 0.71875

0.480469 0.722187
0.477343 0.71875

0.476562 0.753906
0.476563 0.753906

0.476562 0.759624
0.479522 0.761719

0.480469 0.762386
0.479497 0.761719

0.480469 0.463872
0.484375 0.461344

0.480469 0.46875
0.480469 0.46875

0.480469 0.492187
0.480469 0.492188

0.484375 0.496094
0.484375 0.496094

0.484375 0.503968
0.481152 0.507812

0.480469 0.508658
0.48116 0.507812

0.480469 0.722188
0.480906 0.722656

0.484375 0.726238
0.480903 0.722656

0.484375 0.730469
0.484375 0.730469

0.484375 0.744141
0.484375 0.742188

0.480469 0.762463
0.484375 0.765089

0.488281 0.459028
0.485073 0.460938

0.484375 0.461361
0.485087 0.460938

0.484375 0.464844
0.484375 0.464844

0.488281 0.496094
0.488281 0.496094

0.488281 0.499526
0.48784 0.5

0.487854 0.5
0.484386 0.503906

0.484375 0.503922
0.484388 0.503906

0.484375 0.726238
0.4847 0.726562

0.488281 0.730031
0.484702 0.726562

0.488281 0.730469
0.488281 0.730469

0.484375 0.746094
0.484375 0.746094

0.484375 0.746094
0.484375 0.746094

0.484375 0.757812
0.488281 0.757812

0.484375 0.761719
0.484375 0.761719

0.484375 0.765077
0.485258 0.765625

0.488281 0.767463
0.485323 0.765625

0.492188 0.456923
0.491985 0.457031

0.488281 0.459046
0.492014 0.457031

0.488281 0.460938
0.488281 0.460938

0.492188 0.478516
0.492188 0.476562

0.492188 0.495571
0.49165 0.496094

0.488281 0.49953
0.491624 0.496094

0.488281 0.73003
0.48875 0.730469

0.492188 0.733607
0.488757 0.730469

0.492188 0.738281
0.492187 0.738281

0.492188 0.75
0.492187 0.75

0.488281 0.767426
0.491858 0.769531

0.492188 0.769723
0.491857 0.769531

0.492188 0.456926
0.496094 0.455025

0.492188 0.476562
0.492188 0.476562

0.496094 0.488281
0.496094 0.488281

0.496094 0.49197
0.495854 0.492188

0.492188 0.495578
0.495803 0.492188

0.492188 0.733611
0.493057 0.734375

0.496094 0.736979
0.493069 0.734375

0.496094 0.753906
0.496094 0.753906

0.496094 0.753906
0.496094 0.753906

0.492188 0.769702
0.496094 0.772014

0.496094 0.455027
0.5 0.453327

0.496094 0.457031
0.496094 0.457031

0.496094 0.460938
0.5 0.460938

0.5 0.464844
0.5 0.464844

0.496094 0.46875
0.5 0.46875

0.496094 0.472656
0.496094 0.472656

0.496094 0.476563
0.496094 0.476562

0.5 0.488281
0.5 0.488281

0.496094 0.491972
0.5 0.488432

0.496094 0.736998
0.497675 0.738281

0.5 0.740144
0.497683 0.738281

0.496094 0.753906
0.496094 0.753906

0.496094 0.772025
0.49845 0.773438

0.5 0.774379
0.49843 0.773438

0.503906 0.451818
0.500531 0.453125

0.5 0.453332
0.500535 0.453125

0.503906 0.464844
0.503906 0.464844

0.503906 0.484375
0.503906 0.484375

0.503906 0.48487
0.500206 0.488281

0.5 0.488467
0.500205 0.488281

0.5 0.740155
0.502629 0.742188

0.503906 0.74316
0.502615 0.742188

0.5 0.753906
0.5 0.753906

0.5 0.757813
0.5 0.757812

0.5 0.774425
0.503906 0.776791

0.503906 0.451717
0.507812 0.450112

0.503906 0.453125
0.503906 0.453125

0.503906 0.457031
0.503906 0.457031

0.503906 0.464844
0.503906 0.464844

0.503906 0.464844
0.507812 0.464844

0.507812 0.480469
0.507812 0.480469

0.507812 0.481142
0.504413 0.484375

0.503906 0.484859
0.50442 0.484375

0.503906 0.743173
0.507812 0.746057

0.503906 0.757812
0.503906 0.757812

0.507812 0.767578
0.507812 0.765625

0.503906 0.776813
0.50482 0.777344

0.507812 0.779063
0.504853 0.777344

0.511719 0.448535
0.51017 0.449219

0.507812 0.450206
0.51005 0.449219

0.507812 0.453125
0.507813 0.453125

0.507812 0.464844
0.507813 0.464844

0.511719 0.476562
0.511719 0.476562

0.511719 0.477409
0.50844 0.480469

0.507812 0.48109
0.50846 0.480469

0.507812 0.746058
0.507863 0.746094

0.511719 0.748809
0.507868 0.746094

0.511719 0.757813
0.511719 0.757812

0.507812 0.779043
0.511719 0.781128

0.511719 0.448568
0.515625 0.446861

0.515625 0.458984
0.515625 0.457031

0.515625 0.474036
0.512595 0.476562

0.511719 0.477373
0.512642 0.476562

0.511719 0.748829
0.513472 0.75

0.515625 0.751421
0.513497 0.75

0.511719 0.757812
0.515625 0.757812

0.515625 0.767578
0.515625 0.765625

0.511719 0.777344
0.511719 0.777344

0.511719 0.781133
0.51196 0.78125

0.515625 0.783049
0.511906 0.78125

0.519531 0.445045
0.518973 0.445312

0.515625 0.446883
0.518903 0.445312

0.519531 0.458984
0.519531 0.457031

0.519531 0.471299
0.517527 0.472656

0.515625 0.474058
0.517658 0.472656

0.515625 0.751435
0.519531 0.753864

0.519531 0.753906
0.519531 0.753906

0.519531 0.763672
0.519531 0.761719

0.519531 0.771484
0.519531 0.769531

0.515625 0.78125
0.515625 0.78125

0.515625 0.783022
0.519531 0.78478

0.519531 0.445027
0.523438 0.442916

0.519531 0.445313
0.519531 0.445312

0.519531 0.449219
0.519531 0.449219

0.519531 0.471337
0.523438 0.469246

0.519531 0.753865
0.519603 0.753906

0.523438 0.756118
0.519637 0.753906

0.523438 0.761719
0.523437 0.761719

0.523438 0.769531
0.523437 0.769531

0.523438 0.771484
0.523438 0.769531

0.523438 0.773438
0.523437 0.773438

0.519531 0.784794
0.520386 0.785156

0.523438 0.786444
0.520398 0.785156

0.527344 0.440561
0.525818 0.441406

0.523438 0.442861
0.526064 0.441406

0.523438 0.445313
0.523438 0.445312

0.527344 0.46765
0.524831 0.46875

0.523438 0.469317
0.524732 0.46875

0.523438 0.75612
0.526508 0.757812

0.527344 0.758266
0.526521 0.757812

0.527344 0.761719
0.527344 0.761719

0.523438 0.769531
0.523438 0.773438

0.523438 0.786622
0.527344 0.788197

0.527344 0.440519
0.53125 0.438768

0.527344 0.441406
0.527344 0.441406

0.53125 0.449219
0.53125 0.449219

0.53125 0.453125
0.53125 0.453125

0.527344 0.457031
0.53125 0.457031

0.527344 0.467864
0.53125 0.466429

0.527344 0.758235
0.53125 0.760251

0.527344 0.773438
0.527344 0.773438

0.527344 0.777344
0.53125 0.777344

0.527344 0.78802
0.530017 0.789062

0.53125 0.789498
0.530134 0.789062

0.53125 0.438672
0.535156 0.437729

0.53125 0.453125
0.53125 0.453125

0.53125 0.466381
0.535156 0.464858

0.53125 0.760285
0.534219 0.761719

0.535156 0.76217
0.534223 0.761719

0.53125 0.785156
0.53125 0.785156

0.53125 0.789062
0.53125 0.789062

0.53125 0.789529
0.535156 0.790908

0.535156 0.437552
0.539062 0.437559

0.539062 0.451172
0.539062 0.449219

0.539062 0.460937
0.539062 0.460938

0.539062 0.462729
0.535308 0.464844

0.535156 0.464916
0.535293 0.464844

0.535156 0.762129
0.539062 0.763896

0.535156 0.789062
0.535156 0.789062

0.535156 0.790966
0.539062 0.792357

0.542969 0.439017
0.539147 0.4375

0.542969 0.453125
0.542969 0.453125

0.542969 0.457031
0.542969 0.457031

0.542969 0.459495
0.54156 0.460938

0.539062 0.462772
0.541364 0.460938

0.539062 0.763935
0.542969 0.76559

0.542969 0.765625
0.542969 0.765625

0.542969 0.769531
0.542969 0.769531

0.542969 0.785156
0.542969 0.785156

0.539062 0.789062
0.539063 0.789062

0.539062 0.792376
0.540858 0.792969

0.542969 0.793629
0.540966 0.792969

0.542969 0.438892
0.545737 0.441406

0.546875 0.443659
0.545692 0.441406

0.546875 0.445313
0.546875 0.445312

0.546875 0.450954
0.546453 0.453125

0.546611 0.453125
0.544832 0.457031

0.542969 0.459421
0.544834 0.457031

0.542969 0.765591
0.543051 0.765625

0.546875 0.767162
0.543082 0.765625

0.542969 0.785156
0.542969 0.785156

0.542969 0.79361
0.546875 0.794597

0.546875 0.443893
0.547486 0.445312

0.547173 0.445312
0.547269 0.449219

0.546875 0.450999
0.547221 0.449219

0.546875 0.453125
0.546875 0.453125

0.546875 0.767196
0.550781 0.768661

0.546875 0.792969
0.546875 0.792969

0.546875 0.795021
0.550781 0.795926

0.550781 0.768648
0.553412 0.769531

0.554688 0.769946
0.553452 0.769531

0.550781 0.795537
0.554688 0.796469

0.554688 0.769864
0.558594 0.771154

0.558594 0.783203
0.558594 0.78125

0.554688 0.796403
0.55679 0.796875

0.558594 0.797279
0.556797 0.796875

0.558594 0.771255
0.5625 0.772506

0.558594 0.797255
0.5625 0.798085

0.5625 0.772525
0.565872 0.773438

0.566406 0.773578
0.565887 0.773438

0.566406 0.785156
0.566406 0.785156

0.566406 0.785156
0.566406 0.785156

0.5625 0.798193
0.566406 0.798811

0.566406 0.773466
0.570312 0.774523

0.570312 0.777344
0.570312 0.777344

0.566406 0.789062
0.570312 0.789062

0.570312 0.789063
0.570312 0.789062

0.566406 0.799104
0.570312 0.799854

0.570312 0.7743
0.574219 0.775254

0.574219 0.78125
0.574219 0.785156

0.570312 0.789062
0.570313 0.789062

0.570312 0.789063
0.570313 0.789062

0.570312 0.79957
0.574219 0.800511

0.574219 0.775473
0.578125 0.776334

0.578125 0.777344
0.578125 0.777344

0.574219 0.789063
0.574219 0.789062

0.574219 0.800418
0.576081 0.800781

0.578125 0.801155
0.576211 0.800781

0.578125 0.776436
0.582031 0.777342

0.582031 0.777344
0.582031 0.777344

0.578125 0.801166
0.582031 0.801885

0.585938 0.778092
0.582063 0.777344

0.585938 0.785156
0.585937 0.785156

0.582031 0.800781
0.582031 0.800781

0.582031 0.80192
0.585938 0.80253

0.585938 0.777844
0.589844 0.77864

0.589844 0.78125
0.589844 0.78125

0.585938 0.800781
0.585938 0.800781

0.585938 0.803566
0.589844 0.80389

0.589844 0.778955
0.59375 0.77966

0.589844 0.796875
0.589844 0.796875

0.589844 0.800781
0.589844 0.800781

0.589844 0.803467
0.59375 0.803878

0.59375 0.779563
0.597656 0.780055

0.597656 0.78125
0.597656 0.78125

0.597656 0.785156
0.597656 0.785156

0.59375 0.803597
0.597656 0.804128

0.597656 0.780037
0.601562 0.780544

0.601562 0.78125
0.601562 0.78125

0.601562 0.796875
0.601562 0.796875

0.597656 0.800781
0.597656 0.800781

0.597656 0.804022
0.601562 0.804316

0.601562 0.780581
0.605469 0.781067

0.605469 0.78125
0.605469 0.78125

0.605469 0.785156
0.605469 0.785156

0.601562 0.792969
0.601563 0.792969

0.601562 0.796875
0.601563 0.796875

0.601562 0.800781
0.601563 0.800781

0.601562 0.804318
0.605469 0.804446

0.605469 0.781063
0.607274 0.78125

0.609375 0.781462
0.607336 0.78125

0.609375 0.785156
0.609375 0.785156

0.605469 0.804498
0.609375 0.804534

0.609375 0.78141
0.613281 0.781793

0.613281 0.785156
0.613281 0.785156

0.613281 0.794922
0.613281 0.792969

0.609375 0.804621
0.613281 0.804626

0.613281 0.781638
0.617188 0.782055

0.613281 0.792969
0.613281 0.792969

0.613281 0.796875
0.613281 0.796875

0.613281 0.800781
0.613281 0.800781

0.613281 0.804647
0.617188 0.804648

0.617188 0.781847
0.621094 0.782292

0.617188 0.800781
0.617188 0.800781

0.617188 0.804646
0.621094 0.804648

0.621094 0.781631
0.625 0.781689

0.625 0.785156
0.625 0.785156

0.621094 0.804579
0.625 0.804591

0.625 0.781703
0.628906 0.781828

0.628906 0.785156
0.628906 0.785156

0.625 0.789063
0.625 0.789062

0.625 0.792969
0.628906 0.792969

0.625 0.800781
0.625 0.800781

0.625 0.80441
0.628906 0.804499

0.628906 0.782035
0.632812 0.782351

0.632812 0.785156
0.632812 0.785156

0.628906 0.792969
0.628906 0.792969

0.628906 0.804534
0.632812 0.804367

0.632812 0.783207
0.636719 0.783228

0.636719 0.785156
0.636719 0.785156

0.636719 0.789063
0.636719 0.789062

0.636719 0.800781
0.636719 0.800781

0.632812 0.80437
0.636719 0.803603

0.636719 0.783212
0.640625 0.783209

0.636719 0.785156
0.636719 0.785156

0.640625 0.800781
0.640625 0.800781

0.636719 0.803809
0.640625 0.803238

0.640625 0.783207
0.644531 0.783217

0.640625 0.804015
0.644531 0.804133

0.644531 0.783229
0.648438 0.783231

0.648438 0.785156
0.648437 0.785156

0.648438 0.789063
0.648437 0.789062

0.648438 0.792969
0.648437 0.792969

0.644531 0.803961
0.648438 0.804125

0.648438 0.783241
0.652344 0.783189

0.648438 0.785156
0.648438 0.785156

0.648438 0.789063
0.648438 0.789062

0.648438 0.792969
0.648438 0.792969

0.648438 0.804234
0.652344 0.804299

0.652344 0.782668
0.65625 0.782132

0.65625 0.800781
0.65625 0.800781

0.652344 0.804103
0.65625 0.803883

0.65625 0.782475
0.660156 0.781636

0.660156 0.796875
0.660156 0.796875

0.65625 0.803077
0.660156 0.80226

0.664062 0.781187
0.663656 0.78125

0.660156 0.781745
0.663363 0.78125

0.664062 0.792969
0.664062 0.792969

0.664062 0.796875
0.664062 0.796875

0.664062 0.800781
0.664062 0.800781

0.660156 0.802028
0.664062 0.801134

0.664062 0.781194
0.667969 0.780684

0.667969 0.796875
0.667969 0.796875

0.667969 0.800631
0.667232 0.800781

0.664062 0.801204
0.66614 0.800781

0.667969 0.780734
0.671875 0.780124

0.667969 0.78125
0.667969 0.78125

0.667969 0.800532
0.671875 0.799513

0.671875 0.779999
0.675781 0.779438

0.671875 0.78125
0.671875 0.78125

0.675781 0.796875
0.675781 0.796875

0.671875 0.799833
0.675781 0.799135

0.675781 0.779684
0.679688 0.778933

0.679688 0.789063
0.679687 0.789062

0.675781 0.798788
0.679688 0.798401

0.679688 0.778798
0.683594 0.777585

0.683594 0.789062
0.683594 0.789062

0.683594 0.796875
0.683594 0.796875

0.679688 0.798256
0.683594 0.797879

0.6875 0.776217
0.684168 0.777344

0.683594 0.777567
0.684253 0.777344

0.683594 0.787109
0.683594 0.785156

0.683594 0.798062
0.6875 0.797616

0.6875 0.776221
0.691406 0.774925

0.691406 0.79629
0.689842 0.796875

0.6875 0.79798
0.690455 0.796875

0.691406 0.774956
0.695312 0.773601

0.691406 0.796418
0.695312 0.793419

0.699219 0.772165
0.695629 0.773438

0.695312 0.773604
0.695783 0.773438

0.695312 0.792892
0.699219 0.789409

0.695312 0.793424
0.695786 0.792969

0.699219 0.772312
0.703125 0.770726

0.699219 0.773438
0.699219 0.773438

0.703125 0.786687
0.699426 0.789062

0.699219 0.78935
0.699638 0.789062

0.707031 0.76875
0.705416 0.769531

0.703125 0.770631
0.7054 0.769531

0.703125 0.773438
0.703125 0.773438

0.703125 0.786842
0.707031 0.785422

0.707031 0.768824
0.710938 0.766658

0.710938 0.784676
0.708942 0.785156

0.707031 0.785542
0.708634 0.785156

0.714844 0.764112
0.712395 0.765625

0.710938 0.766626
0.712559 0.765625

0.710938 0.769531
0.710938 0.769531

0.710938 0.784808
0.714844 0.783821

0.714844 0.764058
0.71875 0.761772

0.71875 0.78125
0.71875 0.78125

0.714844 0.783754
0.71875 0.782521

0.71875 0.761478
0.722656 0.760095

0.71875 0.761754
0.71885 0.761719

0.722656 0.771484
0.722656 0.769531

0.722656 0.780743
0.721657 0.78125

0.71875 0.782795
0.721793 0.78125

0.722656 0.759626
0.726562 0.760673

0.726562 0.777344
0.726562 0.777344

0.722656 0.780976
0.726562 0.777367

0.726562 0.760611
0.727977 0.761719

0.727813 0.761719
0.7304 0.765625

0.730327 0.765625
0.730339 0.769531

0.729824 0.769531
0.72887 0.773438

0.726562 0.777293
0.728855 0.773438

0.726562 0.777364
0.726579 0.777344

