0.386719 0.633226
0.385204 0.636719

0.385337 0.636719
0.384907 0.640625

0.385035 0.640625
0.385329 0.644531

0.385288 0.644531
0.386132 0.648438

0.386719 0.650209
0.386057 0.648438

0.390625 0.628906
0.390625 0.628906

0.386719 0.632171
0.390625 0.629196

0.386719 0.632856
0.386744 0.632812

0.386719 0.636719
0.386719 0.636719

0.386719 0.648437
0.386719 0.648438

0.386719 0.64983
0.387657 0.652344

0.38766 0.652344
0.388407 0.65625

0.38754 0.65625
0.387335 0.660156

0.387222 0.660156
0.387358 0.664062

0.387501 0.664062
0.387814 0.667969

0.388515 0.667969
0.389171 0.671875

0.38943 0.671875
0.390467 0.675781

0.390625 0.676302
0.390511 0.675781

0.390625 0.629496
0.394531 0.630015

0.390625 0.636719
0.390625 0.636719

0.390625 0.644531
0.390625 0.644531

0.390625 0.648437
0.390625 0.648438

0.390625 0.652344
0.390625 0.652344

0.390625 0.65625
0.390625 0.65625

0.390625 0.667969
0.390625 0.667969

0.390625 0.675781
0.390625 0.675781

0.390625 0.67642
0.391343 0.679688

0.391121 0.679688
0.391886 0.683594

0.391013 0.683594
0.391066 0.6875

0.390862 0.6875
0.390838 0.691406

0.391489 0.691406
0.392118 0.695312

0.392533 0.695312
0.393523 0.699219

0.394531 0.701646
0.393533 0.699219

0.394531 0.630742
0.398438 0.632731

0.394531 0.660156
0.394531 0.660156

0.394531 0.660156
0.394531 0.660156

0.394531 0.675781
0.394531 0.675781

0.394531 0.6875
0.394531 0.6875

0.394531 0.695312
0.394531 0.695312

0.394531 0.701401
0.39524 0.703125

0.395235 0.703125
0.396962 0.707031

0.398438 0.710391
0.396983 0.707031

0.398438 0.632784
0.398484 0.632812

0.402344 0.635398
0.398548 0.632812

0.402344 0.652344
0.402344 0.652344

0.402344 0.652344
0.402344 0.652344

0.398438 0.664063
0.398438 0.664062

0.402344 0.671875
0.402344 0.671875

0.398438 0.691406
0.398438 0.691406

0.398438 0.707031
0.398438 0.707031

0.398438 0.710369
0.398683 0.710938

0.398754 0.710938
0.400434 0.714844

0.400436 0.714844
0.401944 0.71875

0.402344 0.719836
0.401911 0.71875

0.402344 0.635428
0.403932 0.636719

0.40625 0.638774
0.403964 0.636719

0.402344 0.652344
0.402344 0.652344

0.40625 0.65625
0.40625 0.65625

0.402344 0.667969
0.402344 0.667969

0.40625 0.675781
0.40625 0.675781

0.402344 0.679688
0.40625 0.679688

0.40625 0.689453
0.40625 0.6875

0.40625 0.703125
0.40625 0.703125

0.402344 0.714844
0.402344 0.714844

0.402344 0.71875
0.402344 0.71875

0.402344 0.720008
0.403398 0.722656

0.403536 0.722656
0.405064 0.726562

0.40625 0.730004
0.40497 0.726562

0.40625 0.638869
0.407883 0.640625

0.410156 0.643431
0.40801 0.640625

0.410156 0.658203
0.410156 0.65625

0.40625 0.671875
0.40625 0.671875

0.410156 0.685547
0.410156 0.683594

0.40625 0.6875
0.40625 0.6875

0.410156 0.699219
0.410156 0.699219

0.410156 0.710937
0.410156 0.710938

0.40625 0.714844
0.40625 0.714844

0.40625 0.722656
0.40625 0.722656

0.40625 0.726562
0.40625 0.726562

0.40625 0.730013
0.406419 0.730469

0.406409 0.730469
0.407985 0.734375

0.408005 0.734375
0.409692 0.738281

0.410156 0.739294
0.409703 0.738281

0.410156 0.643727
0.41071 0.644531

0.410852 0.644531
0.413128 0.648438

0.414062 0.650312
0.413261 0.648438

0.414062 0.652344
0.414062 0.652344

0.410156 0.675781
0.410156 0.675781

0.410156 0.679688
0.414062 0.679688

0.410156 0.683594
0.410156 0.683594

0.414062 0.699219
0.414062 0.699219

0.410156 0.699219
0.410156 0.699219

0.410156 0.710937
0.410156 0.710938

0.414062 0.716797
0.414062 0.714844

0.410156 0.734375
0.410156 0.734375

0.410156 0.738281
0.410156 0.738281

0.410156 0.73929
0.411453 0.742188

0.411477 0.742188
0.413216 0.746094

0.414062 0.748041
0.413144 0.746094

0.414062 0.650833
0.414708 0.652344

0.414828 0.652344
0.415828 0.65625

0.415703 0.65625
0.416287 0.660156

0.416416 0.660156
0.417235 0.664062

0.417969 0.6673
0.417133 0.664062

0.417969 0.667969
0.417969 0.667969

0.414062 0.695312
0.414063 0.695312

0.414062 0.695313
0.414063 0.695312

0.414062 0.714844
0.417969 0.714844

0.417969 0.71875
0.417969 0.71875

0.414062 0.734375
0.414063 0.734375

0.414062 0.746094
0.414063 0.746094

0.414062 0.748077
0.41497 0.75

0.41492 0.75
0.417146 0.753906

0.417969 0.75521
0.417086 0.753906

0.417969 0.667446
0.418104 0.667969

0.418069 0.667969
0.418957 0.671875

0.418891 0.671875
0.419923 0.675781

0.41995 0.675781
0.421378 0.679688

0.421875 0.680866
0.421322 0.679688

0.417969 0.695313
0.417969 0.695312

0.421875 0.705078
0.421875 0.703125

0.421875 0.71875
0.421875 0.71875

0.417969 0.755089
0.419941 0.757812

0.421875 0.760043
0.419948 0.757812

0.421875 0.68079
0.423191 0.683594

0.423233 0.683594
0.425344 0.6875

0.425781 0.688282
0.425322 0.6875

0.421875 0.703125
0.421875 0.703125

0.421875 0.703125
0.421875 0.703125

0.421875 0.71875
0.421875 0.71875

0.421875 0.71875
0.421875 0.71875

0.425781 0.728516
0.425781 0.726562

0.425781 0.740234
0.425781 0.738281

0.421875 0.753906
0.421875 0.753906

0.421875 0.759994
0.423528 0.761719

0.425781 0.763812
0.423528 0.761719

0.425781 0.688254
0.427642 0.691406

0.429688 0.69475
0.427682 0.691406

0.425781 0.707031
0.425781 0.707031

0.429688 0.728516
0.429688 0.726562

0.425781 0.742188
0.429688 0.742188

0.425781 0.742188
0.429688 0.742188

0.425781 0.757812
0.425781 0.757812

0.425781 0.761719
0.425781 0.761719

0.425781 0.76379
0.427982 0.765625

0.429688 0.767004
0.427974 0.765625

0.429688 0.69473
0.430033 0.695312

0.430027 0.695312
0.432316 0.699219

0.433594 0.701456
0.432358 0.699219

0.429688 0.730469
0.429688 0.730469

0.429688 0.742187
0.429688 0.742188

0.429688 0.753906
0.433594 0.753906

0.433594 0.753906
0.433594 0.753906

0.429688 0.766951
0.432898 0.769531

0.433594 0.770086
0.4329 0.769531

0.433594 0.701472
0.434507 0.703125

0.434417 0.703125
0.436557 0.707031

0.4375 0.708585
0.436599 0.707031

0.4375 0.740234
0.4375 0.738281

0.4375 0.757812
0.4375 0.757812

0.4375 0.757813
0.4375 0.757812

0.433594 0.770026
0.4375 0.773355

0.4375 0.708638
0.438832 0.710938

0.438792 0.710938
0.441247 0.714844

0.441406 0.715089
0.441242 0.714844

0.441406 0.722656
0.441406 0.722656

0.4375 0.726562
0.441406 0.726562

0.4375 0.730469
0.441406 0.730469

0.441406 0.746094
0.441406 0.746094

0.441406 0.746094
0.441406 0.746094

0.441406 0.757813
0.441406 0.757812

0.4375 0.761719
0.4375 0.761719

0.4375 0.773353
0.437594 0.773438

0.441406 0.776985
0.437573 0.773438

0.441406 0.715057
0.443989 0.71875

0.445312 0.720516
0.444016 0.71875

0.445312 0.746094
0.445312 0.746094

0.445312 0.746094
0.445312 0.746094

0.441406 0.757812
0.441406 0.757812

0.441406 0.773437
0.441406 0.773438

0.441406 0.776991
0.441774 0.777344

0.445312 0.780766
0.441675 0.777344

0.445312 0.720461
0.446946 0.722656

0.449219 0.725654
0.44698 0.722656

0.449219 0.726563
0.449219 0.726562

0.449219 0.734375
0.449219 0.734375

0.449219 0.742187
0.449219 0.742188

0.445312 0.746094
0.445313 0.746094

0.445312 0.746094
0.445313 0.746094

0.449219 0.753906
0.449219 0.753906

0.449219 0.769531
0.449219 0.769531

0.445312 0.780787
0.44582 0.78125

0.449219 0.784223
0.445785 0.78125

0.449219 0.725633
0.449897 0.726562

0.449896 0.726562
0.45277 0.730469

0.453125 0.730962
0.452764 0.730469

0.453125 0.734375
0.453125 0.734375

0.453125 0.753906
0.453125 0.753906

0.453125 0.767578
0.453125 0.765625

0.449219 0.78125
0.449219 0.78125

0.449219 0.78426
0.450396 0.785156

0.453125 0.787154
0.450465 0.785156

0.453125 0.731019
0.455653 0.734375

0.457031 0.736158
0.455642 0.734375

0.453125 0.757812
0.453125 0.757812

0.453125 0.757813
0.453125 0.757812

0.453125 0.777344
0.453125 0.777344

0.453125 0.787112
0.456025 0.789062

0.457031 0.789715
0.456035 0.789062

0.457031 0.736122
0.458775 0.738281

0.460938 0.740734
0.458779 0.738281

0.460938 0.742188
0.460937 0.742188

0.460938 0.746094
0.460937 0.746094

0.457031 0.75
0.460938 0.75

0.460938 0.773437
0.460937 0.773438

0.457031 0.789687
0.460938 0.792226

0.460938 0.740708
0.462327 0.742188

0.464844 0.744673
0.462335 0.742188

0.464844 0.765625
0.464844 0.765625

0.464844 0.765625
0.464844 0.765625

0.460938 0.773438
0.464844 0.773438

0.460938 0.792231
0.462081 0.792969

0.464844 0.794769
0.462069 0.792969

0.464844 0.744664
0.466377 0.746094

0.46875 0.748215
0.466379 0.746094

0.464844 0.765625
0.464844 0.765625

0.464844 0.773437
0.464844 0.773438

0.46875 0.783203
0.46875 0.78125

0.464844 0.792969
0.464844 0.792969

0.464844 0.794788
0.468136 0.796875

0.46875 0.797261
0.468128 0.796875

0.46875 0.748226
0.470808 0.75

0.472656 0.75158
0.470805 0.75

0.46875 0.792969
0.46875 0.792969

0.46875 0.797269
0.472656 0.799637

0.472656 0.751596
0.475374 0.753906

0.476562 0.754919
0.475364 0.753906

0.476562 0.773438
0.476562 0.773438

0.472656 0.799665
0.474638 0.800781

0.476562 0.801859
0.474649 0.800781

0.476562 0.754944
0.480003 0.757812

0.480469 0.758198
0.479999 0.757812

0.476562 0.773438
0.480469 0.773438

0.480469 0.773438
0.480469 0.773438

0.480469 0.777344
0.480469 0.777344

0.476562 0.800781
0.476563 0.800781

0.476562 0.801926
0.480469 0.804004

0.480469 0.758218
0.484375 0.761328

0.484375 0.761719
0.484375 0.761719

0.480469 0.773438
0.480469 0.773438

0.480469 0.777344
0.480469 0.777344

0.484375 0.78125
0.484375 0.78125

0.480469 0.803965
0.481906 0.804688

0.484375 0.805884
0.481995 0.804688

0.484375 0.76133
0.484889 0.761719

0.488281 0.764254
0.484895 0.761719

0.484375 0.777344
0.484375 0.777344

0.484375 0.78125
0.484375 0.78125

0.484375 0.800781
0.484375 0.800781

0.484375 0.804687
0.484375 0.804688

0.484375 0.805956
0.488281 0.807876

0.488281 0.764269
0.490223 0.765625

0.492188 0.766972
0.490249 0.765625

0.492188 0.792969
0.492187 0.792969

0.492188 0.792969
0.492187 0.792969

0.488281 0.807855
0.489825 0.808594

0.492188 0.809673
0.489933 0.808594

0.492188 0.766963
0.496094 0.769528

0.496094 0.769531
0.496094 0.769531

0.492188 0.789062
0.496094 0.789062

0.492188 0.796875
0.492188 0.796875

0.492188 0.809662
0.496094 0.811382

0.496094 0.769528
0.4961 0.769531

0.5 0.77199
0.496125 0.769531

0.496094 0.789062
0.496094 0.789062

0.496094 0.811404
0.498761 0.8125

0.5 0.812984
0.498821 0.8125

0.5 0.771984
0.502323 0.773438

0.503906 0.774421
0.502335 0.773438

0.503906 0.792969
0.503906 0.792969

0.5 0.813025
0.503906 0.814439

0.503906 0.774451
0.507812 0.776826

0.507812 0.792969
0.507812 0.792969

0.507812 0.802734
0.507812 0.800781

0.503906 0.8125
0.503906 0.8125

0.503906 0.814444
0.507812 0.81584

0.507812 0.776851
0.508679 0.777344

0.511719 0.77906
0.5087 0.777344

0.511719 0.78125
0.511719 0.78125

0.507812 0.794922
0.507812 0.792969

0.511719 0.802734
0.511719 0.800781

0.507812 0.815868
0.509384 0.816406

0.511719 0.817184
0.509447 0.816406

0.511719 0.77906
0.515625 0.781097

0.511719 0.804688
0.511719 0.804688

0.511719 0.817177
0.515625 0.818226

0.515625 0.7811
0.515937 0.78125

0.519531 0.782968
0.515968 0.78125

0.519531 0.785156
0.519531 0.785156

0.519531 0.794922
0.519531 0.792969

0.519531 0.808594
0.519531 0.808594

0.515625 0.816406
0.515625 0.816406

0.515625 0.818333
0.519531 0.819493

0.519531 0.782984
0.523438 0.784706

0.523438 0.808594
0.523437 0.808594

0.519531 0.81942
0.5224 0.820312

0.523438 0.82061
0.522483 0.820312

0.523438 0.784708
0.524537 0.785156

0.527344 0.786253
0.524655 0.785156

0.523438 0.804688
0.527344 0.804688

0.523438 0.808594
0.523438 0.808594

0.523438 0.808594
0.523438 0.808594

0.523438 0.820312
0.523438 0.820312

0.523438 0.820515
0.527344 0.821593

0.527344 0.786054
0.53125 0.787418

0.53125 0.789063
0.53125 0.789062

0.527344 0.804688
0.527344 0.804688

0.527344 0.808594
0.527344 0.808594

0.527344 0.821709
0.53125 0.822645

0.53125 0.787563
0.535156 0.788833

0.535156 0.789063
0.535156 0.789062

0.53125 0.804688
0.535156 0.804688

0.535156 0.8125
0.535156 0.8125

0.53125 0.822625
0.535156 0.823607

0.535156 0.788839
0.535752 0.789062

0.539062 0.790303
0.535755 0.789062

0.539062 0.8125
0.539062 0.8125

0.535156 0.823588
0.537365 0.824219

0.539062 0.824692
0.537405 0.824219

0.539062 0.790428
0.542969 0.79183

0.542969 0.798828
0.542969 0.796875

0.539062 0.8125
0.539063 0.8125

0.539062 0.8125
0.539063 0.8125

0.539062 0.824682
0.542969 0.82563

0.542969 0.791817
0.546875 0.792935

0.546875 0.792969
0.546875 0.792969

0.542969 0.825743
0.546875 0.826329

0.546875 0.792906
0.547094 0.792969

0.550781 0.793914
0.547485 0.792969

0.550781 0.796875
0.550781 0.796875

0.546875 0.800781
0.550781 0.800781

0.550781 0.8125
0.550781 0.8125

0.546875 0.826588
0.550781 0.827245

0.550781 0.793774
0.554688 0.794857

0.554688 0.8125
0.554687 0.8125

0.550781 0.826967
0.554688 0.827832

0.554688 0.795021
0.558594 0.79604

0.558594 0.796875
0.558594 0.796875

0.554688 0.810547
0.554688 0.808594

0.554688 0.824219
0.554688 0.824219

0.554688 0.827742
0.557007 0.828125

0.558594 0.828368
0.557119 0.828125

0.558594 0.796114
0.561363 0.796875

0.5625 0.7972
0.561317 0.796875

0.558594 0.8125
0.558594 0.8125

0.558594 0.828363
0.5625 0.828915

0.5625 0.797105
0.566406 0.798201

0.5625 0.8125
0.566406 0.8125

0.5625 0.8125
0.5625 0.8125

0.566406 0.822266
0.566406 0.820312

0.5625 0.828916
0.566406 0.829407

0.566406 0.798448
0.570312 0.799245

0.570312 0.800781
0.570312 0.800781

0.566406 0.829399
0.570312 0.829845

0.570312 0.799009
0.574219 0.79953

0.570312 0.829931
0.574219 0.830175

0.574219 0.799542
0.578125 0.800235

0.578125 0.800781
0.578125 0.800781

0.578125 0.804688
0.578125 0.804688

0.578125 0.808594
0.578125 0.808594

0.578125 0.8125
0.578125 0.8125

0.578125 0.820312
0.578125 0.820312

0.578125 0.822266
0.578125 0.820312

0.574219 0.828125
0.574219 0.828125

0.574219 0.831072
0.578125 0.831311

0.578125 0.800314
0.580802 0.800781

0.582031 0.801001
0.580772 0.800781

0.582031 0.804688
0.582031 0.804688

0.578125 0.810547
0.578125 0.808594

0.578125 0.8125
0.578125 0.8125

0.578125 0.820312
0.578125 0.824219

0.578125 0.830838
0.582031 0.831313

0.582031 0.800957
0.585938 0.801487

0.582031 0.828125
0.582031 0.828125

0.582031 0.831052
0.585938 0.831546

0.585938 0.801249
0.589844 0.801694

0.589844 0.804688
0.589844 0.804688

0.589844 0.8125
0.589844 0.8125

0.585938 0.8125
0.589844 0.8125

0.585938 0.816406
0.589844 0.816406

0.585938 0.820312
0.589844 0.820312

0.585938 0.831363
0.589844 0.8318

0.589844 0.8014
0.59375 0.801733

0.59375 0.804688
0.59375 0.804688

0.589844 0.831745
0.592768 0.832031

0.59375 0.832124
0.592801 0.832031

0.59375 0.801458
0.597656 0.801753

0.597656 0.816406
0.597656 0.816406

0.59375 0.820312
0.597656 0.820312

0.59375 0.832115
0.597656 0.832458

0.597656 0.801515
0.601562 0.801762

0.601562 0.804688
0.601562 0.804688

0.601562 0.808594
0.601562 0.808594

0.597656 0.8125
0.601562 0.8125

0.597656 0.832031
0.597656 0.832031

0.597656 0.83246
0.601562 0.832783

0.601562 0.802788
0.605469 0.802964

0.605469 0.804688
0.605469 0.804688

0.601562 0.816406
0.601563 0.816406

0.605469 0.820313
0.605469 0.820312

0.601562 0.83279
0.605469 0.833076

0.605469 0.803023
0.609375 0.803144

0.609375 0.808594
0.609375 0.808594

0.609375 0.816406
0.609375 0.816406

0.605469 0.820313
0.605469 0.820312

0.605469 0.833086
0.609375 0.833304

0.609375 0.803114
0.613281 0.803122

0.613281 0.804688
0.613281 0.804688

0.609375 0.8125
0.609375 0.8125

0.609375 0.8125
0.609375 0.8125

0.609375 0.83331
0.613281 0.833428

0.613281 0.803099
0.617188 0.803099

0.617188 0.820312
0.617187 0.820312

0.617188 0.820313
0.617187 0.820312

0.613281 0.833426
0.617188 0.833437

0.617188 0.80312
0.621094 0.803119

0.617188 0.804688
0.617188 0.804688

0.621094 0.808594
0.621094 0.808594

0.617188 0.820312
0.617188 0.820312

0.617188 0.820313
0.617188 0.820312

0.617188 0.833428
0.621094 0.833356

0.621094 0.80314
0.625 0.803054

0.621094 0.804688
0.621094 0.804688

0.621094 0.833346
0.625 0.83323

0.625 0.803091
0.628906 0.802806

0.625 0.804688
0.625 0.804688

0.625 0.808594
0.625 0.808594

0.628906 0.8125
0.628906 0.8125

0.625 0.820312
0.628906 0.820312

0.628906 0.824219
0.628906 0.824219

0.628906 0.828125
0.628906 0.828125

0.628906 0.832031
0.628906 0.832031

0.625 0.833225
0.628906 0.833092

0.628906 0.802185
0.632812 0.801621

0.628906 0.804688
0.628906 0.804688

0.628906 0.808594
0.628906 0.808594

0.628906 0.824219
0.628906 0.824219

0.628906 0.828125
0.628906 0.828125

0.632812 0.832031
0.632812 0.832031

0.628906 0.833086
0.632812 0.832957

0.632812 0.801837
0.636719 0.8013

0.632812 0.804688
0.632813 0.804688

0.632812 0.8125
0.632813 0.8125

0.636719 0.832031
0.636719 0.832031

0.632812 0.832944
0.636719 0.832859

0.636719 0.801454
0.640625 0.801117

0.636719 0.804688
0.636719 0.804688

0.636719 0.816406
0.636719 0.816406

0.636719 0.816406
0.636719 0.816406

0.640625 0.824219
0.640625 0.824219

0.636719 0.832881
0.640625 0.832822

0.640625 0.801238
0.644531 0.800951

0.640625 0.808594
0.640625 0.808594

0.640625 0.820313
0.640625 0.820312

0.644531 0.832031
0.644531 0.832031

0.640625 0.832963
0.644531 0.832603

0.648438 0.800753
0.648056 0.800781

0.644531 0.801017
0.647748 0.800781

0.644531 0.810547
0.644531 0.808594

0.644531 0.822266
0.644531 0.820312

0.648438 0.8315
0.646551 0.832031

0.644531 0.832741
0.647052 0.832031

0.648438 0.800773
0.652344 0.80037

0.648438 0.804688
0.648438 0.804688

0.648438 0.8125
0.648438 0.8125

0.648438 0.831334
0.652344 0.830303

0.652344 0.800359
0.65625 0.799784

0.652344 0.800781
0.652344 0.800781

0.65625 0.808594
0.65625 0.808594

0.65625 0.828125
0.65625 0.828125

0.652344 0.830181
0.65625 0.829959

0.65625 0.799852
0.660156 0.79899

0.660156 0.810547
0.660156 0.808594

0.65625 0.828125
0.65625 0.828125

0.65625 0.830748
0.660156 0.831183

0.660156 0.798824
0.664062 0.797534

0.664062 0.808594
0.664062 0.808594

0.660156 0.824219
0.660156 0.824219

0.660156 0.831056
0.664062 0.831492

0.667969 0.796113
0.665942 0.796875

0.664062 0.79757
0.665911 0.796875

0.664062 0.808594
0.664063 0.808594

0.664062 0.808594
0.664063 0.808594

0.664062 0.820312
0.664063 0.820312

0.664062 0.831611
0.667969 0.830579

0.667969 0.795887
0.671875 0.794932

0.667969 0.796875
0.667969 0.796875

0.667969 0.818359
0.667969 0.816406

0.671875 0.824219
0.671875 0.824219

0.671875 0.826784
0.669923 0.828125

0.667969 0.830472
0.671583 0.828125

0.671875 0.795345
0.675781 0.794519

0.671875 0.800781
0.671875 0.800781

0.671875 0.816406
0.675781 0.816406

0.671875 0.826912
0.675781 0.824963

0.675781 0.794317
0.679688 0.793166

0.679688 0.820312
0.679687 0.820312

0.679688 0.824219
0.679687 0.824219

0.675781 0.825221
0.679688 0.824734

0.683594 0.792065
0.680507 0.792969

0.679688 0.793167
0.680364 0.792969

0.683594 0.8125
0.683594 0.8125

0.683594 0.816406
0.683594 0.816406

0.683594 0.820312
0.683594 0.820312

0.679688 0.824219
0.679688 0.824219

0.679688 0.824912
0.683594 0.825016

0.683594 0.792132
0.6875 0.790811

0.683594 0.808594
0.683594 0.808594

0.683594 0.816406
0.683594 0.816406

0.6875 0.820312
0.6875 0.820312

0.683594 0.825277
0.6875 0.825092

0.6875 0.790856
0.691406 0.789116

0.6875 0.792969
0.6875 0.792969

0.691406 0.796875
0.691406 0.796875

0.691406 0.800781
0.691406 0.800781

0.691406 0.810547
0.691406 0.808594

0.691406 0.820312
0.691406 0.820312

0.691406 0.823595
0.689722 0.824219

0.6875 0.825434
0.690779 0.824219

0.691406 0.78904
0.695312 0.786943

0.691406 0.789117
0.691509 0.789062

0.691406 0.796875
0.691406 0.796875

0.695312 0.808594
0.695312 0.808594

0.695312 0.810547
0.695312 0.808594

0.695312 0.816406
0.695312 0.816406

0.691406 0.823564
0.695312 0.821195

0.699219 0.784687
0.698378 0.785156

0.695312 0.786886
0.698412 0.785156

0.695312 0.789063
0.695313 0.789062

0.695312 0.800781
0.695313 0.800781

0.695312 0.800781
0.699219 0.800781

0.695312 0.810547
0.695312 0.808594

0.699219 0.818794
0.696301 0.820312

0.695312 0.820983
0.696601 0.820312

0.699219 0.784696
0.703125 0.782568

0.699219 0.785156
0.699219 0.785156

0.703125 0.804687
0.703125 0.804688

0.699219 0.818827
0.703125 0.817618

0.707031 0.780448
0.705579 0.78125

0.703125 0.782621
0.705605 0.78125

0.703125 0.785156
0.703125 0.785156

0.707031 0.794922
0.707031 0.792969

0.707031 0.804687
0.707031 0.804688

0.707031 0.808594
0.707031 0.808594

0.707031 0.808594
0.707031 0.808594

0.707031 0.816406
0.707031 0.816406

0.703125 0.81774
0.707031 0.817137

0.707031 0.780548
0.710938 0.77808

0.710938 0.792969
0.710937 0.792969

0.707031 0.804687
0.707031 0.804688

0.707031 0.808594
0.707031 0.808594

0.710938 0.8125
0.710937 0.8125

0.707031 0.817379
0.710938 0.816655

0.714844 0.77511
0.71193 0.777344

0.710938 0.778043
0.711923 0.777344

0.714844 0.789063
0.714844 0.789062

0.710938 0.808594
0.710938 0.808594

0.714844 0.815196
0.711805 0.816406

0.710938 0.81682
0.711977 0.816406

0.71875 0.77146
0.716666 0.773438

0.714844 0.775126
0.716768 0.773438

0.714844 0.789062
0.714844 0.789062

0.71875 0.8125
0.71875 0.8125

0.714844 0.815148
0.71875 0.812661

0.722656 0.76732
0.720579 0.769531

0.71875 0.771443
0.720613 0.769531

0.71875 0.789063
0.71875 0.789062

0.71875 0.792969
0.722656 0.792969

0.71875 0.812376
0.722656 0.809651

0.71875 0.812652
0.718959 0.8125

0.726562 0.763052
0.724277 0.765625

0.722656 0.767321
0.724221 0.765625

0.726562 0.804687
0.726562 0.804688

0.726562 0.80736
0.724401 0.808594

0.722656 0.80954
0.724313 0.808594

0.730469 0.758422
0.727808 0.761719

0.726562 0.763075
0.727745 0.761719

0.726562 0.765625
0.726563 0.765625

0.730469 0.777344
0.730469 0.777344

0.730469 0.804687
0.730469 0.804688

0.726562 0.807477
0.730469 0.805628

0.734375 0.752686
0.733667 0.753906

0.733627 0.753906
0.730933 0.757812

0.730469 0.758434
0.730944 0.757812

0.734375 0.78125
0.734375 0.78125

0.734375 0.78125
0.734375 0.78125

0.734375 0.803624
0.732528 0.804688

0.730469 0.80588
0.732559 0.804688

0.738281 0.60334
0.736707 0.605469

0.736977 0.605469
0.736432 0.609375

0.738281 0.6126
0.737107 0.609375

0.738281 0.745078
0.737809 0.746094

0.737835 0.746094
0.735877 0.75

0.734375 0.752614
0.735893 0.75

0.734375 0.753906
0.734375 0.753906

0.734375 0.78125
0.734375 0.78125

0.734375 0.78125
0.734375 0.78125

0.738281 0.796875
0.738281 0.796875

0.738281 0.800195
0.73772 0.800781

0.734375 0.803763
0.737818 0.800781

0.738281 0.60355
0.742188 0.60173

0.738281 0.612242
0.73866 0.613281

0.738723 0.613281
0.740249 0.617188

0.740192 0.617188
0.741606 0.621094

0.742188 0.622468
0.74167 0.621094

0.742188 0.73651
0.741372 0.738281

0.741379 0.738281
0.739597 0.742188

0.738281 0.744991
0.739584 0.742188

0.738281 0.757813
0.738281 0.757812

0.742188 0.771484
0.742188 0.769531

0.742188 0.792969
0.742187 0.792969

0.742188 0.795295
0.740916 0.796875

0.738281 0.800037
0.741032 0.796875

0.742188 0.602448
0.746094 0.605009

0.742188 0.622589
0.743096 0.625

0.742985 0.625
0.744157 0.628906

0.744202 0.628906
0.745237 0.632812

0.746094 0.63533
0.74537 0.632812

0.746094 0.726954
0.744826 0.730469

0.744682 0.730469
0.743042 0.734375

0.742188 0.736431
0.743134 0.734375

0.742188 0.771484
0.742188 0.769531

0.746094 0.785156
0.746094 0.785156

0.746094 0.790681
0.744145 0.792969

0.742188 0.795264
0.744077 0.792969

0.746094 0.605293
0.746263 0.605469

0.746254 0.605469
0.749138 0.609375

0.75 0.612024
0.748859 0.609375

0.746094 0.628906
0.746094 0.628906

0.746094 0.635525
0.746437 0.636719

0.746388 0.636719
0.747462 0.640625

0.747637 0.640625
0.748486 0.644531

0.748305 0.644531
0.74902 0.648438

0.749108 0.648438
0.749877 0.652344

0.75 0.653115
0.749858 0.652344

0.75 0.71303
0.749651 0.714844

0.749626 0.714844
0.748657 0.71875

0.748645 0.71875
0.747526 0.722656

0.747532 0.722656
0.746255 0.726562

0.746094 0.72699
0.746248 0.726562

0.746094 0.734375
0.746094 0.734375

0.75 0.744141
0.75 0.742188

0.75 0.753906
0.75 0.753906

0.75 0.765625
0.75 0.765625

0.75 0.785156
0.75 0.785156

0.75 0.78618
0.747626 0.789062

0.746094 0.790723
0.747529 0.789062

0.75 0.612033
0.750538 0.613281

0.75044 0.613281
0.751681 0.617188

0.751701 0.617188
0.753111 0.621094

0.753906 0.623056
0.753098 0.621094

0.75 0.644531
0.75 0.644531

0.75 0.653245
0.750555 0.65625

0.750417 0.65625
0.751243 0.660156

0.750868 0.660156
0.751388 0.664062

0.751937 0.664062
0.752014 0.667969

0.751917 0.667969
0.752097 0.671875

0.752207 0.671875
0.752465 0.675781

0.752445 0.675781
0.752602 0.679688

0.752604 0.679688
0.752697 0.683594

0.752707 0.683594
0.75271 0.6875

0.752731 0.6875
0.752584 0.691406

0.752556 0.691406
0.752273 0.695312

0.752205 0.695312
0.751978 0.699219

0.752055 0.699219
0.751865 0.703125

0.751499 0.703125
0.750842 0.707031

0.751044 0.707031
0.750201 0.710938

0.75 0.713003
0.750398 0.710938

0.75 0.71875
0.75 0.71875

0.75 0.726563
0.75 0.726562

0.753906 0.753906
0.753906 0.753906

0.75 0.757812
0.75 0.757812

0.75 0.761719
0.753906 0.761719

0.75 0.761719
0.753906 0.761719

0.75 0.765625
0.75 0.765625

0.753906 0.777344
0.753906 0.777344

0.753906 0.78096
0.753714 0.78125

0.753702 0.78125
0.750839 0.785156

0.75 0.786208
0.750832 0.785156

0.753906 0.623166
0.754662 0.625

0.754651 0.625
0.756151 0.628906

0.75617 0.628906
0.757618 0.632812

0.757812 0.633353
0.757629 0.632812

0.757812 0.640625
0.757812 0.640625

0.753906 0.671875
0.753906 0.671875

0.753906 0.6875
0.753906 0.6875

0.753906 0.6875
0.753906 0.6875

0.753906 0.691406
0.753906 0.691406

0.753906 0.703125
0.753906 0.703125

0.757812 0.740234
0.757812 0.738281

0.753906 0.75
0.753906 0.75

0.757812 0.774785
0.756251 0.777344

0.753906 0.780884
0.756252 0.777344

0.757812 0.633346
0.758961 0.636719

0.758952 0.636719
0.760129 0.640625

0.760182 0.640625
0.761287 0.644531

0.761719 0.646274
0.761254 0.644531

0.761719 0.652344
0.761719 0.652344

0.761719 0.677734
0.761719 0.675781

0.757812 0.6875
0.757813 0.6875

0.757812 0.6875
0.757813 0.6875

0.757812 0.691406
0.757813 0.691406

0.761719 0.703125
0.761719 0.703125

0.761719 0.703125
0.761719 0.703125

0.757812 0.738281
0.757813 0.738281

0.757812 0.742187
0.757813 0.742188

0.761719 0.767647
0.760853 0.769531

0.760804 0.769531
0.758657 0.773438

0.757812 0.774765
0.758622 0.773438

0.761719 0.646447
0.762249 0.648438

0.762245 0.648438
0.763221 0.652344

0.763581 0.652344
0.764668 0.65625

0.764323 0.65625
0.765503 0.660156

0.765625 0.660379
0.76557 0.660156

0.765625 0.664063
0.765625 0.664062

0.765625 0.675781
0.765625 0.675781

0.761719 0.703125
0.761719 0.703125

0.765625 0.746094
0.765625 0.746094

0.765625 0.755492
0.765037 0.757812

0.765074 0.757812
0.763972 0.761719

0.763984 0.761719
0.762657 0.765625

0.761719 0.767571
0.762613 0.765625

0.765625 0.660324
0.766544 0.664062

0.766511 0.664062
0.767145 0.667969

0.767143 0.667969
0.767518 0.671875

0.768682 0.671875
0.768867 0.675781

0.767999 0.675781
0.76864 0.679688

0.768329 0.679688
0.769406 0.683594

0.769531 0.684628
0.76931 0.683594

0.769531 0.699219
0.769531 0.699219

0.769531 0.722656
0.769531 0.722656

0.769531 0.731526
0.769187 0.734375

0.769256 0.734375
0.768672 0.738281

0.768893 0.738281
0.768255 0.742188

0.768635 0.742188
0.768092 0.746094

0.767485 0.746094
0.766856 0.75

0.766777 0.75
0.765954 0.753906

0.765625 0.755417
0.766008 0.753906

0.769531 0.683919
0.770299 0.6875

0.770253 0.6875
0.770818 0.691406

0.770755 0.691406
0.771211 0.695312

0.771325 0.695312
0.771569 0.699219

0.771458 0.699219
0.771484 0.703125

0.773315 0.703125
0.77331 0.707031

0.771502 0.707031
0.771424 0.710938

0.77145 0.710938
0.771236 0.714844

0.771206 0.714844
0.770866 0.71875

0.770858 0.71875
0.770469 0.722656

0.770463 0.722656
0.770052 0.726562

0.770051 0.726562
0.769633 0.730469

0.769531 0.731501
0.769656 0.730469

