0.511719 0.813083
0.509672 0.816406

0.508639 0.816406
0.509113 0.820312

0.511719 0.822396
0.510142 0.820312

0.515625 0.809617
0.512326 0.8125

0.511719 0.813126
0.512142 0.8125

0.511719 0.822346
0.513937 0.824219

0.515625 0.824971
0.514404 0.824219

0.519531 0.807826
0.518022 0.808594

0.515625 0.809621
0.517626 0.808594

0.515625 0.8125
0.515625 0.8125

0.515625 0.820312
0.515625 0.820312

0.515625 0.824219
0.515625 0.824219

0.515625 0.824929
0.519531 0.826158

0.519531 0.807875
0.523438 0.806737

0.519531 0.808594
0.519531 0.808594

0.519531 0.8125
0.519531 0.8125

0.519531 0.816406
0.519531 0.816406

0.519531 0.826527
0.523438 0.827212

0.523438 0.80633
0.527344 0.805557

0.523438 0.8125
0.523438 0.8125

0.523438 0.824219
0.523438 0.824219

0.523438 0.826732
0.527344 0.827534

0.527344 0.80575
0.53125 0.805223

0.527344 0.808594
0.527344 0.808594

0.527344 0.827375
0.530334 0.828125

0.53125 0.828356
0.530327 0.828125

0.53125 0.80538
0.535156 0.805034

0.53125 0.808594
0.53125 0.808594

0.535156 0.816406
0.535156 0.816406

0.53125 0.828359
0.535156 0.82939

0.535156 0.805109
0.539062 0.804875

0.535156 0.808594
0.535156 0.808594

0.539062 0.8125
0.539062 0.8125

0.535156 0.820312
0.539062 0.820312

0.535156 0.829339
0.539062 0.830513

0.539062 0.804753
0.542969 0.804768

0.542969 0.808594
0.542969 0.808594

0.539062 0.8125
0.539063 0.8125

0.542969 0.818359
0.542969 0.816406

0.539062 0.830504
0.542969 0.831946

0.542969 0.804869
0.546875 0.805231

0.546875 0.820313
0.546875 0.820312

0.542969 0.831946
0.543181 0.832031

0.546875 0.833601
0.54299 0.832031

0.546875 0.805125
0.550781 0.805899

0.550781 0.808594
0.550781 0.808594

0.546875 0.824219
0.546875 0.824219

0.546875 0.832031
0.546875 0.832031

0.546875 0.833695
0.550781 0.835307

0.550781 0.806171
0.554688 0.807116

0.550781 0.824219
0.550781 0.824219

0.550781 0.835274
0.552465 0.835938

0.554688 0.836794
0.552514 0.835938

0.554688 0.807086
0.558594 0.807964

0.558594 0.824219
0.558594 0.824219

0.554688 0.836765
0.558594 0.838148

0.558594 0.807972
0.561437 0.808594

0.5625 0.808833
0.561408 0.808594

0.5625 0.822266
0.5625 0.820312

0.558594 0.838183
0.5625 0.839503

0.5625 0.8087
0.566406 0.809758

0.566406 0.8125
0.566406 0.8125

0.5625 0.822266
0.5625 0.820312

0.566406 0.830078
0.566406 0.828125

0.5625 0.839488
0.563575 0.839844

0.566406 0.84073
0.563733 0.839844

0.566406 0.809555
0.570312 0.810533

0.566406 0.824219
0.566406 0.824219

0.566406 0.840962
0.570312 0.841813

0.574219 0.481437
0.573598 0.484375

0.574219 0.484811
0.574019 0.484375

0.570312 0.810829
0.574219 0.811552

0.570312 0.824219
0.574219 0.824219

0.570312 0.842059
0.574219 0.842792

0.578125 0.477823
0.574584 0.480469

0.574219 0.482209
0.574974 0.480469

0.574219 0.484732
0.576571 0.488281

0.578125 0.489919
0.576282 0.488281

0.574219 0.811615
0.578125 0.812307

0.578125 0.8125
0.578125 0.8125

0.578125 0.832031
0.578125 0.832031

0.578125 0.832031
0.578125 0.832031

0.574219 0.84242
0.578125 0.843406

0.578125 0.477828
0.582031 0.477369

0.578125 0.490149
0.582031 0.491454

0.578125 0.812318
0.579452 0.8125

0.582031 0.812837
0.579581 0.8125

0.578125 0.828125
0.578125 0.828125

0.578125 0.832031
0.578125 0.832031

0.578125 0.839844
0.578125 0.839844

0.578125 0.843379
0.579873 0.84375

0.582031 0.844165
0.580078 0.84375

0.582031 0.478427
0.585938 0.478612

0.582031 0.490305
0.585938 0.490112

0.582031 0.812729
0.585938 0.813237

0.582031 0.832031
0.582031 0.832031

0.582031 0.832031
0.582031 0.832031

0.582031 0.84375
0.582031 0.84375

0.582031 0.844126
0.585938 0.844899

0.585938 0.478526
0.589844 0.478825

0.585938 0.488281
0.585938 0.488281

0.585938 0.490204
0.589844 0.490211

0.585938 0.813045
0.589844 0.81356

0.589844 0.835937
0.589844 0.835938

0.585938 0.845022
0.589844 0.84561

0.589844 0.478925
0.59375 0.479308

0.59375 0.480469
0.59375 0.480469

0.589844 0.488281
0.589844 0.488281

0.589844 0.490125
0.59375 0.490321

0.589844 0.813232
0.59375 0.81367

0.59375 0.816406
0.59375 0.816406

0.59375 0.832031
0.59375 0.832031

0.589844 0.835938
0.59375 0.835938

0.59375 0.835938
0.59375 0.835938

0.589844 0.845406
0.59375 0.84597

0.59375 0.479274
0.597656 0.47961

0.59375 0.490957
0.597656 0.491434

0.59375 0.814371
0.597656 0.81456

0.597656 0.816406
0.597656 0.816406

0.597656 0.828125
0.597656 0.828125

0.59375 0.832031
0.59375 0.832031

0.59375 0.835938
0.59375 0.835938

0.59375 0.84375
0.59375 0.84375

0.59375 0.846178
0.597656 0.84708

0.597656 0.479601
0.601562 0.479977

0.597656 0.491165
0.601562 0.491683

0.597656 0.813346
0.601562 0.813162

0.597656 0.816406
0.597656 0.816406

0.601562 0.820313
0.601562 0.820312

0.601562 0.824219
0.601562 0.824219

0.597656 0.832031
0.597656 0.832031

0.597656 0.832031
0.597656 0.832031

0.597656 0.835938
0.597656 0.835938

0.597656 0.84375
0.597656 0.84375

0.597656 0.847019
0.60018 0.847656

0.601562 0.847945
0.60042 0.847656

0.601562 0.479976
0.605469 0.48041

0.601562 0.488281
0.601563 0.488281

0.601562 0.491441
0.605469 0.491947

0.601562 0.813579
0.605469 0.813215

0.601562 0.816406
0.601563 0.816406

0.601562 0.820313
0.601563 0.820312

0.601562 0.84375
0.601563 0.84375

0.601562 0.847656
0.601563 0.847656

0.601562 0.84795
0.605469 0.848886

0.605469 0.480388
0.606041 0.480469

0.609375 0.480932
0.606085 0.480469

0.605469 0.491849
0.607369 0.492188

0.609375 0.492528
0.607463 0.492188

0.605469 0.812796
0.609375 0.81276

0.605469 0.816406
0.605469 0.816406

0.605469 0.824219
0.605469 0.824219

0.605469 0.824219
0.605469 0.824219

0.609375 0.832031
0.609375 0.832031

0.605469 0.84375
0.605469 0.84375

0.605469 0.847656
0.605469 0.847656

0.605469 0.84907
0.609375 0.849659

0.609375 0.480814
0.613281 0.481626

0.609375 0.492187
0.609375 0.492188

0.609375 0.492562
0.613281 0.493491

0.609375 0.813191
0.613281 0.813557

0.609375 0.828125
0.609375 0.828125

0.609375 0.84375
0.609375 0.84375

0.609375 0.849282
0.613281 0.849911

0.613281 0.481338
0.617188 0.481914

0.613281 0.493539
0.617188 0.494557

0.613281 0.813187
0.617188 0.813392

0.617188 0.816406
0.617187 0.816406

0.617188 0.820313
0.617187 0.820312

0.613281 0.828125
0.613281 0.828125

0.613281 0.832031
0.613281 0.832031

0.613281 0.850214
0.617188 0.851181

0.617188 0.482174
0.621094 0.482716

0.617188 0.494583
0.621094 0.495691

0.617188 0.813044
0.621094 0.813155

0.621094 0.816406
0.621094 0.816406

0.621094 0.824219
0.621094 0.824219

0.617188 0.832031
0.617188 0.832031

0.617188 0.835938
0.617188 0.835938

0.617188 0.851203
0.619092 0.851562

0.621094 0.851848
0.61958 0.851562

0.621094 0.482876
0.625 0.483858

0.625 0.484375
0.625 0.484375

0.621094 0.495652
0.62251 0.496094

0.625 0.496874
0.622499 0.496094

0.621094 0.81457
0.625 0.814763

0.625 0.816406
0.625 0.816406

0.621094 0.820313
0.621094 0.820312

0.625 0.824219
0.625 0.824219

0.625 0.839844
0.625 0.839844

0.625 0.839844
0.625 0.839844

0.621094 0.851562
0.621094 0.851562

0.621094 0.851841
0.625 0.852351

0.625 0.483851
0.626811 0.484375

0.628906 0.484966
0.626862 0.484375

0.625 0.496094
0.625 0.496094

0.625 0.496892
0.628906 0.498111

0.625 0.814772
0.628906 0.814867

0.625 0.820313
0.625 0.820312

0.625 0.824219
0.625 0.824219

0.625 0.828125
0.625 0.828125

0.628906 0.839844
0.628906 0.839844

0.628906 0.84375
0.628906 0.84375

0.625 0.851562
0.625 0.851562

0.625 0.85235
0.628906 0.85275

0.628906 0.48493
0.632812 0.486046

0.628906 0.498143
0.632812 0.499471

0.628906 0.814842
0.632812 0.814872

0.632812 0.816406
0.632812 0.816406

0.628906 0.820313
0.628906 0.820312

0.628906 0.824219
0.628906 0.824219

0.632812 0.835937
0.632812 0.835938

0.628906 0.839844
0.628906 0.839844

0.628906 0.839844
0.628906 0.839844

0.628906 0.852753
0.632812 0.85304

0.632812 0.485986
0.636719 0.487295

0.632812 0.499399
0.63433 0.5

0.636719 0.500923
0.634389 0.5

0.632812 0.81486
0.636719 0.814899

0.636719 0.816406
0.636719 0.816406

0.632812 0.820313
0.632813 0.820312

0.632812 0.824219
0.632812 0.828125

0.636719 0.832031
0.636719 0.832031

0.632812 0.835938
0.632813 0.835938

0.632812 0.839844
0.632813 0.839844

0.632812 0.84375
0.632813 0.84375

0.632812 0.853045
0.636719 0.853204

0.636719 0.487439
0.638744 0.488281

0.640625 0.489049
0.638778 0.488281

0.636719 0.5
0.636719 0.5

0.636719 0.500946
0.640625 0.502646

0.636719 0.81492
0.640625 0.81495

0.640625 0.828125
0.640625 0.828125

0.636719 0.832031
0.636719 0.832031

0.636719 0.853205
0.640625 0.853225

0.640625 0.489019
0.644531 0.490351

0.640625 0.5
0.640625 0.5

0.640625 0.50267
0.643323 0.503906

0.644531 0.504434
0.643379 0.503906

0.640625 0.814965
0.644531 0.814917

0.640625 0.816406
0.640625 0.816406

0.644531 0.820313
0.644531 0.820312

0.644531 0.828125
0.644531 0.828125

0.644531 0.828125
0.644531 0.828125

0.644531 0.841797
0.644531 0.839844

0.640625 0.84375
0.644531 0.84375

0.644531 0.851562
0.644531 0.851562

0.640625 0.853216
0.644531 0.853114

0.644531 0.490364
0.648438 0.491452

0.644531 0.50443
0.648438 0.506324

0.644531 0.814923
0.648438 0.814756

0.644531 0.816406
0.644531 0.816406

0.644531 0.820313
0.644531 0.820312

0.644531 0.828125
0.644531 0.828125

0.644531 0.828125
0.644531 0.828125

0.648438 0.832031
0.648437 0.832031

0.644531 0.853099
0.648438 0.852923

0.648438 0.49146
0.650754 0.492188

0.652344 0.492668
0.650813 0.492188

0.648438 0.506329
0.651279 0.507812

0.652344 0.508359
0.651296 0.507812

0.648438 0.814694
0.652344 0.81452

0.648438 0.816406
0.648438 0.816406

0.648438 0.832031
0.648438 0.832031

0.648438 0.835938
0.648438 0.835938

0.648438 0.84375
0.652344 0.84375

0.652344 0.84375
0.652344 0.84375

0.652344 0.851562
0.652344 0.851562

0.648438 0.852915
0.652344 0.852713

0.652344 0.492666
0.65625 0.493862

0.652344 0.507812
0.652344 0.507812

0.652344 0.508373
0.65625 0.510539

0.652344 0.814527
0.65625 0.814456

0.652344 0.816406
0.652344 0.816406

0.65625 0.835937
0.65625 0.835938

0.652344 0.84375
0.652344 0.84375

0.652344 0.852718
0.65625 0.852496

0.65625 0.493823
0.660156 0.495092

0.65625 0.510551
0.65827 0.511719

0.660156 0.512806
0.658275 0.511719

0.65625 0.814485
0.660156 0.814448

0.660156 0.833984
0.660156 0.832031

0.660156 0.851562
0.660156 0.851562

0.65625 0.852505
0.660156 0.852235

0.660156 0.495077
0.662487 0.496094

0.664062 0.496701
0.66267 0.496094

0.660156 0.512819
0.664062 0.515203

0.660156 0.813033
0.664062 0.812959

0.664062 0.833984
0.664062 0.832031

0.664062 0.841797
0.664062 0.839844

0.660156 0.852233
0.664062 0.851902

0.664062 0.496719
0.667969 0.498823

0.664062 0.51518
0.664763 0.515625

0.667969 0.517722
0.664759 0.515625

0.664062 0.813892
0.667969 0.813359

0.664062 0.816406
0.664063 0.816406

0.667969 0.833984
0.667969 0.832031

0.667969 0.847656
0.667969 0.847656

0.667969 0.851511
0.667456 0.851562

0.664062 0.851903
0.66748 0.851562

0.667969 0.498877
0.669743 0.5

0.671875 0.501338
0.66977 0.5

0.667969 0.517731
0.670563 0.519531

0.671875 0.520415
0.670592 0.519531

0.667969 0.813692
0.671875 0.812857

0.671875 0.826172
0.671875 0.824219

0.671875 0.84375
0.671875 0.84375

0.667969 0.851432
0.671875 0.851229

0.671875 0.501413
0.675316 0.503906

0.675781 0.504247
0.675317 0.503906

0.671875 0.520434
0.675781 0.52331

0.675781 0.81234
0.674862 0.8125

0.671875 0.812976
0.67461 0.8125

0.671875 0.828125
0.671875 0.828125

0.671875 0.832031
0.675781 0.832031

0.675781 0.84375
0.675781 0.84375

0.671875 0.847656
0.671875 0.847656

0.671875 0.851357
0.675781 0.851438

0.675781 0.50425
0.679688 0.507243

0.675781 0.523304
0.675957 0.523438

0.679688 0.526357
0.675954 0.523438

0.675781 0.812399
0.679688 0.811584

0.675781 0.8125
0.675781 0.8125

0.675781 0.816406
0.675781 0.816406

0.679688 0.820313
0.679687 0.820312

0.675781 0.84375
0.675781 0.84375

0.679688 0.851293
0.676436 0.851562

0.679688 0.507274
0.68038 0.507812

0.683594 0.510357
0.680371 0.507812

0.683594 0.511719
0.683594 0.511719

0.679688 0.523437
0.679688 0.523438

0.679688 0.526376
0.680885 0.527344

0.683594 0.529592
0.680875 0.527344

0.679688 0.811374
0.683594 0.810661

0.679688 0.816406
0.679688 0.816406

0.683594 0.837891
0.683594 0.835938

0.679688 0.851187
0.683594 0.850277

0.683594 0.510369
0.685297 0.511719

0.6875 0.513506
0.685276 0.511719

0.6875 0.515625
0.6875 0.515625

0.683594 0.527344
0.683594 0.527344

0.683594 0.529613
0.685515 0.53125

0.6875 0.532992
0.685498 0.53125

0.683594 0.810984
0.6875 0.810148

0.683594 0.835937
0.683594 0.835938

0.683594 0.835938
0.683594 0.835938

0.683594 0.839844
0.683594 0.839844

0.6875 0.847656
0.6875 0.847656

0.683594 0.850662
0.6875 0.850135

0.6875 0.513528
0.690049 0.515625

0.691406 0.516758
0.69003 0.515625

0.6875 0.533018
0.68987 0.535156

0.691406 0.536597
0.689856 0.535156

0.6875 0.809907
0.691406 0.808759

0.6875 0.832031
0.6875 0.832031

0.6875 0.849682
0.691406 0.849517

0.691406 0.516778
0.694729 0.519531

0.695312 0.520025
0.694711 0.519531

0.691406 0.53125
0.691406 0.53125

0.691406 0.536601
0.69397 0.539062

0.695312 0.540402
0.693965 0.539062

0.695312 0.807741
0.692254 0.808594

0.691406 0.808741
0.691934 0.808594

0.695312 0.824219
0.695312 0.824219

0.691406 0.828125
0.691406 0.828125

0.691406 0.832031
0.691406 0.832031

0.695312 0.847656
0.695312 0.847656

0.691406 0.849492
0.695312 0.849111

0.695312 0.520027
0.699219 0.5232

0.699219 0.527344
0.699219 0.527344

0.695312 0.535156
0.695313 0.535156

0.695312 0.540398
0.697811 0.542969

0.699219 0.544461
0.69782 0.542969

0.695312 0.807576
0.699219 0.806759

0.695312 0.808594
0.695313 0.808594

0.695312 0.8125
0.695313 0.8125

0.695312 0.824219
0.695313 0.824219

0.695312 0.839844
0.695313 0.839844

0.695312 0.84375
0.695313 0.84375

0.695312 0.849069
0.699219 0.848606

0.699219 0.523193
0.699527 0.523438

0.703125 0.526295
0.699525 0.523438

0.699219 0.544448
0.701417 0.546875

0.703125 0.54882
0.701433 0.546875

0.699219 0.806624
0.703125 0.805662

0.699219 0.8125
0.699219 0.8125

0.699219 0.816406
0.703125 0.816406

0.699219 0.824219
0.699219 0.824219

0.699219 0.826172
0.699219 0.824219

0.699219 0.828125
0.699219 0.828125

0.699219 0.839844
0.699219 0.839844

0.699219 0.848597
0.703125 0.848157

0.703125 0.526283
0.704493 0.527344

0.707031 0.529355
0.704483 0.527344

0.703125 0.54879
0.704818 0.550781

0.707031 0.553448
0.704827 0.550781

0.707031 0.804584
0.706728 0.804688

0.703125 0.805908
0.706708 0.804688

0.703125 0.8125
0.703125 0.8125

0.703125 0.824219
0.703125 0.828125

0.707031 0.847656
0.707031 0.847656

0.703125 0.848147
0.707031 0.84777

0.707031 0.529327
0.709388 0.53125

0.710938 0.532526
0.709412 0.53125

0.707031 0.550781
0.707031 0.550781

0.707031 0.553438
0.708043 0.554688

0.710938 0.558316
0.708044 0.554688

0.707031 0.804591
0.710938 0.803359

0.707031 0.808594
0.707031 0.808594

0.710938 0.826172
0.710938 0.824219

0.707031 0.828125
0.707031 0.828125

0.707031 0.839844
0.710938 0.839844

0.710938 0.84375
0.710937 0.84375

0.710938 0.847479
0.70867 0.847656

0.707031 0.847762
0.708381 0.847656

0.710938 0.532525
0.713811 0.535156

0.714844 0.536187
0.713803 0.535156

0.710938 0.558324
0.711149 0.558594

0.711146 0.558594
0.714184 0.5625

0.714844 0.563379
0.714177 0.5625

0.710938 0.803445
0.714844 0.802112

0.714844 0.820312
0.714844 0.820312

0.714844 0.820313
0.714844 0.820312

0.710938 0.847509
0.714844 0.847417

0.714844 0.53619
0.717535 0.539062

0.71875 0.540471
0.717513 0.539062

0.714844 0.563364
0.717177 0.566406

0.71875 0.568477
0.717177 0.566406

0.71875 0.800535
0.71812 0.800781

0.714844 0.802073
0.718154 0.800781

0.714844 0.816406
0.714844 0.816406

0.714844 0.820312
0.714844 0.820312

0.714844 0.820313
0.714844 0.820312

0.71875 0.832031
0.71875 0.832031

0.714844 0.84375
0.714844 0.84375

0.714844 0.847375
0.71875 0.847556

0.71875 0.540477
0.720891 0.542969

0.722656 0.545061
0.720869 0.542969

0.722656 0.546875
0.722656 0.546875

0.722656 0.550781
0.722656 0.550781

0.71875 0.568459
0.720149 0.570312

0.722656 0.573598
0.720168 0.570312

0.71875 0.800567
0.722656 0.798892

0.71875 0.804688
0.71875 0.804688

0.71875 0.820313
0.71875 0.820312

0.722656 0.835937
0.722656 0.835938

0.71875 0.839844
0.71875 0.839844

0.722656 0.847573
0.721255 0.847656

0.71875 0.847834
0.721779 0.847656

0.722656 0.545061
0.72424 0.546875

0.726562 0.549397
0.72425 0.546875

0.726562 0.554688
0.726562 0.554688

0.722656 0.573585
0.723129 0.574219

0.723122 0.574219
0.725963 0.578125

0.726562 0.578975
0.725994 0.578125

0.722656 0.798943
0.726562 0.796972

0.726562 0.806641
0.726562 0.804688

0.722656 0.820312
0.726562 0.820312

0.722656 0.820313
0.722656 0.820312

0.726562 0.839844
0.726562 0.839844

0.726562 0.846275
0.722741 0.847656

0.726562 0.549394
0.7279 0.550781

0.730469 0.553316
0.727912 0.550781

0.730469 0.554688
0.730469 0.554688

0.730469 0.558594
0.730469 0.558594

0.726562 0.578936
0.728656 0.582031

0.730469 0.584923
0.728623 0.582031

0.730469 0.794591
0.72674 0.796875

0.726562 0.796976
0.726738 0.796875

0.726562 0.808594
0.726563 0.808594

0.726562 0.808594
0.726563 0.808594

0.726562 0.824219
0.726563 0.824219

0.730469 0.839844
0.730469 0.839844

0.730469 0.843175
0.7297 0.84375

0.726562 0.846278
0.730247 0.84375

0.730469 0.553279
0.731937 0.554688

0.734375 0.557027
0.731952 0.554688

0.730469 0.582031
0.730469 0.582031

0.730469 0.584945
0.731094 0.585938

0.731073 0.585938
0.7334 0.589844

0.734375 0.591559
0.733439 0.589844

0.734375 0.791694
0.73265 0.792969

0.730469 0.794631
0.732755 0.792969

0.730469 0.796875
0.730469 0.796875

0.730469 0.800781
0.730469 0.800781

0.730469 0.808594
0.730469 0.808594

0.734375 0.826172
0.734375 0.824219

0.734375 0.835937
0.734375 0.835938

0.730469 0.842987
0.734375 0.840256

0.734375 0.556954
0.736018 0.558594

0.738281 0.561073
0.736028 0.558594

0.738281 0.574219
0.738281 0.574219

0.734375 0.589844
0.734375 0.589844

0.734375 0.591512
0.735597 0.59375

0.73557 0.59375
0.73759 0.597656

0.738281 0.599062
0.737579 0.597656

0.738281 0.788242
0.737399 0.789062

0.734375 0.791727
0.737431 0.789062

0.738281 0.808594
0.738281 0.808594

0.738281 0.818359
0.738281 0.816406

0.738281 0.826172
0.738281 0.824219

0.738281 0.835937
0.738281 0.835938

0.738281 0.838549
0.735554 0.839844

0.734375 0.840191
0.735108 0.839844

0.738281 0.560944
0.739606 0.5625

0.742188 0.566045
0.739603 0.5625

0.742188 0.570313
0.742187 0.570312

0.738281 0.59375
0.738281 0.59375

0.738281 0.599045
0.739539 0.601562

0.739513 0.601562
0.741454 0.605469

0.742188 0.606955
0.741443 0.605469

0.742188 0.784235
0.741317 0.785156

0.738281 0.788228
0.741347 0.785156

0.742188 0.806641
0.742188 0.804688

0.738281 0.816406
0.738281 0.816406

0.738281 0.820312
0.738281 0.820312

0.742188 0.835937
0.742187 0.835938

0.738281 0.838901
0.742188 0.837619

0.742188 0.566042
0.742426 0.566406

0.74242 0.566406
0.744631 0.570312

0.746094 0.573665
0.744557 0.570312

0.746094 0.59375
0.746094 0.59375

0.742188 0.606892
0.743432 0.609375

0.743435 0.609375
0.745362 0.613281

0.746094 0.614872
0.74531 0.613281

0.746094 0.779945
0.744914 0.78125

0.742188 0.784221
0.744924 0.78125

0.742188 0.789063
0.742188 0.789062

0.742188 0.796875
0.746094 0.796875

0.746094 0.800781
0.746094 0.800781

0.742188 0.804687
0.742188 0.804688

0.742188 0.804688
0.742188 0.804688

0.746094 0.820313
0.746094 0.820312

0.742188 0.837415
0.746094 0.836308

0.746094 0.573725
0.74632 0.574219

0.746288 0.574219
0.747926 0.578125

0.74786 0.578125
0.749657 0.582031

0.75 0.582714
0.749616 0.582031

0.75 0.585938
0.75 0.585938

0.746094 0.59375
0.746094 0.59375

0.746094 0.614794
0.747272 0.617188

0.747339 0.617188
0.749152 0.621094

0.75 0.623217
0.749085 0.621094

0.75 0.77554
0.748492 0.777344

0.746094 0.779981
0.748421 0.777344

0.746094 0.78125
0.746094 0.78125

0.746094 0.800781
0.746094 0.800781

0.746094 0.822266
0.746094 0.820312

0.75 0.835042
0.74737 0.835938

0.746094 0.836346
0.747293 0.835938

0.75 0.58278
0.751817 0.585938

0.753906 0.588916
0.751856 0.585938

0.753906 0.603516
0.753906 0.601562

0.75 0.623241
0.750758 0.625

0.750702 0.625
0.752194 0.628906

0.752263 0.628906
0.753548 0.632812

0.753906 0.633851
0.753551 0.632812

0.753906 0.770434
0.751773 0.773438

0.75 0.77558
0.751722 0.773438

0.75 0.785156
0.75 0.785156

0.753906 0.8125
0.753906 0.8125

0.753906 0.8125
0.753906 0.8125

0.753906 0.832031
0.753906 0.832031

0.75 0.835206
0.753906 0.833513

0.753906 0.588802
0.754625 0.589844

0.754669 0.589844
0.75752 0.59375

0.757812 0.594092
0.757578 0.59375

0.757812 0.613281
0.757812 0.613281

0.753906 0.634003
0.754835 0.636719

0.754722 0.636719
0.755832 0.640625

0.755915 0.640625
0.756891 0.644531

0.757812 0.647408
0.75695 0.644531

0.757812 0.763503
0.756799 0.765625

0.756746 0.765625
0.754465 0.769531

0.753906 0.770445
0.754515 0.769531

0.753906 0.773438
0.753906 0.773438

0.757812 0.798828
0.757812 0.796875

0.753906 0.8125
0.753906 0.8125

0.757812 0.828125
0.757812 0.828125

0.757812 0.830936
0.7561 0.832031

0.753906 0.833632
0.756452 0.832031

0.757812 0.594041
0.760234 0.597656

0.761719 0.600369
0.760212 0.597656

0.761719 0.601563
0.761719 0.601562

0.761719 0.613281
0.761719 0.613281

0.757812 0.647493
0.758096 0.648438

0.758112 0.648438
0.759304 0.652344

0.759364 0.652344
0.760466 0.65625

0.760364 0.65625
0.761536 0.660156

0.761719 0.66034
0.761658 0.660156

0.761719 0.752932
0.761433 0.753906

0.761412 0.753906
0.760118 0.757812

0.760015 0.757812
0.758493 0.761719

0.757812 0.763452
0.758641 0.761719

0.757812 0.765625
0.757813 0.765625

0.757812 0.810547
0.757812 0.808594

0.761719 0.827326
0.760887 0.828125

0.757812 0.83096
0.761018 0.828125

0.761719 0.600279
0.76243 0.601562

0.762375 0.601562
0.76415 0.605469

0.765625 0.609359
0.764093 0.605469

0.765625 0.609428
0.765605 0.609375

0.765625 0.613281
0.765625 0.613281

0.765625 0.638672
0.765625 0.636719

0.761719 0.648437
0.761719 0.648438

0.761719 0.660485
0.762901 0.664062

0.762619 0.664062
0.763378 0.667969

0.763574 0.667969
0.763981 0.671875

0.764053 0.671875
0.764641 0.675781

0.764687 0.675781
0.765221 0.679688

0.765224 0.679688
0.765606 0.683594

0.765625 0.683866
0.765604 0.683594

0.765625 0.737622
0.765513 0.738281

0.765522 0.738281
0.76465 0.742188

0.764588 0.742188
0.763575 0.746094

0.763391 0.746094
0.762348 0.75

0.761719 0.752879
0.762564 0.75

0.761719 0.753906
0.761719 0.753906

0.761719 0.78125
0.765625 0.78125

0.765625 0.78125
0.765625 0.78125

0.765625 0.802734
0.765625 0.800781

0.765625 0.810547
0.765625 0.808594

0.765625 0.820312
0.765625 0.820312

0.765625 0.823514
0.764818 0.824219

0.761719 0.827138
0.76489 0.824219

0.765625 0.609375
0.765625 0.609375

0.765625 0.609438
0.767078 0.613281

0.767038 0.613281
0.768849 0.617188

0.769531 0.618297
0.768923 0.617188

0.769531 0.628906
0.769531 0.628906

0.769531 0.646484
0.769531 0.644531

0.765625 0.671875
0.765625 0.671875

0.765625 0.684422
0.765861 0.6875

0.765801 0.6875
0.766138 0.691406

0.765998 0.691406
0.766512 0.695312

0.766334 0.695312
0.767014 0.699219

0.76753 0.699219
0.76797 0.703125

0.767868 0.703125
0.767978 0.707031

0.767956 0.707031
0.767984 0.710938

0.768016 0.710938
0.767945 0.714844

0.767927 0.714844
0.767728 0.71875

0.76766 0.71875
0.767506 0.722656

0.766555 0.722656
0.766327 0.726562

0.766911 0.726562
0.76636 0.730469

0.766641 0.730469
0.76599 0.734375

0.765625 0.737473
0.766153 0.734375

0.765625 0.742188
0.765625 0.742188

0.765625 0.746094
0.765625 0.746094

0.765625 0.75
0.765625 0.75

0.765625 0.78125
0.765625 0.78125

0.769531 0.796875
0.769531 0.796875

0.769531 0.796875
0.769531 0.796875

0.765625 0.804688
0.765625 0.804688

0.765625 0.823559
0.769531 0.820467

0.769531 0.618383
0.771017 0.621094

0.771019 0.621094
0.7732 0.625

0.773438 0.625269
0.773301 0.625

0.773438 0.632813
0.773437 0.632812

0.773438 0.646484
0.773438 0.644531

0.773438 0.654297
0.773438 0.652344

0.769531 0.669922
0.769531 0.667969

0.773438 0.679687
0.773437 0.679688

0.769531 0.699219
0.769531 0.699219

0.769531 0.703125
0.769531 0.703125

0.769531 0.710937
0.769531 0.710938

0.769531 0.714844
0.769531 0.714844

0.769531 0.722656
0.769531 0.722656

0.769531 0.726563
0.769531 0.726562

0.769531 0.734375
0.769531 0.734375

0.773438 0.746094
0.773437 0.746094

0.773438 0.759766
0.773438 0.757812

0.773438 0.777344
0.773437 0.777344

0.773438 0.792969
0.773437 0.792969

0.773438 0.817578
0.770092 0.820312

0.769531 0.820475
0.769751 0.820312

0.773438 0.625207
0.775315 0.628906

0.775256 0.628906
0.776957 0.632812

0.777344 0.633789
0.776981 0.632812

0.777344 0.636719
0.777344 0.636719

0.777344 0.640625
0.777344 0.640625

0.777344 0.644531
0.777344 0.644531

0.777344 0.683594
0.777344 0.683594

0.777344 0.683594
0.777344 0.683594

0.777344 0.695312
0.777344 0.695312

0.773438 0.699219
0.773438 0.699219

0.773438 0.703125
0.773438 0.703125

0.773438 0.707031
0.773438 0.707031

0.773438 0.726563
0.773438 0.726562

0.777344 0.746094
0.777344 0.746094

0.773438 0.78125
0.773438 0.78125

0.773438 0.78125
0.777344 0.78125

0.773438 0.792969
0.773438 0.792969

0.777344 0.813311
0.774838 0.816406

0.773438 0.81767
0.774765 0.816406

0.777344 0.633725
0.778456 0.636719

0.778409 0.636719
0.779523 0.640625

0.779614 0.640625
0.780645 0.644531

0.78125 0.647348
0.780596 0.644531

0.777344 0.683594
0.777344 0.683594

0.78125 0.6875
0.78125 0.6875

0.78125 0.6875
0.78125 0.6875

0.777344 0.703125
0.777344 0.703125

0.78125 0.720703
0.78125 0.71875

0.777344 0.722656
0.78125 0.722656

0.777344 0.738281
0.78125 0.738281

0.78125 0.740234
0.78125 0.738281

0.777344 0.742188
0.777344 0.742188

0.78125 0.761719
0.78125 0.761719

0.78125 0.761719
0.78125 0.761719

0.78125 0.771484
0.78125 0.769531

0.777344 0.78125
0.777344 0.78125

0.78125 0.804215
0.781009 0.804688

0.781117 0.804688
0.779535 0.808594

0.779784 0.808594
0.777831 0.8125

0.777344 0.813356
0.777914 0.8125

0.78125 0.647738
0.781413 0.648438

0.781382 0.648438
0.782152 0.652344

0.782169 0.652344
0.782965 0.65625

0.783006 0.65625
0.784292 0.660156

0.785156 0.662124
0.784265 0.660156

0.785156 0.664063
0.785156 0.664062

0.785156 0.667969
0.785156 0.667969

0.785156 0.671875
0.785156 0.671875

0.785156 0.6875
0.785156 0.6875

0.785156 0.726563
0.785156 0.726562

0.785156 0.75
0.785156 0.75

0.785156 0.75
0.785156 0.75

0.78125 0.765625
0.78125 0.765625

0.785156 0.769531
0.785156 0.769531

0.785156 0.789062
0.785156 0.789062

0.785156 0.797723
0.782973 0.800781

0.78125 0.804108
0.782979 0.800781

0.785156 0.662176
0.786011 0.664062

0.786036 0.664062
0.787759 0.667969

0.789062 0.671226
0.787825 0.667969

0.789062 0.691406
0.789062 0.691406

0.789062 0.699219
0.789062 0.699219

0.789062 0.703125
0.789062 0.703125

0.789062 0.714844
0.789062 0.714844

0.789062 0.726562
0.789062 0.726562

0.785156 0.726563
0.785156 0.726562

0.785156 0.730469
0.785156 0.730469

0.789062 0.740234
0.789062 0.738281

0.789062 0.742188
0.789062 0.742188

0.789062 0.753906
0.789062 0.753906

0.789062 0.753906
0.789062 0.753906

0.785156 0.765625
0.785156 0.765625

0.785156 0.769531
0.785156 0.769531

0.785156 0.769531
0.785156 0.769531

0.789062 0.78125
0.789062 0.78125

0.789062 0.792942
0.789046 0.792969

0.789041 0.792969
0.786057 0.796875

0.785156 0.79779
0.785834 0.796875

0.789062 0.670989
0.789399 0.671875

0.78937 0.671875
0.790359 0.675781

0.790314 0.675781
0.790811 0.679688

0.790791 0.679688
0.79093 0.683594

0.790845 0.683594
0.790838 0.6875

0.790875 0.6875
0.79082 0.691406

0.790724 0.691406
0.790737 0.695312

0.790349 0.695312
0.791395 0.699219

0.792969 0.702486
0.791064 0.699219

0.792969 0.703125
0.792969 0.703125

0.792969 0.710937
0.792969 0.710938

0.792969 0.714844
0.792969 0.714844

0.792969 0.714844
0.792969 0.714844

0.792969 0.71875
0.792969 0.71875

0.792969 0.726563
0.792969 0.726562

0.789062 0.742187
0.789063 0.742188

0.789062 0.753906
0.789063 0.753906

0.792969 0.769531
0.792969 0.769531

0.792969 0.785071
0.792947 0.785156

0.792952 0.785156
0.79144 0.789062

0.791512 0.789062
0.789188 0.792969

0.792969 0.700186
0.794695 0.703125

0.795047 0.703125
0.796199 0.707031

0.796184 0.707031
0.795926 0.710938

0.79496 0.710938
0.79486 0.714844

0.795824 0.714844
0.796107 0.71875

0.795301 0.71875
0.796187 0.722656

0.796875 0.725429
0.796321 0.722656

0.796875 0.734375
0.796875 0.734375

0.796875 0.746094
0.796875 0.746094

0.796875 0.764096
0.796658 0.765625

0.796697 0.765625
0.795851 0.769531

0.79606 0.769531
0.795382 0.773438

0.795169 0.773438
0.794629 0.777344

0.794534 0.777344
0.793771 0.78125

0.792969 0.784805
0.793859 0.78125

0.796875 0.725703
0.797047 0.726562

0.796968 0.726562
0.797106 0.730469

0.79698 0.730469
0.796967 0.734375

0.796953 0.734375
0.797069 0.738281

0.797125 0.738281
0.797285 0.742188

0.797287 0.742188
0.797376 0.746094

0.797338 0.746094
0.797431 0.75

0.797482 0.75
0.797554 0.753906

0.797567 0.753906
0.797491 0.757812

0.797518 0.757812
0.797216 0.761719

0.796875 0.76396
0.797194 0.761719

