0.609375 0.727733
0.608608 0.730469

0.608602 0.730469
0.607697 0.734375

0.607029 0.734375
0.60638 0.738281

0.606486 0.738281
0.606112 0.742188

0.606208 0.742188
0.605966 0.746094

0.606062 0.746094
0.605866 0.75

0.605848 0.75
0.60575 0.753906

0.605731 0.753906
0.605818 0.757812

0.605912 0.757812
0.606236 0.761719

0.606135 0.761719
0.606663 0.765625

0.60707 0.765625
0.607798 0.769531

0.607796 0.769531
0.608755 0.773438

0.609375 0.775472
0.608747 0.773438

0.613281 0.716317
0.612327 0.71875

0.612333 0.71875
0.610957 0.722656

0.610925 0.722656
0.60968 0.726562

0.609375 0.727721
0.6097 0.726562

0.609375 0.742188
0.609375 0.742188

0.609375 0.746094
0.609375 0.746094

0.609375 0.765625
0.609375 0.765625

0.609375 0.773437
0.609375 0.773438

0.609375 0.775467
0.609954 0.777344

0.609867 0.777344
0.611342 0.78125

0.611411 0.78125
0.613187 0.785156

0.613281 0.785345
0.613181 0.785156

0.617188 0.707588
0.615564 0.710938

0.61549 0.710938
0.613781 0.714844

0.613281 0.716306
0.613855 0.714844

0.613281 0.71875
0.613281 0.71875

0.613281 0.742188
0.617188 0.742188

0.613281 0.742188
0.613281 0.742188

0.613281 0.746094
0.613281 0.746094

0.613281 0.753906
0.613281 0.753906

0.613281 0.753906
0.617188 0.753906

0.613281 0.757812
0.617188 0.757812

0.613281 0.773437
0.613281 0.773438

0.613281 0.777344
0.613281 0.777344

0.613281 0.785156
0.613281 0.785156

0.613281 0.785344
0.615295 0.789062

0.617188 0.792045
0.615276 0.789062

0.621094 0.700452
0.619535 0.703125

0.619521 0.703125
0.617439 0.707031

0.617188 0.707574
0.617451 0.707031

0.617188 0.714844
0.617188 0.714844

0.617188 0.71875
0.617188 0.71875

0.617188 0.722656
0.617188 0.722656

0.617188 0.742188
0.617188 0.742188

0.621094 0.769531
0.621094 0.769531

0.617188 0.78125
0.617188 0.78125

0.617188 0.792034
0.617786 0.792969

0.617753 0.792969
0.620733 0.796875

0.621094 0.797324
0.620715 0.796875

0.625 0.694265
0.6243 0.695312

0.62429 0.695312
0.621809 0.699219

0.621094 0.700441
0.621806 0.699219

0.621094 0.722656
0.621094 0.722656

0.625 0.734375
0.625 0.734375

0.621094 0.734375
0.625 0.734375

0.621094 0.746094
0.621094 0.746094

0.625 0.755859
0.625 0.753906

0.625 0.767578
0.625 0.765625

0.625 0.78125
0.625 0.78125

0.621094 0.797309
0.624286 0.800781

0.625 0.801457
0.624316 0.800781

0.628906 0.688833
0.626983 0.691406

0.625 0.694276
0.626981 0.691406

0.625 0.703125
0.625 0.703125

0.628906 0.714844
0.628906 0.714844

0.625 0.730469
0.625 0.730469

0.628906 0.738281
0.628906 0.738281

0.625 0.748047
0.625 0.746094

0.625 0.757813
0.625 0.757812

0.625 0.767578
0.625 0.765625

0.628906 0.78125
0.628906 0.78125

0.628906 0.785156
0.628906 0.785156

0.628906 0.785156
0.628906 0.785156

0.628906 0.789063
0.628906 0.789062

0.625 0.796875
0.625 0.796875

0.625 0.801453
0.628581 0.804688

0.628906 0.805116
0.628398 0.804688

0.632812 0.683904
0.629899 0.6875

0.628906 0.688825
0.629893 0.6875

0.632812 0.703125
0.632812 0.703125

0.632812 0.714844
0.632812 0.714844

0.632812 0.71875
0.632812 0.71875

0.632812 0.722656
0.632812 0.722656

0.628906 0.730469
0.628906 0.730469

0.628906 0.730469
0.628906 0.730469

0.628906 0.738281
0.632812 0.738281

0.628906 0.738281
0.628906 0.738281

0.628906 0.777344
0.632812 0.777344

0.628906 0.777344
0.628906 0.777344

0.628906 0.785156
0.628906 0.785156

0.628906 0.800781
0.628906 0.800781

0.628906 0.805132
0.632812 0.807822

0.636719 0.679424
0.636477 0.679688

0.636487 0.679688
0.633052 0.683594

0.632812 0.683893
0.633061 0.683594

0.636719 0.695313
0.636719 0.695312

0.632812 0.699219
0.632813 0.699219

0.636719 0.710938
0.636719 0.710938

0.632812 0.71875
0.632813 0.71875

0.632812 0.71875
0.632813 0.71875

0.632812 0.742188
0.632813 0.742188

0.636719 0.753906
0.636719 0.753906

0.636719 0.757812
0.636719 0.757812

0.636719 0.757813
0.636719 0.757812

0.636719 0.761719
0.636719 0.761719

0.636719 0.765625
0.636719 0.765625

0.632812 0.777344
0.632813 0.777344

0.632812 0.777344
0.636719 0.777344

0.632812 0.785156
0.632813 0.785156

0.632812 0.789063
0.632813 0.789062

0.632812 0.804687
0.632813 0.804688

0.632812 0.807719
0.634306 0.808594

0.636719 0.809535
0.635166 0.808594

0.640625 0.675402
0.640241 0.675781

0.636719 0.679428
0.640233 0.675781

0.640625 0.695312
0.640625 0.695312

0.640625 0.710937
0.640625 0.710938

0.636719 0.722656
0.636719 0.722656

0.640625 0.730469
0.640625 0.730469

0.640625 0.730469
0.640625 0.730469

0.640625 0.734375
0.640625 0.734375

0.636719 0.738281
0.640625 0.738281

0.636719 0.742188
0.636719 0.742188

0.636719 0.75
0.636719 0.75

0.640625 0.753906
0.640625 0.753906

0.640625 0.757812
0.640625 0.757812

0.640625 0.757813
0.640625 0.757812

0.636719 0.761719
0.636719 0.761719

0.636719 0.773437
0.636719 0.773438

0.636719 0.777344
0.636719 0.777344

0.640625 0.785156
0.640625 0.785156

0.636719 0.804687
0.636719 0.804688

0.636719 0.808594
0.636719 0.808594

0.636719 0.809475
0.640459 0.8125

0.640625 0.813597
0.639474 0.8125

0.644531 0.671742
0.644383 0.671875

0.640625 0.675401
0.644376 0.671875

0.640625 0.675781
0.640625 0.675781

0.640625 0.695313
0.640625 0.695312

0.640625 0.708984
0.640625 0.707031

0.640625 0.726562
0.640625 0.726562

0.640625 0.726563
0.640625 0.726562

0.644531 0.734375
0.644531 0.734375

0.640625 0.753906
0.640625 0.753906

0.640625 0.753906
0.640625 0.753906

0.640625 0.757813
0.640625 0.757812

0.644531 0.775391
0.644531 0.773438

0.640625 0.785156
0.640625 0.785156

0.640625 0.785156
0.640625 0.785156

0.640625 0.813637
0.644531 0.816237

0.644531 0.671743
0.648438 0.668374

0.648438 0.685547
0.648438 0.683594

0.648438 0.6875
0.648437 0.6875

0.644531 0.699219
0.644531 0.699219

0.644531 0.710938
0.644531 0.710938

0.644531 0.738281
0.644531 0.738281

0.644531 0.738281
0.648438 0.738281

0.644531 0.753906
0.644531 0.753906

0.644531 0.753906
0.644531 0.753906

0.644531 0.757813
0.644531 0.757812

0.648438 0.769531
0.648437 0.769531

0.648438 0.773437
0.648437 0.773438

0.648438 0.773438
0.648437 0.773438

0.644531 0.777344
0.648438 0.777344

0.644531 0.785156
0.644531 0.785156

0.648438 0.796875
0.648437 0.796875

0.644531 0.796875
0.648438 0.796875

0.644531 0.816063
0.64634 0.816406

0.648438 0.816765
0.646543 0.816406

0.652344 0.66527
0.648954 0.667969

0.648438 0.668406
0.648976 0.667969

0.648438 0.671875
0.648438 0.671875

0.652344 0.675781
0.652344 0.675781

0.648438 0.6875
0.648438 0.6875

0.652344 0.699219
0.652344 0.699219

0.652344 0.714844
0.652344 0.714844

0.648438 0.738281
0.648438 0.738281

0.648438 0.757813
0.648438 0.757812

0.648438 0.761719
0.648438 0.761719

0.648438 0.767578
0.648438 0.765625

0.652344 0.773437
0.652344 0.773438

0.652344 0.773438
0.652344 0.773438

0.652344 0.785156
0.652344 0.785156

0.652344 0.789062
0.652344 0.789062

0.652344 0.789063
0.652344 0.789062

0.652344 0.808594
0.652344 0.808594

0.652344 0.8125
0.652344 0.8125

0.652344 0.81629
0.650501 0.816406

0.648438 0.816528
0.650361 0.816406

0.65625 0.662393
0.653977 0.664062

0.652344 0.665284
0.654008 0.664062

0.652344 0.671875
0.652344 0.671875

0.652344 0.683594
0.652344 0.683594

0.652344 0.699219
0.65625 0.699219

0.652344 0.699219
0.652344 0.699219

0.652344 0.710938
0.65625 0.710938

0.65625 0.714844
0.65625 0.714844

0.652344 0.738281
0.65625 0.738281

0.652344 0.75
0.65625 0.75

0.65625 0.753906
0.65625 0.753906

0.652344 0.753906
0.652344 0.753906

0.652344 0.777344
0.652344 0.777344

0.652344 0.777344
0.652344 0.777344

0.652344 0.789062
0.652344 0.789062

0.652344 0.789063
0.652344 0.789062

0.65625 0.798828
0.65625 0.796875

0.65625 0.808594
0.65625 0.808594

0.652344 0.816217
0.65625 0.815693

0.660156 0.659716
0.659486 0.660156

0.65625 0.662402
0.659521 0.660156

0.65625 0.664063
0.65625 0.664062

0.65625 0.699219
0.65625 0.699219

0.660156 0.716797
0.660156 0.714844

0.660156 0.738281
0.660156 0.738281

0.65625 0.75
0.660156 0.75

0.65625 0.753906
0.65625 0.753906

0.65625 0.777344
0.65625 0.777344

0.65625 0.806641
0.65625 0.804688

0.65625 0.815897
0.660156 0.815192

0.660156 0.659708
0.664062 0.657236

0.664062 0.677734
0.664062 0.675781

0.664062 0.685547
0.664062 0.683594

0.664062 0.714844
0.664062 0.714844

0.664062 0.714844
0.664062 0.714844

0.660156 0.730469
0.664062 0.730469

0.660156 0.730469
0.664062 0.730469

0.660156 0.734375
0.664062 0.734375

0.664062 0.75
0.664062 0.75

0.664062 0.763672
0.664062 0.761719

0.660156 0.765625
0.664062 0.765625

0.664062 0.777344
0.664062 0.777344

0.664062 0.785156
0.664062 0.785156

0.664062 0.794922
0.664062 0.792969

0.660156 0.804687
0.660156 0.804688

0.660156 0.804688
0.660156 0.804688

0.660156 0.815549
0.664062 0.815098

0.667969 0.65498
0.665739 0.65625

0.664062 0.657254
0.665825 0.65625

0.664062 0.660156
0.664063 0.660156

0.667969 0.679688
0.667969 0.679688

0.664062 0.683594
0.664063 0.683594

0.664062 0.714844
0.664063 0.714844

0.664062 0.714844
0.664063 0.714844

0.664062 0.71875
0.664063 0.71875

0.667969 0.746094
0.667969 0.746094

0.664062 0.746094
0.664063 0.746094

0.667969 0.761719
0.667969 0.761719

0.667969 0.773438
0.667969 0.773438

0.667969 0.777344
0.667969 0.777344

0.664062 0.785156
0.664063 0.785156

0.664062 0.785156
0.664063 0.785156

0.664062 0.81608
0.667969 0.816047

0.667969 0.654935
0.671875 0.652934

0.667969 0.660156
0.667969 0.660156

0.671875 0.679687
0.671875 0.679688

0.671875 0.695312
0.671875 0.695312

0.671875 0.705078
0.671875 0.703125

0.671875 0.728516
0.671875 0.726562

0.667969 0.742187
0.667969 0.742188

0.667969 0.75
0.667969 0.75

0.671875 0.755859
0.671875 0.753906

0.667969 0.761719
0.667969 0.761719

0.671875 0.773437
0.671875 0.773438

0.667969 0.773438
0.667969 0.773438

0.667969 0.789062
0.667969 0.789062

0.671875 0.806641
0.671875 0.804688

0.667969 0.814627
0.671875 0.814263

0.675781 0.651178
0.673324 0.652344

0.671875 0.65305
0.673363 0.652344

0.675781 0.662109
0.675781 0.660156

0.671875 0.677734
0.671875 0.675781

0.671875 0.695313
0.671875 0.695312

0.675781 0.720703
0.675781 0.71875

0.671875 0.728516
0.671875 0.726562

0.671875 0.730469
0.671875 0.730469

0.671875 0.75
0.675781 0.75

0.671875 0.765625
0.671875 0.765625

0.671875 0.773438
0.671875 0.773438

0.671875 0.792969
0.671875 0.792969

0.675781 0.796875
0.675781 0.796875

0.675781 0.796875
0.675781 0.796875

0.675781 0.800781
0.675781 0.800781

0.675781 0.808594
0.675781 0.808594

0.671875 0.81422
0.675781 0.813239

0.675781 0.651021
0.679688 0.649243

0.679688 0.662109
0.679688 0.660156

0.679688 0.669922
0.679688 0.667969

0.679688 0.685547
0.679688 0.683594

0.675781 0.697266
0.675781 0.695312

0.679688 0.710937
0.679687 0.710938

0.679688 0.71875
0.679687 0.71875

0.675781 0.730469
0.675781 0.730469

0.679688 0.740234
0.679688 0.738281

0.679688 0.757813
0.679687 0.757812

0.679688 0.783203
0.679688 0.78125

0.675781 0.796875
0.675781 0.796875

0.675781 0.796875
0.675781 0.796875

0.679688 0.811803
0.677874 0.8125

0.675781 0.813158
0.677495 0.8125

0.683594 0.647641
0.681846 0.648438

0.679688 0.649464
0.681939 0.648438

0.679688 0.662109
0.679688 0.660156

0.679688 0.664063
0.679688 0.664062

0.683594 0.667969
0.683594 0.667969

0.683594 0.677734
0.683594 0.675781

0.683594 0.685547
0.683594 0.683594

0.679688 0.707031
0.683594 0.707031

0.679688 0.714844
0.679688 0.714844

0.679688 0.71875
0.679688 0.71875

0.679688 0.71875
0.679688 0.71875

0.683594 0.728516
0.683594 0.726562

0.683594 0.757812
0.683594 0.757812

0.683594 0.761719
0.683594 0.761719

0.683594 0.765625
0.683594 0.765625

0.683594 0.765625
0.683594 0.765625

0.683594 0.773438
0.683594 0.773438

0.683594 0.792969
0.683594 0.792969

0.683594 0.808594
0.683594 0.808594

0.679688 0.811804
0.683594 0.809909

0.683594 0.647594
0.6875 0.645912

0.683594 0.648438
0.683594 0.648438

0.683594 0.652344
0.683594 0.652344

0.6875 0.667969
0.6875 0.667969

0.6875 0.671875
0.6875 0.671875

0.6875 0.683594
0.6875 0.683594

0.6875 0.683594
0.6875 0.683594

0.6875 0.695312
0.6875 0.695312

0.6875 0.699219
0.6875 0.699219

0.683594 0.71875
0.683594 0.71875

0.683594 0.730469
0.683594 0.730469

0.683594 0.730469
0.683594 0.730469

0.683594 0.753906
0.6875 0.753906

0.6875 0.761719
0.6875 0.761719

0.683594 0.769531
0.683594 0.769531

0.6875 0.783203
0.6875 0.78125

0.6875 0.785156
0.6875 0.785156

0.683594 0.789062
0.6875 0.789062

0.6875 0.807661
0.685865 0.808594

0.683594 0.809741
0.685605 0.808594

0.691406 0.64443
0.691124 0.644531

0.6875 0.645896
0.691298 0.644531

0.6875 0.65625
0.6875 0.65625

0.691406 0.65625
0.691406 0.65625

0.6875 0.667969
0.691406 0.667969

0.6875 0.667969
0.6875 0.667969

0.6875 0.679687
0.6875 0.679688

0.6875 0.683594
0.6875 0.683594

0.6875 0.683594
0.691406 0.683594

0.6875 0.699219
0.6875 0.699219

0.6875 0.699219
0.6875 0.699219

0.6875 0.703125
0.691406 0.703125

0.691406 0.707031
0.691406 0.707031

0.691406 0.714844
0.691406 0.714844

0.6875 0.742188
0.691406 0.742188

0.691406 0.742188
0.691406 0.742188

0.691406 0.751953
0.691406 0.75

0.6875 0.761719
0.6875 0.761719

0.691406 0.773437
0.691406 0.773438

0.691406 0.773438
0.691406 0.773438

0.6875 0.785156
0.6875 0.785156

0.691406 0.804687
0.691406 0.804688

0.6875 0.8076
0.691406 0.804944

0.691406 0.644401
0.695312 0.64349

0.691406 0.644531
0.691406 0.644531

0.695312 0.65625
0.695312 0.65625

0.691406 0.683594
0.691406 0.683594

0.691406 0.703125
0.691406 0.703125

0.695312 0.714844
0.695312 0.714844

0.695312 0.714844
0.695312 0.714844

0.691406 0.742187
0.691406 0.742188

0.691406 0.773438
0.695312 0.773438

0.691406 0.777344
0.695312 0.777344

0.695312 0.796875
0.695312 0.796875

0.695312 0.800781
0.695312 0.800781

0.695312 0.801827
0.69173 0.804688

0.691406 0.804879
0.691661 0.804688

0.695312 0.643516
0.699219 0.643222

0.695312 0.644531
0.695313 0.644531

0.699219 0.65625
0.699219 0.65625

0.699219 0.667969
0.699219 0.667969

0.699219 0.683594
0.699219 0.683594

0.695312 0.714844
0.695313 0.714844

0.699219 0.724609
0.699219 0.722656

0.695312 0.738281
0.699219 0.738281

0.695312 0.742187
0.695313 0.742188

0.695312 0.742188
0.695313 0.742188

0.695312 0.746094
0.699219 0.746094

0.695312 0.75
0.699219 0.75

0.695312 0.753906
0.699219 0.753906

0.695312 0.777344
0.695313 0.777344

0.699219 0.798267
0.696456 0.800781

0.695312 0.801767
0.696443 0.800781

0.699219 0.643381
0.703125 0.643332

0.699219 0.65625
0.699219 0.65625

0.699219 0.667969
0.703125 0.667969

0.699219 0.675781
0.699219 0.675781

0.699219 0.675781
0.703125 0.675781

0.703125 0.693359
0.703125 0.691406

0.699219 0.703125
0.703125 0.703125

0.699219 0.703125
0.703125 0.703125

0.699219 0.714844
0.699219 0.714844

0.699219 0.726563
0.699219 0.726562

0.699219 0.769531
0.703125 0.769531

0.703125 0.773437
0.703125 0.773438

0.703125 0.794253
0.700612 0.796875

0.699219 0.798218
0.700586 0.796875

0.703125 0.643394
0.707031 0.643146

0.703125 0.654297
0.703125 0.652344

0.703125 0.666016
0.703125 0.664062

0.707031 0.6875
0.707031 0.6875

0.707031 0.6875
0.707031 0.6875

0.707031 0.720703
0.707031 0.71875

0.707031 0.748047
0.707031 0.746094

0.707031 0.757812
0.707031 0.757812

0.707031 0.757813
0.707031 0.757812

0.703125 0.769531
0.703125 0.769531

0.707031 0.773438
0.707031 0.773438

0.707031 0.785156
0.707031 0.785156

0.707031 0.789865
0.704313 0.792969

0.703125 0.794232
0.704288 0.792969

0.707031 0.643009
0.710938 0.642711

0.707031 0.644531
0.707031 0.644531

0.710938 0.648438
0.710937 0.648438

0.710938 0.660156
0.710937 0.660156

0.707031 0.6875
0.707031 0.6875

0.710938 0.695312
0.710937 0.695312

0.710938 0.699219
0.710937 0.699219

0.710938 0.712891
0.710938 0.710938

0.710938 0.720703
0.710938 0.71875

0.710938 0.734375
0.710937 0.734375

0.707031 0.746094
0.710938 0.746094

0.707031 0.746094
0.707031 0.746094

0.710938 0.757813
0.710937 0.757812

0.710938 0.777344
0.710937 0.777344

0.710938 0.785107
0.710899 0.785156

0.71091 0.785156
0.707715 0.789062

0.707031 0.789844
0.707695 0.789062

0.710938 0.642715
0.714844 0.642632

0.710938 0.644531
0.710938 0.644531

0.714844 0.660156
0.714844 0.660156

0.714844 0.699219
0.714844 0.699219

0.714844 0.699219
0.714844 0.699219

0.710938 0.71875
0.710938 0.71875

0.714844 0.734375
0.714844 0.734375

0.714844 0.734375
0.714844 0.734375

0.710938 0.746094
0.710938 0.746094

0.714844 0.761719
0.714844 0.761719

0.714844 0.779969
0.713913 0.78125

0.710938 0.785107
0.713915 0.78125

0.710938 0.785156
0.710938 0.785156

0.714844 0.642699
0.71875 0.642691

0.714844 0.644531
0.714844 0.644531

0.714844 0.660156
0.714844 0.660156

0.714844 0.660156
0.714844 0.660156

0.714844 0.664063
0.714844 0.664062

0.71875 0.673828
0.71875 0.671875

0.714844 0.699219
0.714844 0.699219

0.71875 0.716797
0.71875 0.714844

0.714844 0.734375
0.714844 0.734375

0.714844 0.738281
0.714844 0.738281

0.71875 0.748047
0.71875 0.746094

0.71875 0.761719
0.71875 0.761719

0.71875 0.765625
0.71875 0.765625

0.71875 0.769531
0.71875 0.769531

0.71875 0.774551
0.716777 0.777344

0.714844 0.779976
0.71678 0.777344

0.71875 0.642637
0.722656 0.642678

0.722656 0.648438
0.722656 0.648438

0.71875 0.660156
0.71875 0.660156

0.722656 0.675781
0.722656 0.675781

0.722656 0.679688
0.722656 0.679688

0.722656 0.689453
0.722656 0.6875

0.71875 0.697266
0.71875 0.695312

0.71875 0.734375
0.71875 0.734375

0.722656 0.744141
0.722656 0.742188

0.722656 0.757812
0.722656 0.757812

0.722656 0.761719
0.722656 0.761719

0.722656 0.768825
0.722197 0.769531

0.72223 0.769531
0.719564 0.773438

0.71875 0.774553
0.719516 0.773438

0.722656 0.642649
0.726562 0.642905

0.726562 0.644531
0.726562 0.644531

0.722656 0.648438
0.722656 0.648438

0.722656 0.660156
0.722656 0.660156

0.722656 0.671875
0.726562 0.671875

0.722656 0.675781
0.726562 0.675781

0.722656 0.675781
0.722656 0.675781

0.722656 0.679688
0.722656 0.679688

0.726562 0.728516
0.726562 0.726562

0.726562 0.746094
0.726562 0.746094

0.726562 0.753906
0.726562 0.753906

0.726562 0.761719
0.726562 0.761719

0.726562 0.762879
0.724781 0.765625

0.722656 0.76883
0.724783 0.765625

0.726562 0.642905
0.730469 0.643432

0.730469 0.689453
0.730469 0.6875

0.726562 0.710938
0.730469 0.710938

0.726562 0.710938
0.730469 0.710938

0.730469 0.720703
0.730469 0.71875

0.730469 0.728516
0.730469 0.726562

0.726562 0.730469
0.726563 0.730469

0.726562 0.746094
0.726563 0.746094

0.730469 0.75
0.730469 0.75

0.730469 0.756743
0.729801 0.757812

0.72987 0.757812
0.727384 0.761719

0.726562 0.762872
0.727304 0.761719

0.730469 0.64345
0.734375 0.644212

0.734375 0.65625
0.734375 0.65625

0.734375 0.65625
0.734375 0.65625

0.734375 0.677734
0.734375 0.675781

0.730469 0.6875
0.730469 0.6875

0.734375 0.722656
0.734375 0.722656

0.734375 0.722656
0.734375 0.722656

0.734375 0.726563
0.734375 0.726562

0.734375 0.750439
0.732241 0.753906

0.730469 0.756737
0.732239 0.753906

0.734375 0.644181
0.735662 0.644531

0.738281 0.645214
0.73577 0.644531

0.734375 0.65625
0.734375 0.65625

0.734375 0.65625
0.734375 0.65625

0.738281 0.669922
0.738281 0.667969

0.738281 0.677734
0.738281 0.675781

0.738281 0.6875
0.738281 0.6875

0.738281 0.705078
0.738281 0.703125

0.738281 0.726562
0.738281 0.726562

0.738281 0.734375
0.738281 0.734375

0.738281 0.738281
0.738281 0.738281

0.738281 0.743972
0.737014 0.746094

0.737011 0.746094
0.734643 0.75

0.734375 0.75042
0.734629 0.75

0.738281 0.645132
0.742188 0.646519

0.738281 0.660156
0.738281 0.660156

0.742188 0.669922
0.742188 0.667969

0.738281 0.671875
0.738281 0.671875

0.742188 0.6875
0.742187 0.6875

0.742188 0.6875
0.742187 0.6875

0.742188 0.699219
0.742187 0.699219

0.738281 0.703125
0.738281 0.703125

0.742188 0.712891
0.742188 0.710938

0.738281 0.726562
0.738281 0.726562

0.742188 0.730469
0.742187 0.730469

0.742188 0.734375
0.742187 0.734375

0.742188 0.737335
0.741642 0.738281

0.741692 0.738281
0.739399 0.742188

0.738281 0.743955
0.739337 0.742188

0.742188 0.64658
0.746094 0.648356

0.742188 0.660156
0.746094 0.660156

0.742188 0.660156
0.742188 0.660156

0.746094 0.6875
0.746094 0.6875

0.742188 0.703125
0.742188 0.703125

0.746094 0.722656
0.746094 0.722656

0.746094 0.730469
0.746094 0.730469

0.746094 0.730474
0.743892 0.734375

0.742188 0.737325
0.743887 0.734375

0.746094 0.648371
0.746214 0.648438

0.75 0.650648
0.746219 0.648438

0.746094 0.664063
0.746094 0.664062

0.75 0.677734
0.75 0.675781

0.75 0.689453
0.75 0.6875

0.75 0.691406
0.75 0.691406

0.75 0.710937
0.75 0.710938

0.75 0.71875
0.75 0.71875

0.75 0.722656
0.75 0.722656

0.75 0.723298
0.748256 0.726562

0.748247 0.726562
0.746096 0.730469

0.75 0.65061
0.752355 0.652344

0.753906 0.653473
0.752423 0.652344

0.753906 0.65625
0.753906 0.65625

0.75 0.691406
0.753906 0.691406

0.753906 0.703125
0.753906 0.703125

0.753906 0.707031
0.753906 0.707031

0.753906 0.714844
0.753906 0.714844

0.753906 0.715613
0.752364 0.71875

0.752353 0.71875
0.750341 0.722656

0.75 0.723264
0.750325 0.722656

0.753906 0.653541
0.756766 0.65625

0.757812 0.657428
0.756783 0.65625

0.757812 0.677734
0.757812 0.675781

0.757812 0.685547
0.757812 0.683594

0.757812 0.695312
0.757812 0.695312

0.757812 0.699219
0.757812 0.699219

0.757812 0.707002
0.757801 0.707031

0.757802 0.707031
0.756102 0.710938

0.756096 0.710938
0.75428 0.714844

0.753906 0.715571
0.754264 0.714844

0.757812 0.657411
0.760006 0.660156

0.761719 0.663087
0.759952 0.660156

0.761719 0.679687
0.761719 0.679688

0.761719 0.6875
0.761719 0.6875

0.761719 0.691406
0.761719 0.691406

0.761719 0.695312
0.761719 0.695312

0.761719 0.696682
0.76085 0.699219

0.761014 0.699219
0.759553 0.703125

0.757812 0.706994
0.759378 0.703125

0.761719 0.662992
0.762343 0.664062

0.762247 0.664062
0.764028 0.667969

0.764098 0.667969
0.765363 0.671875

0.765625 0.673545
0.765399 0.671875

0.765625 0.679687
0.765625 0.679688

0.765625 0.679753
0.765159 0.683594

0.765267 0.683594
0.764529 0.6875

0.764779 0.6875
0.763768 0.691406

0.763392 0.691406
0.762188 0.695312

0.761719 0.696622
0.762167 0.695312

0.765625 0.673501
0.765933 0.675781

0.765827 0.675781
0.765692 0.679688

