0.515625 0.762199
0.515053 0.765625

0.515062 0.765625
0.514493 0.769531

0.514443 0.769531
0.514034 0.773438

0.514036 0.773438
0.513885 0.777344

0.513941 0.777344
0.513936 0.78125

0.513947 0.78125
0.513955 0.785156

0.513936 0.785156
0.513971 0.789062

0.513911 0.789062
0.514133 0.792969

0.514167 0.792969
0.514627 0.796875

0.514729 0.796875
0.515154 0.800781

0.51503 0.800781
0.515466 0.804688

0.515625 0.805818
0.515353 0.804688

0.519531 0.746648
0.518526 0.75

0.518477 0.75
0.517466 0.753906

0.517286 0.753906
0.516341 0.757812

0.516508 0.757812
0.515654 0.761719

0.515625 0.762125
0.515693 0.761719

0.515625 0.765625
0.515625 0.765625

0.515625 0.769531
0.515625 0.769531

0.515625 0.80587
0.51628 0.808594

0.516215 0.808594
0.517821 0.8125

0.519531 0.815435
0.517965 0.8125

0.523438 0.735281
0.52229 0.738281

0.522277 0.738281
0.52092 0.742188

0.520929 0.742188
0.519684 0.746094

0.519531 0.746569
0.519674 0.746094

0.519531 0.75
0.519531 0.75

0.519531 0.753906
0.519531 0.753906

0.519531 0.757813
0.519531 0.757812

0.519531 0.765625
0.519531 0.765625

0.519531 0.773438
0.519531 0.773438

0.519531 0.785156
0.523438 0.785156

0.523438 0.789062
0.523437 0.789062

0.519531 0.815291
0.520126 0.816406

0.520052 0.816406
0.522424 0.820312

0.523438 0.821781
0.522466 0.820312

0.527344 0.72587
0.527029 0.726562

0.52701 0.726562
0.525345 0.730469

0.52534 0.730469
0.523766 0.734375

0.523438 0.735196
0.523752 0.734375

0.523438 0.742188
0.523438 0.742188

0.523438 0.746094
0.523438 0.746094

0.523438 0.753906
0.523438 0.753906

0.523438 0.789062
0.523438 0.789062

0.527344 0.789063
0.527344 0.789062

0.523438 0.808594
0.527344 0.808594

0.523438 0.8125
0.523438 0.8125

0.523438 0.821768
0.525086 0.824219

0.527344 0.827218
0.525057 0.824219

0.53125 0.717618
0.530677 0.71875

0.530666 0.71875
0.528792 0.722656

0.527344 0.725868
0.528804 0.722656

0.527344 0.726563
0.527344 0.726562

0.527344 0.730469
0.527344 0.730469

0.53125 0.744141
0.53125 0.742188

0.53125 0.765625
0.53125 0.765625

0.53125 0.769531
0.53125 0.769531

0.53125 0.777344
0.53125 0.777344

0.53125 0.779297
0.53125 0.777344

0.527344 0.789063
0.527344 0.789062

0.527344 0.82721
0.528057 0.828125

0.53125 0.8318
0.528015 0.828125

0.535156 0.710188
0.534737 0.710938

0.534726 0.710938
0.532643 0.714844

0.53125 0.717613
0.532652 0.714844

0.53125 0.71875
0.53125 0.71875

0.53125 0.738281
0.53125 0.738281

0.53125 0.738281
0.535156 0.738281

0.535156 0.751953
0.535156 0.75

0.53125 0.753906
0.535156 0.753906

0.53125 0.761719
0.53125 0.761719

0.53125 0.765625
0.53125 0.765625

0.53125 0.765625
0.53125 0.765625

0.53125 0.777344
0.53125 0.777344

0.535156 0.78125
0.535156 0.78125

0.535156 0.78125
0.535156 0.78125

0.53125 0.792969
0.53125 0.792969

0.535156 0.792969
0.535156 0.792969

0.535156 0.796875
0.535156 0.796875

0.53125 0.831772
0.531492 0.832031

0.535156 0.835681
0.531455 0.832031

0.539062 0.7034
0.536906 0.707031

0.535156 0.710185
0.536925 0.707031

0.535156 0.71875
0.535156 0.71875

0.535156 0.722656
0.539062 0.722656

0.535156 0.765625
0.535156 0.765625

0.535156 0.765625
0.535156 0.765625

0.535156 0.78125
0.535156 0.78125

0.535156 0.792969
0.535156 0.796875

0.535156 0.808594
0.539062 0.808594

0.535156 0.808594
0.539062 0.808594

0.539062 0.818359
0.539062 0.816406

0.535156 0.832031
0.535156 0.832031

0.535156 0.83565
0.535473 0.835938

0.539062 0.83904
0.535477 0.835938

0.542969 0.697259
0.541688 0.699219

0.541687 0.699219
0.539238 0.703125

0.539062 0.703379
0.539212 0.703125

0.539062 0.71875
0.542969 0.71875

0.539062 0.71875
0.539063 0.71875

0.542969 0.732422
0.542969 0.730469

0.542969 0.755859
0.542969 0.753906

0.539062 0.769531
0.539063 0.769531

0.539062 0.785156
0.539063 0.785156

0.539062 0.789062
0.542969 0.789062

0.542969 0.814453
0.542969 0.8125

0.542969 0.828125
0.542969 0.828125

0.539062 0.832031
0.539063 0.832031

0.539062 0.839034
0.540105 0.839844

0.542969 0.84201
0.540138 0.839844

0.546875 0.691468
0.544233 0.695312

0.542969 0.697254
0.544238 0.695312

0.546875 0.740234
0.546875 0.738281

0.546875 0.742188
0.546875 0.742188

0.546875 0.8125
0.546875 0.8125

0.546875 0.824219
0.546875 0.824219

0.542969 0.828125
0.542969 0.828125

0.542969 0.828125
0.542969 0.828125

0.542969 0.842017
0.545522 0.84375

0.546875 0.844651
0.545521 0.84375

0.550781 0.686064
0.549739 0.6875

0.549734 0.6875
0.546929 0.691406

0.546875 0.691475
0.546922 0.691406

0.550781 0.707031
0.550781 0.707031

0.550781 0.707031
0.550781 0.707031

0.550781 0.720703
0.550781 0.71875

0.550781 0.728516
0.550781 0.726562

0.546875 0.742187
0.546875 0.742188

0.546875 0.753906
0.550781 0.753906

0.546875 0.753906
0.550781 0.753906

0.550781 0.765625
0.550781 0.765625

0.550781 0.769531
0.550781 0.769531

0.550781 0.769531
0.550781 0.769531

0.550781 0.785156
0.550781 0.785156

0.550781 0.789063
0.550781 0.789062

0.550781 0.8125
0.550781 0.8125

0.546875 0.8125
0.546875 0.8125

0.546875 0.824219
0.546875 0.824219

0.550781 0.832031
0.550781 0.832031

0.546875 0.844723
0.550781 0.847072

0.554688 0.680989
0.552641 0.683594

0.550781 0.686086
0.552644 0.683594

0.550781 0.691406
0.550781 0.691406

0.554688 0.703125
0.554687 0.703125

0.550781 0.707031
0.550781 0.707031

0.550781 0.742188
0.550781 0.742188

0.550781 0.753906
0.550781 0.753906

0.554688 0.765625
0.554687 0.765625

0.550781 0.785156
0.550781 0.785156

0.550781 0.785156
0.550781 0.785156

0.550781 0.789063
0.550781 0.789062

0.550781 0.8125
0.550781 0.8125

0.554688 0.824219
0.554687 0.824219

0.554688 0.835937
0.554687 0.835938

0.554688 0.835938
0.554687 0.835938

0.550781 0.847009
0.551991 0.847656

0.554688 0.849075
0.552035 0.847656

0.558594 0.676255
0.555702 0.679688

0.554688 0.680971
0.555699 0.679688

0.554688 0.683594
0.554688 0.683594

0.558594 0.703125
0.558594 0.703125

0.558594 0.716797
0.558594 0.714844

0.558594 0.726562
0.558594 0.726562

0.558594 0.726563
0.558594 0.726562

0.558594 0.753906
0.558594 0.753906

0.554688 0.765625
0.554688 0.765625

0.554688 0.765625
0.554688 0.765625

0.558594 0.802734
0.558594 0.800781

0.558594 0.824219
0.558594 0.824219

0.558594 0.828125
0.558594 0.828125

0.554688 0.835938
0.554688 0.835938

0.554688 0.849131
0.558594 0.851027

0.5625 0.671882
0.559 0.675781

0.558594 0.676245
0.558993 0.675781

0.558594 0.679688
0.558594 0.679688

0.5625 0.6875
0.5625 0.6875

0.558594 0.703125
0.558594 0.703125

0.5625 0.710937
0.5625 0.710938

0.558594 0.730469
0.558594 0.730469

0.558594 0.730469
0.558594 0.730469

0.558594 0.753906
0.558594 0.753906

0.5625 0.775391
0.5625 0.773438

0.5625 0.783203
0.5625 0.78125

0.5625 0.791016
0.5625 0.789062

0.5625 0.816406
0.5625 0.816406

0.5625 0.816406
0.5625 0.816406

0.5625 0.832031
0.5625 0.832031

0.558594 0.847656
0.558594 0.847656

0.558594 0.850955
0.55993 0.851562

0.5625 0.852709
0.559977 0.851562

0.566406 0.667762
0.566214 0.667969

0.566172 0.667969
0.562547 0.671875

0.5625 0.671924
0.562545 0.671875

0.5625 0.675781
0.5625 0.675781

0.566406 0.6875
0.566406 0.6875

0.566406 0.6875
0.566406 0.6875

0.566406 0.691406
0.566406 0.691406

0.566406 0.710938
0.566406 0.710938

0.5625 0.714844
0.566406 0.714844

0.5625 0.726562
0.5625 0.726562

0.5625 0.730469
0.5625 0.730469

0.5625 0.730469
0.5625 0.730469

0.566406 0.742187
0.566406 0.742188

0.5625 0.753906
0.5625 0.753906

0.566406 0.763672
0.566406 0.761719

0.566406 0.765625
0.566406 0.765625

0.5625 0.773438
0.566406 0.773438

0.566406 0.792969
0.566406 0.792969

0.566406 0.792969
0.566406 0.792969

0.566406 0.8125
0.566406 0.8125

0.566406 0.835937
0.566406 0.835938

0.5625 0.852896
0.566406 0.854624

0.570312 0.663459
0.569774 0.664062

0.566406 0.66776
0.569792 0.664062

0.566406 0.683594
0.566406 0.683594

0.566406 0.6875
0.566406 0.6875

0.570312 0.691406
0.570312 0.691406

0.566406 0.710937
0.566406 0.710938

0.570312 0.720703
0.570312 0.71875

0.566406 0.726562
0.566406 0.726562

0.566406 0.730469
0.566406 0.730469

0.566406 0.730469
0.570312 0.730469

0.566406 0.738281
0.566406 0.738281

0.566406 0.742187
0.566406 0.742188

0.566406 0.742188
0.566406 0.742188

0.570312 0.753906
0.570312 0.753906

0.570312 0.759766
0.570312 0.757812

0.566406 0.773437
0.566406 0.773438

0.566406 0.773438
0.566406 0.773438

0.566406 0.792969
0.566406 0.792969

0.566406 0.792969
0.566406 0.792969

0.570312 0.810547
0.570312 0.808594

0.566406 0.835938
0.566406 0.835938

0.566406 0.839844
0.570312 0.839844

0.566406 0.854421
0.568759 0.855469

0.570312 0.856148
0.568788 0.855469

0.574219 0.658985
0.573172 0.660156

0.570312 0.663456
0.573254 0.660156

0.574219 0.691406
0.574219 0.691406

0.574219 0.691406
0.574219 0.691406

0.574219 0.695313
0.574219 0.695312

0.574219 0.703125
0.574219 0.703125

0.570312 0.710938
0.570313 0.710938

0.570312 0.730469
0.570313 0.730469

0.570312 0.738281
0.570313 0.738281

0.570312 0.738281
0.570312 0.738281

0.574219 0.75
0.574219 0.75

0.574219 0.753906
0.574219 0.753906

0.574219 0.753906
0.574219 0.753906

0.570312 0.773437
0.570313 0.773438

0.570312 0.789062
0.574219 0.789062

0.570312 0.792969
0.570313 0.792969

0.574219 0.800781
0.574219 0.800781

0.574219 0.804688
0.574219 0.804688

0.570312 0.8125
0.570313 0.8125

0.574219 0.826172
0.574219 0.824219

0.570312 0.85615
0.574219 0.857917

0.578125 0.654902
0.576702 0.65625

0.574219 0.658983
0.576822 0.65625

0.574219 0.660156
0.574219 0.660156

0.578125 0.673828
0.578125 0.671875

0.578125 0.6875
0.578125 0.6875

0.578125 0.691406
0.578125 0.691406

0.574219 0.691406
0.574219 0.691406

0.574219 0.695313
0.574219 0.695312

0.578125 0.699219
0.578125 0.699219

0.578125 0.724609
0.578125 0.722656

0.578125 0.734375
0.578125 0.734375

0.574219 0.738281
0.574219 0.738281

0.578125 0.753906
0.578125 0.753906

0.578125 0.753906
0.578125 0.753906

0.578125 0.769531
0.578125 0.769531

0.578125 0.773437
0.578125 0.773438

0.574219 0.773438
0.578125 0.773438

0.578125 0.800781
0.578125 0.800781

0.574219 0.857938
0.5774 0.859375

0.578125 0.859696
0.577415 0.859375

0.582031 0.651878
0.581373 0.652344

0.578125 0.654909
0.581344 0.652344

0.578125 0.65625
0.578125 0.65625

0.578125 0.660156
0.578125 0.660156

0.582031 0.679688
0.582031 0.679688

0.578125 0.691406
0.578125 0.691406

0.582031 0.699219
0.582031 0.699219

0.582031 0.703125
0.582031 0.703125

0.582031 0.714844
0.582031 0.714844

0.582031 0.71875
0.582031 0.71875

0.582031 0.71875
0.582031 0.71875

0.578125 0.726563
0.578125 0.726562

0.582031 0.730469
0.582031 0.730469

0.582031 0.734375
0.582031 0.734375

0.578125 0.738281
0.578125 0.738281

0.578125 0.75
0.578125 0.75

0.578125 0.75
0.578125 0.75

0.578125 0.753906
0.578125 0.753906

0.582031 0.765625
0.582031 0.765625

0.582031 0.765625
0.582031 0.765625

0.582031 0.769531
0.582031 0.769531

0.582031 0.78125
0.582031 0.78125

0.582031 0.796875
0.582031 0.796875

0.578125 0.800781
0.578125 0.800781

0.582031 0.818359
0.582031 0.816406

0.582031 0.828125
0.582031 0.828125

0.578125 0.839844
0.582031 0.839844

0.578125 0.839844
0.582031 0.839844

0.582031 0.851562
0.582031 0.851562

0.578125 0.859719
0.582031 0.861404

0.582031 0.651914
0.585938 0.649463

0.582031 0.652344
0.582031 0.652344

0.585938 0.664062
0.585938 0.667969

0.585938 0.667969
0.585937 0.667969

0.585938 0.679687
0.585937 0.679688

0.585938 0.679688
0.585937 0.679688

0.582031 0.689453
0.582031 0.6875

0.582031 0.703125
0.582031 0.703125

0.582031 0.71875
0.582031 0.71875

0.582031 0.71875
0.582031 0.71875

0.585938 0.726562
0.585937 0.726562

0.585938 0.730469
0.585937 0.730469

0.582031 0.746094
0.582031 0.746094

0.582031 0.753906
0.582031 0.753906

0.582031 0.753906
0.582031 0.753906

0.582031 0.767578
0.582031 0.765625

0.582031 0.78125
0.582031 0.78125

0.582031 0.78125
0.582031 0.78125

0.582031 0.796875
0.582031 0.796875

0.582031 0.796875
0.582031 0.796875

0.585938 0.810547
0.585938 0.808594

0.585938 0.824219
0.585937 0.824219

0.582031 0.851563
0.582031 0.851562

0.582031 0.861442
0.585938 0.862991

0.589844 0.647284
0.588017 0.648438

0.585938 0.649634
0.587842 0.648438

0.585938 0.667969
0.585938 0.667969

0.585938 0.667969
0.585938 0.667969

0.585938 0.675781
0.585938 0.675781

0.585938 0.677734
0.585938 0.675781

0.585938 0.699219
0.585938 0.699219

0.585938 0.703125
0.585938 0.703125

0.585938 0.730469
0.589844 0.730469

0.585938 0.730469
0.585938 0.730469

0.589844 0.738281
0.589844 0.738281

0.585938 0.746094
0.585938 0.75

0.585938 0.753906
0.585938 0.753906

0.585938 0.792969
0.585938 0.792969

0.585938 0.800781
0.585938 0.800781

0.589844 0.810547
0.589844 0.808594

0.585938 0.820312
0.589844 0.820312

0.589844 0.824219
0.589844 0.824219

0.589844 0.824219
0.589844 0.824219

0.589844 0.828125
0.589844 0.828125

0.589844 0.84375
0.589844 0.84375

0.585938 0.859375
0.585938 0.859375

0.585938 0.863078
0.586584 0.863281

0.589844 0.864265
0.586709 0.863281

0.59375 0.644141
0.593266 0.644531

0.589844 0.647252
0.593426 0.644531

0.589844 0.652344
0.589844 0.652344

0.589844 0.667969
0.589844 0.667969

0.59375 0.6875
0.59375 0.6875

0.59375 0.691406
0.59375 0.691406

0.589844 0.695313
0.589844 0.695312

0.589844 0.726562
0.589844 0.726562

0.59375 0.738281
0.59375 0.738281

0.59375 0.742188
0.59375 0.742188

0.59375 0.761719
0.59375 0.761719

0.59375 0.779297
0.59375 0.777344

0.59375 0.808594
0.59375 0.808594

0.59375 0.808594
0.59375 0.808594

0.589844 0.824219
0.589844 0.824219

0.589844 0.835937
0.589844 0.835938

0.589844 0.839844
0.589844 0.839844

0.59375 0.84375
0.59375 0.84375

0.59375 0.84375
0.59375 0.84375

0.59375 0.851563
0.59375 0.851562

0.589844 0.863281
0.589844 0.863281

0.589844 0.864351
0.59375 0.864933

0.597656 0.640516
0.597518 0.640625

0.59375 0.644093
0.597656 0.640928

0.59375 0.644531
0.59375 0.644531

0.59375 0.648438
0.59375 0.648438

0.59375 0.652344
0.59375 0.652344

0.597656 0.677734
0.597656 0.675781

0.59375 0.679688
0.59375 0.679688

0.597656 0.691406
0.597656 0.691406

0.597656 0.707031
0.597656 0.707031

0.597656 0.722656
0.597656 0.722656

0.597656 0.722656
0.597656 0.722656

0.597656 0.742187
0.597656 0.742188

0.597656 0.75
0.597656 0.75

0.59375 0.761719
0.597656 0.761719

0.597656 0.78125
0.597656 0.78125

0.597656 0.789062
0.597656 0.789062

0.59375 0.789062
0.597656 0.789062

0.59375 0.804688
0.597656 0.804688

0.59375 0.8125
0.59375 0.8125

0.597656 0.816406
0.597656 0.816406

0.59375 0.84375
0.59375 0.84375

0.59375 0.847656
0.59375 0.847656

0.59375 0.864774
0.597656 0.864869

0.597656 0.64051
0.601562 0.63834

0.597656 0.640678
0.597749 0.640625

0.597656 0.652344
0.597656 0.652344

0.597656 0.652344
0.597656 0.652344

0.601562 0.664062
0.601562 0.664062

0.601562 0.664063
0.601562 0.664062

0.597656 0.6875
0.597656 0.6875

0.597656 0.691406
0.597656 0.691406

0.601562 0.691406
0.601562 0.691406

0.601562 0.695313
0.601562 0.695312

0.597656 0.699219
0.601562 0.699219

0.601562 0.710937
0.601562 0.710938

0.601562 0.710938
0.601562 0.710938

0.601562 0.714844
0.601562 0.714844

0.597656 0.722656
0.597656 0.722656

0.597656 0.730469
0.597656 0.730469

0.597656 0.730469
0.601562 0.730469

0.597656 0.740234
0.597656 0.738281

0.597656 0.75
0.597656 0.75

0.597656 0.75
0.597656 0.75

0.597656 0.761719
0.597656 0.761719

0.601562 0.773437
0.601562 0.773438

0.597656 0.78125
0.601562 0.78125

0.601562 0.792969
0.601562 0.792969

0.597656 0.8125
0.597656 0.8125

0.597656 0.8125
0.597656 0.8125

0.597656 0.816406
0.597656 0.816406

0.597656 0.863281
0.597656 0.863281

0.597656 0.86483
0.601562 0.864832

0.601562 0.638094
0.605469 0.637448

0.601562 0.644531
0.601563 0.644531

0.605469 0.658203
0.605469 0.65625

0.601562 0.664062
0.601563 0.664062

0.605469 0.667969
0.605469 0.667969

0.605469 0.677734
0.605469 0.675781

0.601562 0.6875
0.601563 0.6875

0.601562 0.691406
0.601563 0.691406

0.601562 0.691406
0.601563 0.691406

0.601562 0.699219
0.601563 0.699219

0.601562 0.707031
0.601563 0.707031

0.601562 0.710937
0.601563 0.710938

0.601562 0.710938
0.601563 0.710938

0.605469 0.722656
0.605469 0.722656

0.601562 0.738281
0.601563 0.738281

0.605469 0.759766
0.605469 0.757812

0.605469 0.761719
0.605469 0.761719

0.605469 0.773438
0.605469 0.773438

0.601562 0.777344
0.601563 0.777344

0.601562 0.785156
0.601563 0.785156

0.605469 0.792969
0.605469 0.796875

0.601562 0.796875
0.605469 0.796875

0.601562 0.800781
0.605469 0.800781

0.601562 0.828125
0.605469 0.828125

0.601562 0.828125
0.605469 0.828125

0.601562 0.864814
0.605469 0.864834

0.605469 0.63707
0.609375 0.637129

0.609375 0.640625
0.609375 0.640625

0.609375 0.644531
0.609375 0.644531

0.605469 0.648438
0.609375 0.648438

0.605469 0.667969
0.605469 0.667969

0.605469 0.671875
0.609375 0.671875

0.605469 0.675781
0.605469 0.675781

0.605469 0.691406
0.605469 0.691406

0.605469 0.691406
0.605469 0.691406

0.609375 0.707031
0.609375 0.707031

0.605469 0.722656
0.609375 0.722656

0.605469 0.722656
0.605469 0.722656

0.609375 0.75
0.609375 0.75

0.609375 0.753906
0.609375 0.753906

0.609375 0.757812
0.609375 0.757812

0.609375 0.757813
0.609375 0.757812

0.609375 0.769531
0.609375 0.769531

0.609375 0.769531
0.609375 0.769531

0.605469 0.792969
0.605469 0.792969

0.609375 0.796875
0.609375 0.796875

0.609375 0.845703
0.609375 0.84375

0.605469 0.863281
0.605469 0.863281

0.605469 0.864853
0.609375 0.864888

0.609375 0.637356
0.613281 0.637604

0.613281 0.640625
0.613281 0.640625

0.613281 0.644531
0.613281 0.644531

0.613281 0.648438
0.613281 0.648438

0.609375 0.660156
0.613281 0.660156

0.609375 0.660156
0.613281 0.660156

0.609375 0.671875
0.609375 0.671875

0.609375 0.699219
0.609375 0.699219

0.613281 0.703125
0.613281 0.703125

0.613281 0.707031
0.613281 0.707031

0.609375 0.707031
0.609375 0.707031

0.613281 0.722656
0.613281 0.722656

0.613281 0.738281
0.613281 0.738281

0.613281 0.75
0.613281 0.75

0.613281 0.753906
0.613281 0.753906

0.613281 0.753906
0.613281 0.753906

0.613281 0.757813
0.613281 0.757812

0.613281 0.761719
0.613281 0.761719

0.613281 0.765625
0.613281 0.765625

0.613281 0.769531
0.613281 0.769531

0.613281 0.773438
0.613281 0.773438

0.613281 0.777344
0.613281 0.777344

0.613281 0.796875
0.613281 0.796875

0.613281 0.806641
0.613281 0.804688

0.613281 0.84375
0.613281 0.84375

0.613281 0.84375
0.613281 0.84375

0.613281 0.859375
0.613281 0.859375

0.609375 0.864898
0.613281 0.864892

0.613281 0.63745
0.617188 0.637705

0.617188 0.640625
0.617187 0.640625

0.617188 0.644531
0.617187 0.644531

0.613281 0.660156
0.613281 0.660156

0.613281 0.671875
0.617188 0.671875

0.617188 0.683594
0.617187 0.683594

0.617188 0.6875
0.617187 0.6875

0.617188 0.703125
0.617187 0.703125

0.617188 0.707031
0.617187 0.707031

0.617188 0.722656
0.617187 0.722656

0.617188 0.727716
0.616945 0.730469

0.617005 0.730469
0.616718 0.734375

0.616872 0.734375
0.616634 0.738281

0.616801 0.738281
0.616601 0.742188

0.616772 0.742188
0.616614 0.746094

0.616794 0.746094
0.616687 0.75

0.616987 0.75
0.616968 0.753906

0.616763 0.753906
0.616837 0.757812

0.616725 0.757812
0.616821 0.761719

0.616705 0.761719
0.616819 0.765625

0.616655 0.765625
0.616816 0.769531

0.616617 0.769531
0.61685 0.773438

0.616665 0.773438
0.616995 0.777344

0.617188 0.779641
0.616944 0.777344

0.617188 0.78125
0.617187 0.78125

0.617188 0.785156
0.617187 0.785156

0.617188 0.789063
0.617187 0.789062

0.617188 0.792969
0.617187 0.792969

0.617188 0.796875
0.617187 0.796875

0.617188 0.804688
0.617187 0.804688

0.617188 0.808594
0.617187 0.808594

0.617188 0.824219
0.617187 0.824219

0.613281 0.84375
0.613281 0.84375

0.617188 0.857422
0.617188 0.855469

0.613281 0.864884
0.617188 0.864831

0.617188 0.638486
0.621094 0.639137

0.621094 0.640625
0.621094 0.640625

0.621094 0.644531
0.621094 0.644531

0.621094 0.671875
0.621094 0.671875

0.621094 0.679687
0.621094 0.679688

0.621094 0.6875
0.621094 0.6875

0.621094 0.691406
0.621094 0.691406

0.621094 0.698465
0.620961 0.699219

0.620963 0.699219
0.620282 0.703125

0.62052 0.703125
0.61987 0.707031

0.620238 0.707031
0.619667 0.710938

0.61904 0.710938
0.618565 0.714844

0.61858 0.714844
0.618142 0.71875

0.618143 0.71875
0.617708 0.722656

0.617693 0.722656
0.617289 0.726562

0.617188 0.727722
0.61729 0.726562

0.617188 0.779661
0.617356 0.78125

0.61737 0.78125
0.617837 0.785156

0.61785 0.785156
0.618315 0.789062

0.618277 0.789062
0.618788 0.792969

0.618761 0.792969
0.619451 0.796875

0.619783 0.796875
0.620511 0.800781

0.620272 0.800781
0.620906 0.804688

0.621094 0.806124
0.620826 0.804688

0.621094 0.8125
0.621094 0.8125

0.621094 0.816406
0.621094 0.816406

0.621094 0.820313
0.621094 0.820312

0.621094 0.824219
0.621094 0.824219

0.621094 0.828125
0.621094 0.828125

0.621094 0.835938
0.621094 0.835938

0.617188 0.864832
0.621094 0.864743

0.621094 0.638872
0.624269 0.640625

0.625 0.640929
0.624502 0.640625

0.625 0.644531
0.625 0.644531

0.625 0.648438
0.625 0.648438

0.625 0.675781
0.625 0.675781

0.625 0.677806
0.62463 0.679688

0.624688 0.679688
0.623892 0.683594

0.624211 0.683594
0.623432 0.6875

0.623031 0.6875
0.622312 0.691406

0.622326 0.691406
0.621643 0.695312

0.621094 0.698468
0.621649 0.695312

0.621094 0.806208
0.621539 0.808594

0.621579 0.808594
0.622457 0.8125

0.622404 0.8125
0.623469 0.816406

0.62363 0.816406
0.624731 0.820312

0.625 0.821601
0.624676 0.820312

0.625 0.828125
0.625 0.828125

0.625 0.832031
0.625 0.832031

0.621094 0.864852
0.625 0.864509

0.625 0.640938
0.62806 0.644531

0.628906 0.647868
0.627844 0.644531

0.628906 0.650908
0.628764 0.648438

0.628906 0.654416
0.628854 0.65625

0.628867 0.65625
0.62844 0.660156

0.628513 0.660156
0.627826 0.664062

0.628093 0.664062
0.627317 0.667969

0.626882 0.667969
0.626125 0.671875

0.626137 0.671875
0.625393 0.675781

0.625 0.677809
0.625399 0.675781

0.625 0.821772
0.625615 0.824219

0.625582 0.824219
0.626644 0.828125

0.626895 0.828125
0.628126 0.832031

0.628906 0.835
0.628006 0.832031

0.628906 0.839844
0.628906 0.839844

0.625 0.864761
0.628906 0.863441

0.628906 0.648026
0.629036 0.648438

0.628906 0.650918
0.628989 0.652344

0.628906 0.654439
0.628966 0.652344

0.628906 0.65625
0.628906 0.65625

0.628906 0.835391
0.629072 0.835938

0.629088 0.835938
0.630177 0.839844

0.630104 0.839844
0.631401 0.84375

0.632812 0.847479
0.631586 0.84375

0.632812 0.847656
0.632812 0.847656

0.632812 0.851563
0.632812 0.851562

0.632812 0.86014
0.629621 0.863281

0.628906 0.86372
0.629638 0.863281

0.632812 0.847537
0.632852 0.847656

0.632894 0.847656
0.633749 0.851562

0.633839 0.851562
0.634039 0.855469

0.634314 0.855469
0.633131 0.859375

0.632812 0.86012
0.633273 0.859375

