0.480469 0.808112
0.48037 0.808594

0.480373 0.808594
0.479849 0.8125

0.479884 0.8125
0.479558 0.816406

0.479553 0.816406
0.479362 0.820312

0.479347 0.820312
0.479334 0.824219

0.479344 0.824219
0.479517 0.828125

0.479532 0.828125
0.479842 0.832031

0.479747 0.832031
0.480352 0.835938

0.480469 0.836418
0.480336 0.835938

0.484375 0.790146
0.48354 0.792969

0.483456 0.792969
0.482612 0.796875

0.482767 0.796875
0.482104 0.800781

0.481906 0.800781
0.481072 0.804688

0.480469 0.808107
0.481167 0.804688

0.480469 0.816406
0.480469 0.816406

0.480469 0.832031
0.480469 0.832031

0.480469 0.835937
0.480469 0.835938

0.480469 0.836329
0.48144 0.839844

0.481319 0.839844
0.482471 0.84375

0.482715 0.84375
0.48369 0.847656

0.484375 0.850153
0.483559 0.847656

0.488281 0.777395
0.487025 0.78125

0.487021 0.78125
0.485862 0.785156

0.485874 0.785156
0.484715 0.789062

0.484375 0.790212
0.484715 0.789062

0.484375 0.832031
0.484375 0.832031

0.484375 0.835937
0.484375 0.835938

0.484375 0.839844
0.484375 0.839844

0.484375 0.847656
0.484375 0.847656

0.484375 0.850525
0.484714 0.851562

0.48465 0.851562
0.486831 0.855469

0.488281 0.857354
0.486853 0.855469

0.492188 0.765575
0.492169 0.765625

0.492133 0.765625
0.490825 0.769531

0.49089 0.769531
0.489644 0.773438

0.489637 0.773438
0.488335 0.777344

0.488281 0.77751
0.488335 0.777344

0.488281 0.785156
0.488281 0.785156

0.488281 0.792969
0.488281 0.792969

0.492188 0.808594
0.492187 0.808594

0.492188 0.824219
0.492187 0.824219

0.488281 0.855469
0.488281 0.855469

0.488281 0.85698
0.490186 0.859375

0.492188 0.861573
0.490244 0.859375

0.496094 0.755254
0.495073 0.757812

0.49507 0.757812
0.493581 0.761719

0.492188 0.765576
0.493593 0.761719

0.492188 0.773438
0.492188 0.773438

0.492188 0.777344
0.492188 0.777344

0.492188 0.808594
0.492188 0.808594

0.492188 0.824219
0.492188 0.824219

0.496094 0.833984
0.496094 0.832031

0.496094 0.847656
0.496094 0.847656

0.492188 0.851562
0.496094 0.851562

0.492188 0.861592
0.493712 0.863281

0.496094 0.865749
0.49371 0.863281

0.5 0.74463
0.499328 0.746094

0.499373 0.746094
0.498025 0.75

0.498051 0.75
0.496632 0.753906

0.496094 0.755314
0.496656 0.753906

0.496094 0.761719
0.496094 0.761719

0.496094 0.777344
0.496094 0.777344

0.496094 0.78125
0.496094 0.78125

0.5 0.820312
0.5 0.820312

0.5 0.820313
0.5 0.820312

0.496094 0.828125
0.496094 0.828125

0.5 0.839844
0.5 0.839844

0.5 0.839844
0.5 0.839844

0.496094 0.851563
0.496094 0.851562

0.496094 0.863281
0.496094 0.863281

0.496094 0.865816
0.49754 0.867188

0.5 0.869312
0.497551 0.867188

0.503906 0.737799
0.503439 0.738281

0.503759 0.738281
0.500808 0.742188

0.5 0.744318
0.500977 0.742188

0.503906 0.789062
0.503906 0.789062

0.503906 0.789063
0.503906 0.789062

0.5 0.800781
0.503906 0.800781

0.5 0.800781
0.503906 0.800781

0.503906 0.810547
0.503906 0.808594

0.5 0.820312
0.5 0.820312

0.5 0.820313
0.5 0.820312

0.5 0.839844
0.5 0.839844

0.5 0.859375
0.5 0.859375

0.5 0.869341
0.502302 0.871094

0.503906 0.872249
0.502321 0.871094

0.503906 0.737716
0.507812 0.735366

0.507812 0.757813
0.507812 0.757812

0.503906 0.761719
0.507812 0.761719

0.507812 0.773438
0.507812 0.773438

0.503906 0.777344
0.507812 0.777344

0.503906 0.789063
0.503906 0.789062

0.507812 0.808594
0.507812 0.808594

0.503906 0.824219
0.503906 0.824219

0.507812 0.833984
0.507812 0.832031

0.507812 0.849609
0.507812 0.847656

0.503906 0.872252
0.507812 0.87485

0.507812 0.735
0.511719 0.735281

0.511719 0.738281
0.511719 0.738281

0.511719 0.742188
0.511719 0.742188

0.511719 0.753906
0.511719 0.753906

0.507812 0.753906
0.507813 0.753906

0.507812 0.769531
0.507813 0.769531

0.507812 0.773437
0.507813 0.773438

0.511719 0.785156
0.511719 0.785156

0.511719 0.804687
0.511719 0.804688

0.511719 0.808594
0.511719 0.808594

0.511719 0.8125
0.511719 0.8125

0.511719 0.835937
0.511719 0.835938

0.507812 0.849609
0.507812 0.847656

0.507812 0.859375
0.511719 0.859375

0.511719 0.859375
0.511719 0.859375

0.511719 0.863281
0.511719 0.863281

0.507812 0.874886
0.508006 0.875

0.511719 0.877165
0.508068 0.875

0.511719 0.736191
0.515625 0.738015

0.515625 0.742188
0.515625 0.742188

0.515625 0.746094
0.515625 0.746094

0.511719 0.757813
0.511719 0.757812

0.511719 0.785156
0.511719 0.785156

0.515625 0.794922
0.515625 0.792969

0.511719 0.808594
0.511719 0.808594

0.511719 0.808594
0.511719 0.808594

0.515625 0.824219
0.515625 0.824219

0.515625 0.828125
0.515625 0.828125

0.511719 0.832031
0.511719 0.832031

0.511719 0.833984
0.511719 0.832031

0.511719 0.835938
0.511719 0.835938

0.511719 0.863281
0.511719 0.863281

0.511719 0.863281
0.511719 0.863281

0.511719 0.87713
0.515018 0.878906

0.515625 0.879218
0.515046 0.878906

0.515625 0.738174
0.515794 0.738281

0.519531 0.740872
0.515904 0.738281

0.519531 0.742188
0.519531 0.742188

0.519531 0.75
0.519531 0.75

0.519531 0.759766
0.519531 0.757812

0.519531 0.769531
0.519531 0.773438

0.519531 0.773438
0.519531 0.773438

0.515625 0.777344
0.519531 0.777344

0.515625 0.804687
0.515625 0.804688

0.519531 0.820312
0.519531 0.820312

0.519531 0.824219
0.519531 0.824219

0.519531 0.824219
0.519531 0.824219

0.519531 0.833984
0.519531 0.832031

0.519531 0.849609
0.519531 0.847656

0.515625 0.879242
0.519531 0.881186

0.519531 0.740975
0.520946 0.742188

0.523438 0.744481
0.520999 0.742188

0.523438 0.746094
0.523437 0.746094

0.523438 0.769531
0.523437 0.769531

0.523438 0.769531
0.523437 0.769531

0.523438 0.791016
0.523438 0.789062

0.519531 0.824219
0.519531 0.824219

0.519531 0.824219
0.519531 0.824219

0.523438 0.833984
0.523438 0.832031

0.523438 0.847656
0.523437 0.847656

0.523438 0.851562
0.523437 0.851562

0.523438 0.851563
0.523437 0.851562

0.523438 0.869141
0.523438 0.867188

0.519531 0.88116
0.52308 0.882812

0.523438 0.882971
0.523097 0.882812

0.523438 0.744593
0.524841 0.746094

0.527344 0.749028
0.524925 0.746094

0.527344 0.75
0.527344 0.75

0.527344 0.753906
0.527344 0.753906

0.523438 0.765625
0.523438 0.765625

0.527344 0.773438
0.527344 0.773438

0.527344 0.802734
0.527344 0.800781

0.527344 0.810547
0.527344 0.808594

0.523438 0.820312
0.523438 0.820312

0.523438 0.847656
0.523438 0.847656

0.523438 0.851563
0.523438 0.851562

0.523438 0.855469
0.523438 0.855469

0.523438 0.859375
0.527344 0.859375

0.523438 0.869141
0.523438 0.867188

0.523438 0.883016
0.527344 0.884689

0.527344 0.749129
0.528013 0.75

0.528114 0.75
0.530818 0.753906

0.53125 0.75467
0.530789 0.753906

0.53125 0.757813
0.53125 0.757812

0.53125 0.761719
0.53125 0.761719

0.53125 0.773437
0.53125 0.773438

0.527344 0.773438
0.53125 0.773438

0.527344 0.777344
0.527344 0.777344

0.527344 0.789062
0.53125 0.789062

0.527344 0.789062
0.53125 0.789062

0.53125 0.800781
0.53125 0.800781

0.53125 0.810547
0.53125 0.808594

0.527344 0.832031
0.53125 0.832031

0.53125 0.832031
0.53125 0.832031

0.53125 0.84375
0.53125 0.84375

0.53125 0.867188
0.53125 0.867188

0.53125 0.878906
0.53125 0.878906

0.527344 0.884711
0.53125 0.886257

0.53125 0.754774
0.533083 0.757812

0.535156 0.761625
0.533083 0.757812

0.535156 0.765625
0.535156 0.765625

0.535156 0.769531
0.535156 0.769531

0.535156 0.800781
0.535156 0.800781

0.53125 0.810547
0.53125 0.808594

0.535156 0.832031
0.535156 0.832031

0.535156 0.84375
0.535156 0.84375

0.535156 0.84375
0.535156 0.84375

0.53125 0.847656
0.535156 0.847656

0.535156 0.867187
0.535156 0.867188

0.53125 0.882812
0.53125 0.882812

0.53125 0.886277
0.532476 0.886719

0.535156 0.88763
0.532627 0.886719

0.535156 0.761733
0.537185 0.765625

0.539062 0.769201
0.537209 0.765625

0.539062 0.769531
0.539062 0.769531

0.539062 0.773438
0.539062 0.773438

0.539062 0.777344
0.539062 0.777344

0.535156 0.800781
0.535156 0.800781

0.539062 0.828125
0.539062 0.828125

0.539062 0.84375
0.539062 0.84375

0.535156 0.865234
0.535156 0.863281

0.539062 0.875
0.539062 0.875

0.535156 0.887623
0.539062 0.888841

0.539062 0.769344
0.53916 0.769531

0.53919 0.769531
0.541241 0.773438

0.542969 0.776581
0.541277 0.773438

0.542969 0.791016
0.542969 0.789062

0.539062 0.800781
0.539063 0.800781

0.539062 0.800781
0.539063 0.800781

0.539062 0.828125
0.539063 0.828125

0.539062 0.828125
0.539063 0.828125

0.539062 0.841797
0.539062 0.839844

0.542969 0.849609
0.542969 0.847656

0.542969 0.875
0.542969 0.875

0.542969 0.875
0.542969 0.875

0.539062 0.888887
0.542969 0.890101

0.542969 0.776691
0.54332 0.777344

0.543345 0.777344
0.545494 0.78125

0.546875 0.783628
0.545529 0.78125

0.546875 0.785156
0.546875 0.785156

0.542969 0.808594
0.546875 0.808594

0.546875 0.808594
0.546875 0.808594

0.542969 0.820312
0.546875 0.820312

0.542969 0.824219
0.546875 0.824219

0.546875 0.84375
0.546875 0.84375

0.546875 0.857422
0.546875 0.855469

0.542969 0.871094
0.542969 0.871094

0.542969 0.875
0.542969 0.875

0.546875 0.878906
0.546875 0.878906

0.542969 0.890102
0.544737 0.890625

0.546875 0.891219
0.544867 0.890625

0.546875 0.783722
0.547687 0.785156

0.547808 0.785156
0.550088 0.789062

0.550781 0.790301
0.550028 0.789062

0.550781 0.796875
0.550781 0.796875

0.546875 0.808594
0.546875 0.808594

0.550781 0.820313
0.550781 0.820312

0.550781 0.832031
0.550781 0.832031

0.550781 0.832031
0.550781 0.832031

0.546875 0.84375
0.546875 0.84375

0.550781 0.847656
0.550781 0.847656

0.550781 0.847656
0.550781 0.847656

0.550781 0.867187
0.550781 0.867188

0.546875 0.867188
0.546875 0.867188

0.546875 0.878906
0.546875 0.878906

0.546875 0.886719
0.546875 0.886719

0.546875 0.89118
0.550781 0.892203

0.550781 0.790403
0.552344 0.792969

0.554688 0.796628
0.552358 0.792969

0.554688 0.822266
0.554688 0.820312

0.550781 0.832031
0.550781 0.832031

0.550781 0.832031
0.550781 0.832031

0.550781 0.847656
0.550781 0.847656

0.550781 0.847656
0.550781 0.847656

0.554688 0.857422
0.554688 0.855469

0.554688 0.867187
0.554687 0.867188

0.554688 0.871094
0.554687 0.871094

0.550781 0.882812
0.550781 0.882812

0.550781 0.892618
0.554688 0.89362

0.554688 0.796643
0.554833 0.796875

0.554828 0.796875
0.557468 0.800781

0.558594 0.802343
0.557487 0.800781

0.554688 0.822266
0.554688 0.820312

0.554688 0.832031
0.554688 0.832031

0.554688 0.832031
0.554688 0.832031

0.554688 0.867188
0.558594 0.867188

0.554688 0.871094
0.558594 0.871094

0.554688 0.871094
0.554688 0.871094

0.554688 0.893223
0.558594 0.894246

0.558594 0.802338
0.560287 0.804688

0.5625 0.807586
0.560291 0.804688

0.5625 0.808594
0.5625 0.808594

0.558594 0.822266
0.558594 0.820312

0.5625 0.841797
0.5625 0.839844

0.5625 0.855469
0.5625 0.855469

0.558594 0.867187
0.558594 0.867188

0.5625 0.884766
0.5625 0.882812

0.558594 0.89424
0.559714 0.894531

0.5625 0.895258
0.559701 0.894531

0.5625 0.807582
0.563271 0.808594

0.563269 0.808594
0.566405 0.8125

0.566406 0.816406
0.566406 0.816406

0.566406 0.830078
0.566406 0.828125

0.566406 0.84375
0.566406 0.84375

0.566406 0.84375
0.566406 0.84375

0.5625 0.855469
0.566406 0.855469

0.566406 0.855469
0.566406 0.855469

0.566406 0.871094
0.566406 0.871094

0.566406 0.878906
0.566406 0.878906

0.5625 0.882813
0.5625 0.882812

0.5625 0.895281
0.566406 0.896168

0.566406 0.812504
0.569704 0.816406

0.570312 0.817096
0.569712 0.816406

0.566406 0.832031
0.566406 0.832031

0.566406 0.832031
0.566406 0.832031

0.566406 0.84375
0.566406 0.84375

0.566406 0.84375
0.570312 0.84375

0.566406 0.855469
0.566406 0.855469

0.566406 0.855469
0.566406 0.855469

0.566406 0.875
0.566406 0.875

0.566406 0.875
0.570312 0.875

0.566406 0.896738
0.570312 0.897493

0.570312 0.817098
0.57318 0.820312

0.574219 0.821427
0.573189 0.820312

0.570312 0.832031
0.574219 0.832031

0.570312 0.84375
0.570312 0.847656

0.570312 0.847656
0.570313 0.847656

0.570312 0.894531
0.570313 0.894531

0.570312 0.896995
0.574219 0.89786

0.574219 0.821413
0.576865 0.824219

0.578125 0.825489
0.576876 0.824219

0.578125 0.828125
0.578125 0.828125

0.578125 0.832031
0.578125 0.832031

0.574219 0.84375
0.574219 0.84375

0.574219 0.84375
0.574219 0.84375

0.578125 0.875
0.578125 0.875

0.574219 0.890625
0.574219 0.890625

0.574219 0.89779
0.576926 0.898438

0.578125 0.898717
0.576956 0.898438

0.578125 0.825498
0.58081 0.828125

0.582031 0.829278
0.580816 0.828125

0.582031 0.832031
0.582031 0.832031

0.582031 0.857422
0.582031 0.855469

0.578125 0.875
0.578125 0.875

0.578125 0.894531
0.578125 0.894531

0.578125 0.8987
0.582031 0.899507

0.582031 0.829301
0.585035 0.832031

0.585938 0.83283
0.585036 0.832031

0.585938 0.835938
0.585937 0.835938

0.585938 0.847656
0.585937 0.847656

0.582031 0.857422
0.582031 0.855469

0.582031 0.899546
0.585938 0.900193

0.585938 0.832843
0.589561 0.835938

0.589844 0.836172
0.589561 0.835938

0.589844 0.839844
0.589844 0.839844

0.589844 0.84375
0.589844 0.84375

0.585938 0.855469
0.585938 0.855469

0.589844 0.892578
0.589844 0.890625

0.585938 0.900782
0.589844 0.901408

0.589844 0.836166
0.59375 0.839308

0.59375 0.839844
0.59375 0.839844

0.59375 0.84375
0.59375 0.84375

0.59375 0.867187
0.59375 0.867188

0.59375 0.867188
0.59375 0.867188

0.59375 0.882812
0.59375 0.882812

0.59375 0.882813
0.59375 0.882812

0.589844 0.886719
0.589844 0.886719

0.589844 0.898437
0.589844 0.898438

0.589844 0.900966
0.59375 0.901743

0.59375 0.839339
0.594412 0.839844

0.597656 0.842269
0.594459 0.839844

0.597656 0.84375
0.597656 0.84375

0.597656 0.857422
0.597656 0.855469

0.59375 0.867188
0.59375 0.867188

0.59375 0.882812
0.59375 0.882812

0.59375 0.901569
0.597656 0.902329

0.597656 0.842283
0.599704 0.84375

0.601562 0.845055
0.599727 0.84375

0.597656 0.859375
0.597656 0.859375

0.597656 0.869141
0.597656 0.867188

0.597656 0.878906
0.597656 0.878906

0.597656 0.878906
0.597656 0.878906

0.597656 0.898437
0.597656 0.898438

0.597656 0.90233
0.597739 0.902344

0.601562 0.902974
0.597847 0.902344

0.601562 0.845064
0.605378 0.847656

0.605469 0.847717
0.605377 0.847656

0.601562 0.878906
0.601563 0.878906

0.601562 0.890625
0.605469 0.890625

0.601562 0.894531
0.601563 0.894531

0.601562 0.902959
0.605469 0.90359

0.605469 0.847711
0.609375 0.850248

0.609375 0.865234
0.609375 0.863281

0.609375 0.875
0.609375 0.875

0.609375 0.875
0.609375 0.875

0.605469 0.902344
0.605469 0.902344

0.605469 0.903652
0.609375 0.904159

0.609375 0.850274
0.611467 0.851562

0.613281 0.852657
0.611505 0.851562

0.613281 0.875
0.613281 0.875

0.613281 0.878906
0.613281 0.878906

0.613281 0.892578
0.613281 0.890625

0.609375 0.902344
0.609375 0.902344

0.609375 0.90409
0.613281 0.904488

0.613281 0.852666
0.617188 0.854922

0.613281 0.875
0.613281 0.875

0.613281 0.875
0.613281 0.875

0.617188 0.878906
0.617187 0.878906

0.613281 0.902344
0.613281 0.902344

0.613281 0.904897
0.617188 0.905488

0.617188 0.854916
0.618182 0.855469

0.621094 0.857057
0.618235 0.855469

0.617188 0.875
0.617188 0.875

0.621094 0.886719
0.621094 0.886719

0.621094 0.898437
0.621094 0.898438

0.617188 0.90521
0.621094 0.905904

0.621094 0.857098
0.625 0.859173

0.621094 0.886719
0.625 0.886719

0.621094 0.886719
0.625 0.886719

0.621094 0.890625
0.621094 0.890625

0.621094 0.90581
0.624152 0.90625

0.625 0.906362
0.624225 0.90625

0.625 0.859186
0.625378 0.859375

0.628906 0.861101
0.625451 0.859375

0.628906 0.867188
0.628906 0.867188

0.628906 0.876953
0.628906 0.875

0.625 0.886719
0.625 0.886719

0.625 0.894531
0.625 0.894531

0.625 0.90625
0.625 0.90625

0.625 0.906347
0.628906 0.906843

0.628906 0.861104
0.632812 0.862969

0.632812 0.863281
0.632812 0.863281

0.632812 0.867188
0.632812 0.867188

0.628906 0.884766
0.628906 0.882812

0.632812 0.902344
0.632812 0.902344

0.628906 0.906844
0.632812 0.90732

0.632812 0.862978
0.633467 0.863281

0.636719 0.86476
0.633527 0.863281

0.632812 0.90625
0.632813 0.90625

0.632812 0.907315
0.636719 0.907781

0.636719 0.864795
0.640625 0.866514

0.636719 0.882812
0.640625 0.882812

0.640625 0.886719
0.640625 0.886719

0.636719 0.902344
0.636719 0.902344

0.636719 0.907852
0.640625 0.908175

0.640625 0.866519
0.642248 0.867188

0.644531 0.868081
0.642365 0.867188

0.644531 0.871094
0.644531 0.871094

0.644531 0.890625
0.644531 0.890625

0.644531 0.890625
0.644531 0.890625

0.640625 0.908122
0.644531 0.908268

0.644531 0.867945
0.648438 0.869417

0.648438 0.871094
0.648437 0.871094

0.644531 0.886719
0.644531 0.886719

0.644531 0.898437
0.644531 0.898438

0.648438 0.898438
0.648437 0.898438

0.644531 0.908962
0.648438 0.909347

0.648438 0.869546
0.652344 0.870938

0.652344 0.875
0.652344 0.875

0.652344 0.886719
0.652344 0.886719

0.648438 0.898438
0.648438 0.898438

0.648438 0.909007
0.652344 0.909561

0.652344 0.87095
0.652732 0.871094

0.65625 0.872381
0.652782 0.871094

0.65625 0.875
0.65625 0.875

0.652344 0.878906
0.652344 0.882812

0.652344 0.886719
0.652344 0.886719

0.65625 0.900391
0.65625 0.898438

0.652344 0.909349
0.65625 0.909788

0.65625 0.872416
0.660156 0.87387

0.660156 0.882813
0.660156 0.882812

0.65625 0.909659
0.660156 0.910054

0.660156 0.873926
0.663423 0.875

0.664062 0.875203
0.663445 0.875

0.664062 0.878906
0.664062 0.878906

0.664062 0.882813
0.664062 0.882812

0.664062 0.900391
0.664062 0.898438

0.660156 0.91004
0.661492 0.910156

0.664062 0.91037
0.661601 0.910156

0.664062 0.87511
0.667969 0.876305

0.667969 0.878906
0.667969 0.878906

0.664062 0.882813
0.664063 0.882812

0.664062 0.898437
0.664063 0.898438

0.664062 0.898438
0.664063 0.898438

0.664062 0.910367
0.667969 0.910675

0.667969 0.876347
0.671875 0.877567

0.667969 0.894531
0.671875 0.894531

0.667969 0.910676
0.671875 0.910964

0.671875 0.877613
0.675781 0.878693

0.675781 0.878906
0.675781 0.878906

0.671875 0.894531
0.671875 0.894531

0.671875 0.90625
0.675781 0.90625

0.671875 0.910156
0.671875 0.910156

0.671875 0.910964
0.675781 0.911229

0.675781 0.878683
0.676684 0.878906

0.679688 0.879584
0.676946 0.878906

0.675781 0.911229
0.679688 0.911471

0.679688 0.879465
0.683594 0.880348

0.683594 0.882813
0.683594 0.882812

0.683594 0.902344
0.683594 0.902344

0.683594 0.902344
0.683594 0.902344

0.679688 0.91147
0.683594 0.911692

0.683594 0.880446
0.6875 0.881323

0.683594 0.902344
0.683594 0.902344

0.683594 0.910156
0.683594 0.910156

0.683594 0.91169
0.6875 0.911895

0.6875 0.881369
0.691406 0.882309

0.691406 0.882813
0.691406 0.882812

0.691406 0.886719
0.691406 0.886719

0.6875 0.910156
0.6875 0.910156

0.6875 0.911916
0.691406 0.912065

0.691406 0.882333
0.693572 0.882812

0.695312 0.883195
0.693583 0.882812

0.695312 0.898437
0.695312 0.898438

0.695312 0.898438
0.695312 0.898438

0.691406 0.91207
0.695312 0.912112

0.695312 0.883045
0.699219 0.884036

0.695312 0.898437
0.695313 0.898438

0.695312 0.902344
0.695313 0.902344

0.695312 0.912068
0.699219 0.912082

0.699219 0.883774
0.703125 0.884608

0.699219 0.898438
0.703125 0.898438

0.699219 0.913674
0.703125 0.913712

0.703125 0.884952
0.707031 0.885519

0.707031 0.886719
0.707031 0.886719

0.707031 0.902344
0.707031 0.902344

0.707031 0.902344
0.707031 0.902344

0.703125 0.913663
0.707031 0.913705

0.707031 0.885558
0.710938 0.8862

0.707031 0.902344
0.707031 0.902344

0.707031 0.902344
0.707031 0.902344

0.707031 0.913436
0.710938 0.913541

0.710938 0.886236
0.714294 0.886719

0.714844 0.886804
0.71425 0.886719

0.710938 0.913441
0.714844 0.913555

0.71875 0.887387
0.71544 0.886719

0.71875 0.890625
0.71875 0.890625

0.714844 0.910156
0.714844 0.910156

0.714844 0.913644
0.71875 0.913698

0.71875 0.887399
0.722656 0.888238

0.71875 0.91363
0.722656 0.913689

0.722656 0.888459
0.726562 0.888897

0.726562 0.902344
0.726562 0.902344

0.726562 0.902344
0.726562 0.902344

0.722656 0.910156
0.722656 0.910156

0.722656 0.913726
0.726562 0.913763

0.726562 0.888798
0.730469 0.889145

0.730469 0.890625
0.730469 0.890625

0.730469 0.894531
0.730469 0.894531

0.726562 0.902344
0.726563 0.902344

0.726562 0.9137
0.730469 0.913743

0.730469 0.889179
0.734375 0.889567

0.734375 0.890625
0.734375 0.890625

0.730469 0.894531
0.730469 0.894531

0.734375 0.898438
0.734375 0.898438

0.730469 0.913647
0.734375 0.913707

0.734375 0.889558
0.738281 0.889934

0.738281 0.894531
0.738281 0.894531

0.734375 0.913467
0.738281 0.913594

0.738281 0.889938
0.742188 0.890312

0.742188 0.890625
0.742187 0.890625

0.738281 0.913578
0.742188 0.913379

0.742188 0.890329
0.7457 0.890625

0.746094 0.890656
0.745723 0.890625

0.742188 0.913275
0.746094 0.912894

0.746094 0.890684
0.75 0.890864

0.75 0.894531
0.75 0.894531

0.746094 0.910156
0.746094 0.910156

0.746094 0.913699
0.75 0.913733

0.75 0.890692
0.753906 0.891

0.75 0.90625
0.75 0.90625

0.75 0.913336
0.753906 0.913489

0.753906 0.890933
0.757812 0.891751

0.753906 0.910156
0.753906 0.910156

0.753906 0.913752
0.757812 0.913781

0.757812 0.891516
0.761719 0.8921

0.761719 0.894531
0.761719 0.894531

0.757812 0.910156
0.757813 0.910156

0.757812 0.913602
0.761719 0.913665

0.761719 0.891055
0.765625 0.891118

0.761719 0.910156
0.761719 0.910156

0.761719 0.913537
0.765625 0.913629

0.765625 0.892618
0.769531 0.89261

0.765625 0.90625
0.769531 0.90625

0.765625 0.913584
0.769531 0.913462

0.769531 0.891196
0.773438 0.891111

0.773438 0.904297
0.773438 0.902344

0.769531 0.913467
0.773438 0.913302

0.773438 0.891736
0.777344 0.891397

0.777344 0.902344
0.777344 0.902344

0.777344 0.910156
0.777344 0.910156

0.773438 0.913177
0.777344 0.912524

0.777344 0.891714
0.78125 0.891239

0.777344 0.894531
0.777344 0.894531

0.777344 0.898438
0.777344 0.898438

0.78125 0.90625
0.78125 0.90625

0.78125 0.909696
0.780221 0.910156

0.777344 0.911946
0.78125 0.910198

0.78125 0.89144
0.785156 0.891058

0.78125 0.909649
0.785156 0.908014

0.78125 0.910166
0.781273 0.910156

0.785156 0.891213
0.789062 0.890855

0.785156 0.908128
0.789062 0.907354

0.792969 0.890614
0.792843 0.890625

0.789062 0.890944
0.79283 0.890625

0.789062 0.902344
0.792969 0.902344

0.792969 0.90625
0.792969 0.90625

0.789062 0.90739
0.792969 0.907023

0.792969 0.890558
0.796875 0.890336

0.796875 0.90625
0.796875 0.90625

0.792969 0.907071
0.796875 0.906944

0.796875 0.8901
0.800781 0.890572

0.800781 0.902344
0.800781 0.902344

0.796875 0.906982
0.800781 0.906922

0.800781 0.890599
0.800953 0.890625

0.800781 0.890986
0.804688 0.891576

0.804688 0.902344
0.804687 0.902344

0.804688 0.90625
0.804687 0.90625

0.800781 0.90694
0.804688 0.906831

0.804688 0.891377
0.808594 0.891059

0.804688 0.894531
0.804688 0.894531

0.808594 0.902344
0.808594 0.902344

0.808594 0.90625
0.808594 0.90625

0.804688 0.90697
0.808594 0.906499

0.8125 0.89034
0.811197 0.890625

0.808594 0.891176
0.811108 0.890625

0.8125 0.902344
0.8125 0.902344

0.8125 0.905316
0.809463 0.90625

0.808594 0.906619
0.809795 0.90625

0.8125 0.890316
0.816406 0.889292

0.8125 0.905455
0.816406 0.903536

0.816406 0.88934
0.820312 0.888077

0.820312 0.900938
0.817753 0.902344

0.816406 0.903321
0.818185 0.902344

0.824219 0.886628
0.82395 0.886719

0.820312 0.887936
0.823927 0.886719

0.820312 0.900722
0.824219 0.89936

0.824219 0.886313
0.828125 0.885844

0.824219 0.899658
0.828125 0.899104

0.828125 0.885444
0.831156 0.886719

0.832031 0.887459
0.830818 0.886719

0.832031 0.897878
0.831181 0.898438

0.828125 0.899864
0.831174 0.898438

0.832031 0.886993
0.834743 0.890625

0.835715 0.890625
0.835696 0.894531

0.832031 0.898086
0.834657 0.894531

