0.546875 0.866095
0.545855 0.867188

0.545716 0.867188
0.543563 0.871094

0.543187 0.871094
0.543161 0.875

0.543756 0.875
0.545135 0.878906

0.546875 0.881285
0.545545 0.878906

0.546875 0.866106
0.550781 0.863375

0.546875 0.867188
0.546875 0.867188

0.546875 0.878906
0.546875 0.878906

0.546875 0.881239
0.547755 0.882812

0.54777 0.882812
0.550306 0.886719

0.550781 0.887432
0.550274 0.886719

0.554688 0.862955
0.553269 0.863281

0.550781 0.86373
0.55273 0.863281

0.550781 0.882812
0.550781 0.882812

0.550781 0.887498
0.553237 0.890625

0.554688 0.892114
0.553293 0.890625

0.554688 0.863071
0.558594 0.862816

0.554688 0.863281
0.554688 0.863281

0.554688 0.867188
0.554688 0.867188

0.554688 0.871094
0.558594 0.871094

0.554688 0.890625
0.554688 0.890625

0.554688 0.892233
0.557249 0.894531

0.558594 0.895487
0.557404 0.894531

0.558594 0.862818
0.5625 0.86283

0.5625 0.863281
0.5625 0.863281

0.558594 0.894531
0.558594 0.894531

0.558594 0.895593
0.5625 0.898257

0.5625 0.862744
0.566406 0.863191

0.566406 0.867188
0.566406 0.867188

0.566406 0.876953
0.566406 0.875

0.566406 0.886719
0.566406 0.886719

0.5625 0.898265
0.562809 0.898438

0.566406 0.900329
0.563016 0.898438

0.566406 0.863157
0.566882 0.863281

0.570312 0.864231
0.566666 0.863281

0.566406 0.875
0.566406 0.875

0.570312 0.890625
0.570312 0.890625

0.566406 0.900339
0.570312 0.902221

0.570312 0.864123
0.574219 0.865256

0.570312 0.890625
0.570313 0.890625

0.570312 0.902229
0.570605 0.902344

0.574219 0.903782
0.570549 0.902344

0.574219 0.865482
0.578125 0.866483

0.578125 0.867188
0.578125 0.867188

0.578125 0.871094
0.578125 0.871094

0.574219 0.902344
0.574219 0.902344

0.574219 0.903899
0.578125 0.905344

0.578125 0.866545
0.58084 0.867188

0.582031 0.867463
0.580866 0.867188

0.578125 0.875
0.578125 0.875

0.578125 0.905241
0.580995 0.90625

0.582031 0.906511
0.581289 0.90625

0.582031 0.867395
0.585938 0.868213

0.582031 0.882812
0.582031 0.882812

0.582031 0.886719
0.585938 0.886719

0.585938 0.890625
0.585937 0.890625

0.585938 0.890625
0.585937 0.890625

0.582031 0.906539
0.585938 0.907627

0.585938 0.867914
0.589844 0.868677

0.589844 0.871094
0.589844 0.871094

0.585938 0.890625
0.585938 0.890625

0.585938 0.890625
0.585938 0.890625

0.585938 0.894531
0.589844 0.894531

0.585938 0.907631
0.589844 0.908529

0.589844 0.869016
0.59375 0.8697

0.59375 0.871094
0.59375 0.871094

0.59375 0.880859
0.59375 0.878906

0.59375 0.894531
0.59375 0.894531

0.589844 0.908589
0.59375 0.909551

0.59375 0.869669
0.597656 0.870348

0.597656 0.875
0.597656 0.875

0.597656 0.890625
0.597656 0.890625

0.59375 0.898437
0.59375 0.898438

0.59375 0.898438
0.597656 0.898438

0.59375 0.909512
0.596232 0.910156

0.597656 0.91048
0.596409 0.910156

0.597656 0.870345
0.601562 0.871088

0.601562 0.875
0.601562 0.875

0.601562 0.888672
0.601562 0.886719

0.597656 0.910439
0.601562 0.911375

0.601562 0.871088
0.601591 0.871094

0.601562 0.871095
0.605469 0.871892

0.605469 0.875
0.605469 0.875

0.605469 0.878906
0.605469 0.878906

0.601562 0.911571
0.605469 0.912177

0.605469 0.871684
0.609375 0.872522

0.609375 0.875
0.609375 0.875

0.605469 0.878906
0.605469 0.878906

0.609375 0.892578
0.609375 0.890625

0.605469 0.912607
0.609375 0.913152

0.609375 0.872779
0.613281 0.873557

0.613281 0.875
0.613281 0.875

0.609375 0.894531
0.609375 0.894531

0.609375 0.894531
0.609375 0.894531

0.613281 0.904297
0.613281 0.902344

0.609375 0.912653
0.613281 0.913557

0.613281 0.873521
0.617188 0.874214

0.617188 0.875
0.617187 0.875

0.613281 0.882812
0.613281 0.882812

0.613281 0.882812
0.617188 0.882812

0.613281 0.913528
0.615793 0.914062

0.617188 0.914302
0.616059 0.914062

0.617188 0.874182
0.621094 0.874927

0.621094 0.886719
0.621094 0.886719

0.617188 0.914062
0.617188 0.914062

0.617188 0.914297
0.621094 0.914952

0.621094 0.874931
0.621434 0.875

0.625 0.875759
0.621274 0.875

0.625 0.888672
0.625 0.886719

0.621094 0.898438
0.625 0.898438

0.625 0.902344
0.625 0.902344

0.625 0.90625
0.625 0.90625

0.621094 0.914912
0.625 0.915558

0.625 0.875553
0.628906 0.876357

0.628906 0.878906
0.628906 0.878906

0.625 0.902344
0.625 0.902344

0.625 0.902344
0.625 0.902344

0.625 0.915728
0.628906 0.916106

0.628906 0.876567
0.632812 0.877367

0.632812 0.878906
0.632812 0.878906

0.628906 0.915895
0.632812 0.916085

0.632812 0.877395
0.636719 0.878097

0.636719 0.878906
0.636719 0.878906

0.632812 0.882813
0.632813 0.882812

0.632812 0.886719
0.636719 0.886719

0.636719 0.896484
0.636719 0.894531

0.636719 0.908203
0.636719 0.90625

0.632812 0.916535
0.636719 0.91715

0.636719 0.878062
0.640625 0.878682

0.640625 0.896484
0.640625 0.894531

0.640625 0.908203
0.640625 0.90625

0.636719 0.916878
0.640625 0.917672

0.640625 0.878654
0.642125 0.878906

0.644531 0.879319
0.642079 0.878906

0.644531 0.882813
0.644531 0.882812

0.640625 0.898437
0.640625 0.898438

0.640625 0.898438
0.640625 0.898438

0.644531 0.908203
0.644531 0.90625

0.640625 0.917619
0.643049 0.917969

0.644531 0.918134
0.643386 0.917969

0.644531 0.879184
0.648438 0.880102

0.648438 0.894531
0.648437 0.894531

0.648438 0.910156
0.648437 0.910156

0.644531 0.917969
0.644531 0.917969

0.644531 0.918121
0.648438 0.918571

0.648438 0.879826
0.652344 0.880438

0.652344 0.882813
0.652344 0.882812

0.648438 0.898438
0.652344 0.898438

0.652344 0.898438
0.652344 0.898438

0.648438 0.910156
0.648438 0.910156

0.648438 0.918571
0.652344 0.918998

0.652344 0.880745
0.65625 0.881074

0.65625 0.882813
0.65625 0.882812

0.65625 0.886719
0.65625 0.886719

0.65625 0.890625
0.65625 0.890625

0.652344 0.898438
0.652344 0.898438

0.652344 0.917969
0.652344 0.917969

0.652344 0.918991
0.65625 0.919408

0.65625 0.881173
0.660156 0.88179

0.65625 0.886719
0.65625 0.886719

0.65625 0.890625
0.65625 0.890625

0.660156 0.910156
0.660156 0.910156

0.65625 0.910156
0.660156 0.910156

0.65625 0.919442
0.660156 0.919798

0.660156 0.881826
0.664062 0.88246

0.660156 0.902344
0.664062 0.902344

0.660156 0.902344
0.664062 0.902344

0.660156 0.919835
0.664062 0.919986

0.664062 0.882484
0.666448 0.882812

0.667969 0.883015
0.666497 0.882812

0.667969 0.886719
0.667969 0.886719

0.664062 0.919923
0.667969 0.919917

0.667969 0.882962
0.671875 0.883432

0.671875 0.886719
0.671875 0.886719

0.671875 0.896484
0.671875 0.894531

0.671875 0.912109
0.671875 0.910156

0.667969 0.919894
0.671875 0.919905

0.671875 0.883236
0.675781 0.883852

0.675781 0.886719
0.675781 0.886719

0.671875 0.896484
0.671875 0.894531

0.675781 0.912109
0.675781 0.910156

0.671875 0.920679
0.675781 0.921049

0.675781 0.883604
0.679688 0.884144

0.675781 0.898438
0.675781 0.898438

0.675781 0.912109
0.675781 0.910156

0.675781 0.920662
0.679688 0.921257

0.679688 0.884639
0.683594 0.884901

0.683594 0.886719
0.683594 0.886719

0.683594 0.890625
0.683594 0.890625

0.679688 0.910156
0.683594 0.910156

0.679688 0.910156
0.679688 0.910156

0.679688 0.921063
0.683594 0.921508

0.683594 0.884829
0.6875 0.885128

0.6875 0.886719
0.6875 0.886719

0.6875 0.900391
0.6875 0.898438

0.683594 0.92139
0.6875 0.92173

0.6875 0.885176
0.691406 0.88556

0.691406 0.886719
0.691406 0.886719

0.691406 0.900391
0.691406 0.898438

0.691406 0.908203
0.691406 0.90625

0.6875 0.917969
0.6875 0.917969

0.6875 0.921696
0.690396 0.921875

0.691406 0.921926
0.690584 0.921875

0.691406 0.88558
0.695312 0.885914

0.695312 0.890625
0.695312 0.890625

0.695312 0.910156
0.695312 0.910156

0.695312 0.910156
0.695312 0.910156

0.691406 0.921919
0.695312 0.922104

0.695312 0.885905
0.699219 0.886168

0.699219 0.886719
0.699219 0.886719

0.699219 0.90625
0.699219 0.90625

0.695312 0.922103
0.699219 0.922269

0.699219 0.886151
0.703125 0.886395

0.703125 0.886719
0.703125 0.886719

0.699219 0.90625
0.699219 0.90625

0.699219 0.90625
0.699219 0.90625

0.699219 0.910156
0.699219 0.910156

0.703125 0.914063
0.703125 0.914062

0.699219 0.922269
0.703125 0.922419

0.703125 0.886398
0.707031 0.886654

0.707031 0.886719
0.707031 0.886719

0.707031 0.898437
0.707031 0.898438

0.703125 0.902344
0.703125 0.902344

0.703125 0.902344
0.703125 0.902344

0.703125 0.90625
0.703125 0.90625

0.703125 0.914063
0.703125 0.914062

0.703125 0.92242
0.707031 0.922554

0.707031 0.886648
0.707945 0.886719

0.710938 0.886932
0.708169 0.886719

0.710938 0.890625
0.710937 0.890625

0.707031 0.894531
0.707031 0.898438

0.707031 0.922554
0.710938 0.92267

0.710938 0.88692
0.714844 0.887075

0.710938 0.90625
0.714844 0.90625

0.714844 0.908203
0.714844 0.90625

0.714844 0.910156
0.714844 0.910156

0.710938 0.921875
0.710938 0.921875

0.710938 0.92267
0.714844 0.922768

0.714844 0.886853
0.71875 0.887298

0.71875 0.890625
0.71875 0.890625

0.71875 0.894531
0.71875 0.894531

0.714844 0.908203
0.714844 0.90625

0.714844 0.921875
0.714844 0.921875

0.714844 0.922767
0.71875 0.922848

0.71875 0.886752
0.722656 0.886751

0.71875 0.890625
0.71875 0.890625

0.722656 0.908203
0.722656 0.90625

0.71875 0.922848
0.722656 0.922912

0.722656 0.887279
0.726562 0.886862

0.722656 0.890625
0.722656 0.890625

0.722656 0.894531
0.722656 0.894531

0.726562 0.898438
0.726562 0.898438

0.722656 0.922912
0.726562 0.92296

0.726562 0.886791
0.730469 0.88757

0.726562 0.898438
0.726563 0.898438

0.730469 0.910156
0.730469 0.910156

0.726562 0.921875
0.726563 0.921875

0.726562 0.922961
0.730469 0.922992

0.730469 0.887476
0.734375 0.887752

0.734375 0.894531
0.734375 0.894531

0.730469 0.902344
0.730469 0.902344

0.734375 0.90625
0.734375 0.90625

0.730469 0.921875
0.730469 0.921875

0.730469 0.922992
0.734375 0.923006

0.734375 0.887959
0.738281 0.887203

0.734375 0.890625
0.734375 0.890625

0.738281 0.898438
0.738281 0.898438

0.734375 0.902344
0.734375 0.902344

0.734375 0.923006
0.738281 0.923002

0.738281 0.887328
0.742188 0.886888

0.738281 0.894531
0.738281 0.894531

0.742188 0.898438
0.742187 0.898438

0.742188 0.90625
0.742187 0.90625

0.742188 0.910156
0.742187 0.910156

0.742188 0.910156
0.742187 0.910156

0.738281 0.923002
0.742188 0.922979

0.742188 0.886681
0.742635 0.886719

0.746094 0.887023
0.742518 0.886719

0.742188 0.898437
0.742188 0.898438

0.742188 0.90625
0.742188 0.90625

0.742188 0.910156
0.742188 0.910156

0.742188 0.910156
0.742188 0.910156

0.746094 0.921875
0.746094 0.921875

0.742188 0.92298
0.746094 0.922937

0.746094 0.887172
0.75 0.887365

0.746094 0.896484
0.746094 0.894531

0.746094 0.90625
0.746094 0.90625

0.746094 0.910156
0.746094 0.910156

0.746094 0.914063
0.746094 0.914062

0.75 0.921875
0.75 0.921875

0.746094 0.922937
0.75 0.922871

0.75 0.887442
0.753906 0.88694

0.75 0.896484
0.75 0.894531

0.75 0.922872
0.753906 0.922779

0.757812 0.886655
0.757129 0.886719

0.753906 0.886969
0.756609 0.886719

0.753906 0.896484
0.753906 0.894531

0.757812 0.904297
0.757812 0.902344

0.753906 0.90625
0.757812 0.90625

0.757812 0.917969
0.757812 0.917969

0.757812 0.921875
0.757812 0.921875

0.753906 0.922782
0.757812 0.922656

0.757812 0.886672
0.761719 0.88636

0.761719 0.896484
0.761719 0.894531

0.757812 0.914062
0.757813 0.914062

0.757812 0.917969
0.757813 0.917969

0.761719 0.921875
0.761719 0.921875

0.757812 0.92266
0.761719 0.922485

0.761719 0.886356
0.765625 0.885994

0.765625 0.894531
0.765625 0.894531

0.761719 0.898437
0.761719 0.898438

0.765625 0.898438
0.765625 0.898438

0.765625 0.902344
0.765625 0.902344

0.765625 0.90625
0.765625 0.90625

0.761719 0.922471
0.765625 0.922267

0.765625 0.885986
0.769531 0.8856

0.765625 0.886719
0.765625 0.886719

0.765625 0.894531
0.765625 0.894531

0.765625 0.898438
0.765625 0.898438

0.765625 0.902344
0.765625 0.902344

0.765625 0.90625
0.765625 0.90625

0.769531 0.921875
0.769531 0.921875

0.765625 0.922256
0.769531 0.922074

0.769531 0.885607
0.773438 0.885202

0.773438 0.914062
0.773437 0.914062

0.773438 0.921851
0.773152 0.921875

0.769531 0.922166
0.773045 0.921875

0.773438 0.885134
0.777344 0.88483

0.773438 0.886719
0.773438 0.886719

0.773438 0.910156
0.777344 0.910156

0.777344 0.917969
0.777344 0.917969

0.777344 0.921061
0.773916 0.921875

0.777344 0.884857
0.78125 0.884735

0.78125 0.917969
0.78125 0.917969

0.777344 0.921013
0.78125 0.92021

0.785156 0.599623
0.782566 0.601562

0.783016 0.601562
0.781383 0.605469

0.78225 0.605469
0.784617 0.609375

0.785156 0.609508
0.785036 0.609375

0.78125 0.884252
0.785156 0.883714

0.785156 0.892578
0.785156 0.890625

0.785156 0.908203
0.785156 0.90625

0.785156 0.912109
0.785156 0.910156

0.785156 0.917969
0.785156 0.917969

0.78125 0.920014
0.785156 0.919811

0.785156 0.599883
0.789062 0.599804

0.785156 0.609504
0.788843 0.613281

0.789062 0.613326
0.789015 0.613281

0.785156 0.884124
0.789062 0.883177

0.789062 0.894531
0.789062 0.894531

0.789062 0.90625
0.789062 0.90625

0.785156 0.919857
0.789062 0.919628

0.789062 0.600517
0.790754 0.601562

0.792969 0.602944
0.79082 0.601562

0.789062 0.613281
0.789063 0.613281

0.789062 0.613323
0.792969 0.617059

0.792969 0.882427
0.791253 0.882812

0.789062 0.883264
0.791075 0.882812

0.789062 0.894531
0.792969 0.894531

0.789062 0.90625
0.789063 0.90625

0.792969 0.917969
0.792969 0.917969

0.789062 0.919557
0.792969 0.919351

0.792969 0.603147
0.795655 0.605469

0.796875 0.60668
0.795592 0.605469

0.792969 0.616998
0.793164 0.617188

0.796875 0.62095
0.793163 0.617188

0.792969 0.882434
0.796875 0.881499

0.792969 0.882813
0.792969 0.882812

0.792969 0.896484
0.792969 0.894531

0.792969 0.898438
0.792969 0.898438

0.796875 0.917969
0.796875 0.917969

0.792969 0.91937
0.796875 0.919293

0.796875 0.606731
0.799557 0.609375

0.800781 0.610637
0.799535 0.609375

0.796875 0.620957
0.797004 0.621094

0.797001 0.621094
0.80054 0.625

0.800781 0.625323
0.800503 0.625

0.796875 0.881465
0.800781 0.880483

0.800781 0.886719
0.800781 0.886719

0.800781 0.90625
0.800781 0.90625

0.800781 0.917969
0.800781 0.917969

0.796875 0.919303
0.800781 0.919298

0.800781 0.610608
0.803354 0.613281

0.804688 0.614687
0.803386 0.613281

0.800781 0.625322
0.803829 0.628906

0.804688 0.629987
0.803802 0.628906

0.800781 0.880464
0.804688 0.879357

0.804688 0.888672
0.804688 0.886719

0.800781 0.90625
0.800781 0.90625

0.800781 0.910156
0.800781 0.910156

0.800781 0.914062
0.800781 0.914062

0.800781 0.917969
0.800781 0.917969

0.800781 0.919318
0.804688 0.919326

0.804688 0.614655
0.806918 0.617188

0.808594 0.6192
0.806911 0.617188

0.804688 0.628906
0.804688 0.628906

0.804688 0.629964
0.807018 0.632812

0.808594 0.634814
0.807017 0.632812

0.808594 0.878127
0.80621 0.878906

0.804688 0.87939
0.806169 0.878906

0.808594 0.888672
0.808594 0.886719

0.804688 0.914062
0.804688 0.914062

0.808594 0.917969
0.808594 0.917969

0.804688 0.919414
0.808594 0.919218

0.808594 0.619204
0.810156 0.621094

0.8125 0.623839
0.810123 0.621094

0.808594 0.634768
0.810117 0.636719

0.8125 0.6398
0.810133 0.636719

0.808594 0.878122
0.8125 0.876778

0.808594 0.878906
0.808594 0.878906

0.808594 0.888672
0.808594 0.886719

0.8125 0.90625
0.8125 0.90625

0.808594 0.919238
0.8125 0.918624

0.8125 0.623919
0.813473 0.625

0.816406 0.627943
0.813479 0.625

0.8125 0.639773
0.813139 0.640625

0.813157 0.640625
0.815987 0.644531

0.816406 0.645192
0.815964 0.644531

0.8125 0.876805
0.816406 0.875285

0.816406 0.902344
0.816406 0.902344

0.8125 0.90625
0.8125 0.90625

0.8125 0.910156
0.8125 0.910156

0.816406 0.914062
0.816406 0.914062

0.816406 0.917482
0.814831 0.917969

0.8125 0.918693
0.814844 0.917969

0.816406 0.627939
0.817484 0.628906

0.820312 0.631301
0.817488 0.628906

0.816406 0.645163
0.81862 0.648438

0.820312 0.651104
0.818596 0.648438

0.820312 0.873533
0.817028 0.875

0.816406 0.875306
0.817092 0.875

0.816406 0.886719
0.820312 0.886719

0.816406 0.886719
0.820312 0.886719

0.816406 0.902344
0.816406 0.902344

0.816406 0.917303
0.820312 0.916102

0.820312 0.631204
0.822368 0.632812

0.824219 0.634251
0.822377 0.632812

0.820312 0.651098
0.821108 0.652344

0.821149 0.652344
0.823503 0.65625

0.824219 0.657625
0.823435 0.65625

0.820312 0.873534
0.824219 0.871533

0.824219 0.898437
0.824219 0.898438

0.824219 0.902344
0.824219 0.902344

0.824219 0.914062
0.824219 0.914062

0.820312 0.916114
0.824219 0.915255

0.824219 0.634136
0.827135 0.636719

0.828125 0.637692
0.827162 0.636719

0.824219 0.652344
0.824219 0.652344

0.824219 0.657586
0.825684 0.660156

0.825689 0.660156
0.827871 0.664062

0.828125 0.66452
0.827881 0.664062

0.828125 0.869268
0.824991 0.871094

0.824219 0.871556
0.825019 0.871094

0.828125 0.880859
0.828125 0.878906

0.828125 0.896484
0.828125 0.894531

0.824219 0.90625
0.824219 0.90625

0.828125 0.910156
0.828125 0.910156

0.828125 0.914062
0.828125 0.914062

0.824219 0.915272
0.828125 0.914329

0.828125 0.637639
0.830683 0.640625

0.832031 0.642833
0.830602 0.640625

0.828125 0.664509
0.82997 0.667969

0.829956 0.667969
0.831934 0.671875

0.832031 0.672058
0.831943 0.671875

0.832031 0.866735
0.831337 0.867188

0.828125 0.869314
0.831372 0.867188

0.832031 0.882813
0.832031 0.882812

0.828125 0.896484
0.828125 0.894531

0.828125 0.90625
0.828125 0.90625

0.832031 0.913188
0.829352 0.914062

0.828125 0.914367
0.829059 0.914062

0.832031 0.642773
0.833142 0.644531

0.833094 0.644531
0.835223 0.648438

0.835938 0.649992
0.835065 0.648438

0.832031 0.672057
0.833825 0.675781

0.833805 0.675781
0.835608 0.679688

0.835938 0.680405
0.835621 0.679688

0.832031 0.866792
0.835938 0.863792

0.832031 0.871094
0.832031 0.871094

0.835938 0.882812
0.835937 0.882812

0.835938 0.882813
0.835937 0.882812

0.835938 0.896484
0.835938 0.894531

0.832031 0.913179
0.835938 0.911971

0.835938 0.650071
0.837214 0.652344

0.83721 0.652344
0.839653 0.65625

0.839844 0.656376
0.839763 0.65625

0.839844 0.660156
0.839844 0.660156

0.835938 0.680389
0.837352 0.683594

0.83734 0.683594
0.838969 0.6875

0.839844 0.689659
0.838963 0.6875

0.839844 0.860233
0.836538 0.863281

0.835938 0.863784
0.83653 0.863281

0.835938 0.867188
0.835938 0.867188

0.835938 0.878906
0.835938 0.878906

0.835938 0.882812
0.835938 0.882812

0.835938 0.882813
0.835938 0.882812

0.835938 0.894531
0.839844 0.894531

0.835938 0.894531
0.835938 0.894531

0.839844 0.910156
0.839844 0.910156

0.835938 0.911866
0.839844 0.910901

0.839844 0.656369
0.842273 0.660156

0.84375 0.662676
0.842273 0.660156

0.839844 0.679687
0.839844 0.679688

0.839844 0.689736
0.840525 0.691406

0.840472 0.691406
0.841946 0.695312

0.841978 0.695312
0.843407 0.699219

0.84375 0.699946
0.843469 0.699219

0.84375 0.855858
0.840687 0.859375

0.839844 0.860233
0.840681 0.859375

0.839844 0.882813
0.839844 0.882812

0.84375 0.90625
0.84375 0.90625

0.84375 0.909802
0.842403 0.910156

0.839844 0.910838
0.842437 0.910156

0.84375 0.662595
0.84461 0.664062

0.844584 0.664062
0.846613 0.667969

0.847656 0.670312
0.846598 0.667969

0.84375 0.700019
0.84495 0.703125

0.845108 0.703125
0.846313 0.707031

0.846074 0.707031
0.847148 0.710938

0.847656 0.712159
0.847266 0.710938

0.847656 0.850305
0.846874 0.851562

0.846851 0.851562
0.84402 0.855469

0.84375 0.855857
0.84406 0.855469

0.847656 0.875
0.847656 0.875

0.847656 0.875
0.847656 0.875

0.847656 0.882812
0.847656 0.882812

0.847656 0.884766
0.847656 0.882812

0.847656 0.886719
0.847656 0.886719

0.847656 0.896484
0.847656 0.894531

0.84375 0.909833
0.847656 0.908946

0.847656 0.670249
0.84839 0.671875

0.848346 0.671875
0.849904 0.675781

0.849861 0.675781
0.851377 0.679688

0.851562 0.680158
0.851374 0.679688

0.851562 0.6875
0.851562 0.6875

0.847656 0.7123
0.848468 0.714844

0.848355 0.714844
0.849381 0.71875

0.849433 0.71875
0.850392 0.722656

0.850496 0.722656
0.85155 0.726562

0.851562 0.72683
0.851488 0.726562

0.851562 0.843373
0.851379 0.84375

0.851374 0.84375
0.849251 0.847656

0.847656 0.850206
0.849244 0.847656

0.851562 0.865234
0.851562 0.863281

0.847656 0.875
0.851562 0.875

0.847656 0.882813
0.847656 0.882812

0.847656 0.886719
0.847656 0.886719

0.847656 0.894531
0.847656 0.894531

0.847656 0.894531
0.847656 0.894531

0.847656 0.898438
0.847656 0.898438

0.847656 0.909359
0.851562 0.9087

0.851562 0.680159
0.852941 0.683594

0.852965 0.683594
0.854783 0.6875

0.855469 0.688815
0.854823 0.6875

0.855469 0.691406
0.855469 0.691406

0.851562 0.71875
0.851563 0.71875

0.851562 0.722656
0.851563 0.722656

0.851562 0.726884
0.852565 0.730469

0.852385 0.730469
0.853194 0.734375

0.853289 0.734375
0.853985 0.738281

0.854152 0.738281
0.855048 0.742188

0.855469 0.74424
0.854992 0.742188

0.855469 0.834684
0.854948 0.835938

0.854963 0.835938
0.853277 0.839844

0.851562 0.843289
0.853241 0.839844

0.851562 0.863281
0.855469 0.863281

0.851562 0.863281
0.851563 0.863281

0.855469 0.873047
0.855469 0.871094

0.851562 0.882813
0.851563 0.882812

0.851562 0.90846
0.855469 0.907566

0.855469 0.688783
0.856757 0.691406

0.856795 0.691406
0.858649 0.695312

0.859375 0.697015
0.858559 0.695312

0.859375 0.699219
0.859375 0.699219

0.859375 0.703125
0.859375 0.703125

0.855469 0.738281
0.855469 0.738281

0.855469 0.744403
0.855862 0.746094

0.855847 0.746094
0.856841 0.75

0.85637 0.75
0.856884 0.753906

0.857277 0.753906
0.857609 0.757812

0.857771 0.757812
0.858394 0.761719

0.858402 0.761719
0.858977 0.765625

0.859375 0.768614
0.858981 0.765625

0.859375 0.819501
0.859257 0.820312

0.859253 0.820312
0.858565 0.824219

0.858536 0.824219
0.857765 0.828125

0.85764 0.828125
0.856399 0.832031

0.855469 0.834336
0.856427 0.832031

0.855469 0.839844
0.855469 0.839844

0.859375 0.849609
0.859375 0.847656

0.855469 0.878906
0.859375 0.878906

0.859375 0.878906
0.859375 0.882812

0.859375 0.882813
0.859375 0.882812

0.859375 0.892578
0.859375 0.890625

0.859375 0.902344
0.859375 0.902344

0.859375 0.905721
0.858298 0.90625

0.855469 0.907743
0.858508 0.90625

0.859375 0.696995
0.86044 0.699219

0.860441 0.699219
0.862202 0.703125

0.863281 0.705705
0.862212 0.703125

0.863281 0.714844
0.863281 0.714844

0.863281 0.71875
0.863281 0.71875

0.859375 0.742187
0.859375 0.742188

0.859375 0.757812
0.859375 0.757812

0.859375 0.768868
0.859462 0.769531

0.859445 0.769531
0.859987 0.773438

0.859819 0.773438
0.86054 0.777344

0.860223 0.777344
0.860756 0.78125

0.86134 0.78125
0.861426 0.785156

0.861359 0.785156
0.861308 0.789062

0.859562 0.789062
0.859573 0.792969

0.861333 0.792969
0.861374 0.796875

0.861376 0.796875
0.861348 0.800781

0.860464 0.800781
0.860156 0.804688

0.860354 0.804688
0.860004 0.808594

0.860298 0.808594
0.85995 0.8125

0.860224 0.8125
0.859689 0.816406

0.859375 0.819379
0.859808 0.816406

0.859375 0.820313
0.859375 0.820312

0.859375 0.824219
0.859375 0.824219

0.863281 0.865234
0.863281 0.863281

0.859375 0.878906
0.859375 0.878906

0.859375 0.886719
0.859375 0.886719

0.859375 0.890625
0.859375 0.890625

0.859375 0.890625
0.859375 0.894531

0.863281 0.898437
0.863281 0.898438

0.859375 0.905704
0.863281 0.902645

0.863281 0.705693
0.863836 0.707031

0.86379 0.707031
0.865331 0.710938

0.865284 0.710938
0.86696 0.714844

0.867188 0.715102
0.867083 0.714844

0.867188 0.71875
0.867187 0.71875

0.867188 0.722656
0.867187 0.722656

0.867188 0.734375
0.867187 0.734375

0.867188 0.734375
0.867187 0.734375

0.867188 0.748047
0.867188 0.746094

0.867188 0.753906
0.867187 0.753906

0.867188 0.753906
0.867187 0.753906

0.863281 0.785156
0.863281 0.785156

0.863281 0.785156
0.863281 0.785156

0.863281 0.796875
0.863281 0.796875

0.863281 0.800781
0.863281 0.800781

0.863281 0.804688
0.863281 0.804688

0.863281 0.808594
0.863281 0.808594

0.863281 0.8125
0.863281 0.8125

0.863281 0.863281
0.863281 0.863281

0.863281 0.863281
0.863281 0.863281

0.863281 0.867188
0.863281 0.867188

0.867188 0.876953
0.867188 0.875

0.863281 0.886719
0.863281 0.886719

0.867188 0.898437
0.867187 0.898438

0.867188 0.898788
0.863416 0.902344

0.863281 0.902634
0.8636 0.902344

0.867188 0.714999
0.868706 0.71875

0.86881 0.71875
0.870239 0.722656

0.871094 0.725522
0.870099 0.722656

0.871094 0.730469
0.871094 0.730469

0.871094 0.734375
0.871094 0.734375

0.871094 0.738281
0.871094 0.738281

0.871094 0.742188
0.871094 0.742188

0.867188 0.753906
0.867188 0.753906

0.871094 0.767578
0.871094 0.765625

0.871094 0.769531
0.871094 0.769531

0.867188 0.804687
0.867188 0.804688

0.867188 0.804688
0.867188 0.804688

0.871094 0.822266
0.871094 0.820312

0.871094 0.830078
0.871094 0.828125

0.871094 0.841797
0.871094 0.839844

0.871094 0.853516
0.871094 0.851562

0.871094 0.875
0.871094 0.875

0.871094 0.875
0.871094 0.875

0.871094 0.890625
0.871094 0.890625

0.871094 0.894531
0.871094 0.894531

0.871094 0.894869
0.867497 0.898438

0.867188 0.898776
0.867532 0.898438

0.871094 0.72559
0.871431 0.726562

0.87141 0.726562
0.872554 0.730469

0.872885 0.730469
0.874037 0.734375

0.873674 0.734375
0.874906 0.738281

0.875 0.738474
0.874943 0.738281

0.875 0.746094
0.875 0.746094

0.871094 0.769531
0.871094 0.769531

0.875 0.78125
0.875 0.78125

0.875 0.794922
0.875 0.792969

0.875 0.8125
0.875 0.8125

0.875 0.816406
0.875 0.816406

0.875 0.839844
0.875 0.839844

0.875 0.839844
0.875 0.839844

0.871094 0.853516
0.871094 0.851562

0.875 0.861328
0.875 0.859375

0.871094 0.875
0.871094 0.875

0.871094 0.875
0.871094 0.875

0.875 0.886719
0.875 0.886719

0.875 0.890825
0.871477 0.894531

0.871094 0.894869
0.871429 0.894531

0.875 0.738487
0.876104 0.742188

0.876046 0.742188
0.877191 0.746094

0.87723 0.746094
0.878515 0.75

0.878906 0.750957
0.878639 0.75

0.878906 0.761719
0.878906 0.761719

0.878906 0.777344
0.878906 0.777344

0.875 0.78125
0.878906 0.78125

0.878906 0.802734
0.878906 0.800781

0.875 0.8125
0.875 0.8125

0.878906 0.820312
0.878906 0.820312

0.878906 0.820313
0.878906 0.820312

0.875 0.824219
0.878906 0.824219

0.878906 0.841797
0.878906 0.839844

0.875 0.84375
0.875 0.84375

0.875 0.867187
0.875 0.867188

0.878906 0.871094
0.878906 0.871094

0.878906 0.882812
0.878906 0.882812

0.878906 0.886272
0.878572 0.886719

0.878548 0.886719
0.875233 0.890625

0.875 0.89083
0.875188 0.890625

0.878906 0.750938
0.879735 0.753906

0.879658 0.753906
0.880332 0.757812

0.880365 0.757812
0.880705 0.761719

0.880588 0.761719
0.880763 0.765625

0.881299 0.765625
0.881893 0.769531

0.881465 0.769531
0.882422 0.773438

0.882812 0.775385
0.882372 0.773438

0.882812 0.777344
0.882812 0.777344

0.882812 0.785156
0.882812 0.785156

0.882812 0.804687
0.882812 0.804688

0.878906 0.820312
0.878906 0.820312

0.878906 0.835938
0.882812 0.835938

0.878906 0.839844
0.878906 0.839844

0.878906 0.839844
0.878906 0.839844

0.882812 0.855469
0.882812 0.855469

0.882812 0.871094
0.882812 0.871094

0.882812 0.875
0.882812 0.875

0.882812 0.880259
0.881432 0.882812

0.878906 0.886247
0.881357 0.882812

0.882812 0.775529
0.883223 0.777344

0.883222 0.777344
0.884042 0.78125

0.884139 0.78125
0.884735 0.785156

0.884955 0.785156
0.885776 0.789062

0.88551 0.789062
0.886653 0.792969

0.886719 0.792969
0.886719 0.792969

0.886719 0.796875
0.886719 0.796875

0.886719 0.804688
0.886719 0.804688

0.886719 0.824219
0.886719 0.824219

0.886719 0.847656
0.886719 0.847656

0.886719 0.851562
0.886719 0.851562

0.886719 0.854899
0.886676 0.855469

0.886686 0.855469
0.88641 0.859375

0.886499 0.859375
0.88624 0.863281

0.886374 0.863281
0.886053 0.867188

0.886177 0.867188
0.885671 0.871094

0.885873 0.871094
0.885151 0.875

0.884827 0.875
0.883551 0.878906

0.882812 0.880132
0.883472 0.878906

0.886721 0.792969
0.887499 0.796875

0.887398 0.796875
0.887875 0.800781

0.88786 0.800781
0.888269 0.804688

0.888315 0.804688
0.888595 0.808594

0.888589 0.808594
0.888661 0.8125

0.88857 0.8125
0.888628 0.816406

0.89046 0.816406
0.890467 0.820312

0.88864 0.820312
0.888586 0.824219

0.888627 0.824219
0.888635 0.828125

0.888659 0.828125
0.888602 0.832031

0.888638 0.832031
0.888398 0.835938

0.888329 0.835938
0.887973 0.839844

0.887981 0.839844
0.887634 0.84375

0.887628 0.84375
0.887288 0.847656

0.887285 0.847656
0.88697 0.851562

0.886719 0.854972
0.886973 0.851562

