0.429688 0.577033
0.429353 0.578125

0.429451 0.578125
0.428408 0.582031

0.428248 0.582031
0.427451 0.585938

0.426777 0.585938
0.426458 0.589844

0.425968 0.589844
0.428441 0.59375

0.429688 0.59476
0.428233 0.59375

0.433594 0.56466
0.433153 0.566406

0.433199 0.566406
0.432039 0.570312

0.431784 0.570312
0.430442 0.574219

0.429688 0.576952
0.430525 0.574219

0.429688 0.594729
0.433594 0.595018

0.4375 0.549086
0.436824 0.550781

0.436827 0.550781
0.435721 0.554688

0.435323 0.554688
0.434483 0.558594

0.434907 0.558594
0.434044 0.5625

0.433594 0.564659
0.434139 0.5625

0.4375 0.591401
0.434815 0.59375

0.433594 0.594578
0.434928 0.59375

0.441406 0.541158
0.440427 0.542969

0.440219 0.542969
0.438264 0.546875

0.4375 0.548998
0.438347 0.546875

0.441406 0.578125
0.441406 0.578125

0.441406 0.580768
0.441128 0.582031

0.441285 0.582031
0.440217 0.585938

0.440388 0.585938
0.438453 0.589844

0.4375 0.591226
0.438526 0.589844

0.445312 0.533672
0.444634 0.535156

0.444625 0.535156
0.442609 0.539062

0.441406 0.541189
0.442557 0.539062

0.445312 0.558594
0.445312 0.558594

0.445312 0.566231
0.445251 0.566406

0.445214 0.566406
0.443923 0.570312

0.444337 0.570312
0.443288 0.574219

0.442917 0.574219
0.442016 0.578125

0.441406 0.580762
0.441988 0.578125

0.449219 0.524339
0.447923 0.527344

0.447777 0.527344
0.446161 0.53125

0.445312 0.533658
0.446414 0.53125

0.449219 0.550781
0.449219 0.550781

0.449219 0.555639
0.448079 0.558594

0.448323 0.558594
0.446881 0.5625

0.445312 0.566236
0.446632 0.5625

0.445312 0.566406
0.445313 0.566406

0.453125 0.516858
0.451536 0.519531

0.451516 0.519531
0.449548 0.523438

0.449219 0.524232
0.449561 0.523438

0.453125 0.539062
0.453125 0.539062

0.453125 0.546328
0.452853 0.546875

0.452901 0.546875
0.451159 0.550781

0.451135 0.550781
0.449541 0.554688

0.449219 0.555574
0.449561 0.554688

0.457031 0.511042
0.456558 0.511719

0.456521 0.511719
0.453889 0.515625

0.453125 0.516832
0.453843 0.515625

0.457031 0.535156
0.457031 0.535156

0.457031 0.538937
0.456958 0.539062

0.456981 0.539062
0.454813 0.542969

0.453125 0.546324
0.454792 0.542969

0.460938 0.505712
0.459359 0.507812

0.457031 0.511052
0.459361 0.507812

0.460938 0.53125
0.460937 0.53125

0.460938 0.532869
0.459359 0.535156

0.457031 0.538942
0.459357 0.535156

0.464844 0.500834
0.462261 0.503906

0.460938 0.505702
0.462293 0.503906

0.464844 0.52763
0.462051 0.53125

0.460938 0.532831
0.46203 0.53125

0.46875 0.496734
0.4655 0.5

0.464844 0.500773
0.465525 0.5

0.46875 0.523025
0.468391 0.523438

0.468364 0.523438
0.465084 0.527344

0.464844 0.527636
0.465076 0.527344

0.472656 0.493517
0.4695 0.496094

0.46875 0.49676
0.469512 0.496094

0.46875 0.5
0.46875 0.5

0.472656 0.515625
0.472656 0.515625

0.472656 0.518666
0.471875 0.519531

0.46875 0.523029
0.47185 0.519531

0.476562 0.490926
0.474729 0.492188

0.472656 0.493612
0.474701 0.492188

0.472656 0.496094
0.472656 0.496094

0.476562 0.514388
0.475432 0.515625

0.472656 0.518673
0.475421 0.515625

0.476562 0.491011
0.480469 0.488342

0.480469 0.510183
0.479012 0.511719

0.476562 0.514393
0.479021 0.511719

0.484375 0.485448
0.480632 0.488281

0.480469 0.488394
0.480627 0.488281

0.484375 0.506275
0.482769 0.507812

0.480469 0.510181
0.482816 0.507812

0.488281 0.482109
0.485591 0.484375

0.484375 0.485415
0.485643 0.484375

0.488281 0.502849
0.487012 0.503906

0.484375 0.506275
0.487083 0.503906

0.492188 0.478715
0.489969 0.480469

0.488281 0.482014
0.490154 0.480469

0.492188 0.499927
0.492084 0.5

0.488281 0.502851
0.492047 0.5

0.496094 0.476171
0.495463 0.476562

0.492188 0.478712
0.49541 0.476562

0.496094 0.496094
0.496094 0.496094

0.492188 0.499929
0.496094 0.497353

0.496094 0.476219
0.5 0.474038

0.5 0.495031
0.498241 0.496094

0.496094 0.497412
0.498276 0.496094

0.503906 0.471927
0.502759 0.472656

0.5 0.474236
0.502503 0.472656

0.503906 0.482422
0.503906 0.480469

0.503906 0.492187
0.503906 0.492188

0.5 0.495016
0.503906 0.492824

0.507812 0.468239
0.507285 0.46875

0.503906 0.471851
0.50755 0.46875

0.503906 0.476563
0.503906 0.476562

0.507812 0.490842
0.505122 0.492188

0.503906 0.492854
0.505238 0.492188

0.511719 0.464081
0.510863 0.464844

0.507812 0.468205
0.511445 0.464844

0.507812 0.46875
0.507813 0.46875

0.511719 0.488281
0.511719 0.488281

0.507812 0.490865
0.511719 0.489161

0.511719 0.464112
0.515625 0.461755

0.511719 0.464844
0.511719 0.464844

0.511719 0.46875
0.511719 0.46875

0.511719 0.480469
0.515625 0.480469

0.515625 0.484375
0.515625 0.484375

0.515625 0.487645
0.514064 0.488281

0.511719 0.48922
0.514022 0.488281

0.515625 0.461929
0.519531 0.461198

0.515625 0.464844
0.515625 0.464844

0.515625 0.46875
0.515625 0.46875

0.515625 0.487688
0.519531 0.486205

0.519531 0.461198
0.523438 0.461135

0.523438 0.484375
0.523437 0.484375

0.519531 0.486204
0.523438 0.484725

0.523438 0.46147
0.527344 0.46121

0.523438 0.464844
0.523438 0.464844

0.527344 0.483026
0.524224 0.484375

0.523438 0.484705
0.524201 0.484375

0.53125 0.460604
0.529659 0.460938

0.527344 0.461305
0.529095 0.460938

0.527344 0.46875
0.527344 0.46875

0.53125 0.480469
0.53125 0.480469

0.527344 0.48294
0.53125 0.481232

0.53125 0.460631
0.535156 0.459054

0.53125 0.460938
0.53125 0.460938

0.535156 0.476562
0.535156 0.476562

0.535156 0.479645
0.533083 0.480469

0.53125 0.481262
0.533246 0.480469

0.539062 0.456214
0.537613 0.457031

0.535156 0.459042
0.538724 0.457031

0.535156 0.464844
0.535156 0.464844

0.535156 0.479759
0.539062 0.47866

0.539062 0.456143
0.542969 0.454736

0.539062 0.457031
0.539063 0.457031

0.539062 0.47858
0.542969 0.47793

0.542969 0.454434
0.546875 0.453973

0.542969 0.477939
0.546875 0.477418

0.546875 0.453992
0.550781 0.453722

0.550781 0.464844
0.550781 0.464844

0.550781 0.464844
0.550781 0.464844

0.550781 0.472656
0.550781 0.472656

0.550781 0.476562
0.550781 0.476562

0.546875 0.47744
0.550781 0.476984

0.550781 0.453322
0.554688 0.453307

0.554688 0.460938
0.554687 0.460938

0.554688 0.476542
0.554541 0.476562

0.550781 0.477039
0.554144 0.476562

0.554688 0.453744
0.558594 0.454076

0.558594 0.457031
0.558594 0.457031

0.554688 0.476546
0.558594 0.475666

0.558594 0.455161
0.5625 0.455052

0.558594 0.475785
0.5625 0.475023

0.5625 0.454516
0.566406 0.453671

0.566406 0.464844
0.566406 0.464844

0.5625 0.474682
0.566406 0.474481

0.566406 0.453537
0.570312 0.453246

0.570312 0.462891
0.570312 0.460938

0.570312 0.472656
0.570312 0.472656

0.566406 0.474628
0.570312 0.474582

0.570312 0.453335
0.574219 0.453406

0.574219 0.457031
0.574219 0.457031

0.574219 0.472656
0.574219 0.472656

0.570312 0.474538
0.574219 0.47444

0.574219 0.453605
0.578125 0.453338

0.574219 0.457031
0.574219 0.457031

0.574219 0.460938
0.574219 0.464844

0.574219 0.46875
0.578125 0.46875

0.578125 0.472656
0.578125 0.472656

0.574219 0.474419
0.578125 0.474402

0.582031 0.453079
0.580858 0.453125

0.578125 0.453229
0.580759 0.453125

0.578125 0.474417
0.582031 0.474493

0.582031 0.453175
0.585938 0.453194

0.582031 0.474528
0.585938 0.474598

0.589844 0.453102
0.587073 0.453125

0.585938 0.453195
0.589844 0.453162

0.589844 0.466797
0.589844 0.464844

0.585938 0.47452
0.589844 0.474671

0.589844 0.453109
0.591097 0.453125

0.589844 0.453152
0.59375 0.453201

0.589844 0.474925
0.59375 0.475715

0.59375 0.45309
0.594082 0.453125

0.597656 0.453494
0.59417 0.453125

0.597656 0.457031
0.597656 0.457031

0.59375 0.475709
0.597299 0.476562

0.597656 0.453483
0.601562 0.454393

0.601562 0.457031
0.601562 0.457031

0.597656 0.460938
0.597656 0.460938

0.597656 0.476418
0.598566 0.476562

0.601562 0.477059
0.598439 0.476562

0.601562 0.454773
0.605469 0.455442

0.601562 0.477071
0.605469 0.477762

0.605469 0.455024
0.609375 0.45567

0.609375 0.466797
0.609375 0.464844

0.605469 0.476562
0.605469 0.476562

0.605469 0.477767
0.609375 0.478483

0.609375 0.455904
0.613281 0.456897

0.613281 0.466797
0.613281 0.464844

0.609375 0.478557
0.613281 0.479685

0.613281 0.456841
0.614003 0.457031

0.617188 0.457842
0.614112 0.457031

0.617188 0.466797
0.617188 0.464844

0.613281 0.476562
0.613281 0.476562

0.613281 0.479765
0.615381 0.480469

0.617188 0.480982
0.615655 0.480469

0.617188 0.457738
0.621094 0.458607

0.621094 0.466797
0.621094 0.464844

0.617188 0.480953
0.621094 0.481979

0.621094 0.458698
0.625 0.459445

0.621094 0.482277
0.625 0.48341

0.625 0.459514
0.628906 0.46039

0.625 0.483051
0.628808 0.484375

0.628906 0.484456
0.628673 0.484375

0.628906 0.460356
0.631253 0.460938

0.632812 0.461281
0.631427 0.460938

0.628906 0.484375
0.628906 0.484375

0.628906 0.484462
0.632812 0.485837

0.632812 0.461249
0.636719 0.462447

0.636719 0.470703
0.636719 0.46875

0.632812 0.485924
0.636719 0.487469

0.636719 0.46241
0.640625 0.464032

0.640625 0.478516
0.640625 0.476562

0.636719 0.487379
0.63871 0.488281

0.640625 0.489099
0.63882 0.488281

0.640625 0.46412
0.641997 0.464844

0.644531 0.466152
0.642052 0.464844

0.644531 0.478516
0.644531 0.476562

0.640625 0.489095
0.644531 0.490949

0.644531 0.466224
0.648438 0.468461

0.644531 0.490957
0.646935 0.492188

0.648438 0.492937
0.646972 0.492188

0.648438 0.468483
0.648913 0.46875

0.652344 0.470708
0.648862 0.46875

0.648438 0.492953
0.652344 0.495087

0.652344 0.470727
0.656073 0.472656

0.65625 0.472731
0.656105 0.472656

0.652344 0.492187
0.652344 0.492188

0.652344 0.495111
0.654105 0.496094

0.65625 0.497318
0.654056 0.496094

0.65625 0.472727
0.660156 0.474567

0.65625 0.488281
0.65625 0.488281

0.65625 0.496094
0.65625 0.496094

0.65625 0.497309
0.660156 0.499543

0.660156 0.47453
0.664062 0.476303

0.660156 0.499535
0.660942 0.5

0.664062 0.501841
0.660959 0.5

0.664062 0.476266
0.664679 0.476562

0.667969 0.478131
0.664705 0.476562

0.664062 0.50183
0.66748 0.503906

0.667969 0.504184
0.667507 0.503906

0.667969 0.478124
0.671875 0.480216

0.667969 0.504188
0.671875 0.506673

0.671875 0.480226
0.672293 0.480469

0.675781 0.482533
0.672293 0.480469

0.675781 0.484375
0.675781 0.484375

0.675781 0.488281
0.675781 0.488281

0.671875 0.506677
0.673554 0.507812

0.675781 0.509303
0.673592 0.507812

0.675781 0.482573
0.678654 0.484375

0.679688 0.485005
0.67868 0.484375

0.675781 0.50932
0.67905 0.511719

0.679688 0.512174
0.679072 0.511719

0.679688 0.484989
0.683594 0.487413

0.683594 0.488281
0.683594 0.488281

0.679688 0.512201
0.683594 0.515276

0.683594 0.487462
0.684953 0.488281

0.6875 0.489818
0.684951 0.488281

0.6875 0.492188
0.6875 0.492188

0.6875 0.498047
0.6875 0.496094

0.683594 0.5
0.6875 0.5

0.683594 0.511719
0.683594 0.511719

0.683594 0.515273
0.684025 0.515625

0.6875 0.518532
0.68402 0.515625

0.6875 0.489784
0.691397 0.492188

0.6875 0.518558
0.688636 0.519531

0.691406 0.521936
0.688627 0.519531

0.691406 0.492149
0.691467 0.492188

0.695312 0.49477
0.691467 0.492188

0.695312 0.496094
0.695312 0.496094

0.695312 0.505859
0.695312 0.503906

0.691406 0.521955
0.693098 0.523438

0.695312 0.525406
0.693076 0.523438

0.695312 0.494781
0.697089 0.496094

0.699219 0.497709
0.697095 0.496094

0.695312 0.523437
0.695313 0.523438

0.695312 0.525419
0.69746 0.527344

0.699219 0.528964
0.697441 0.527344

0.699219 0.497771
0.701907 0.5

0.703125 0.501044
0.70189 0.5

0.703125 0.515625
0.703125 0.515625

0.699219 0.528966
0.701665 0.53125

0.703125 0.532658
0.701658 0.53125

0.703125 0.501065
0.706409 0.503906

0.707031 0.50449
0.706359 0.503906

0.703125 0.515625
0.703125 0.515625

0.703125 0.53125
0.703125 0.53125

0.703125 0.532658
0.705646 0.535156

0.707031 0.536569
0.705652 0.535156

0.707031 0.504494
0.710929 0.507812

0.710938 0.507825
0.710922 0.507812

0.707031 0.519531
0.707031 0.519531

0.707031 0.536565
0.70938 0.539062

0.710938 0.540759
0.70941 0.539062

0.710938 0.507812
0.710938 0.507812

0.710938 0.507827
0.714844 0.511

0.714844 0.527344
0.714844 0.527344

0.710938 0.540746
0.712866 0.542969

0.714844 0.545337
0.712883 0.542969

0.714844 0.510968
0.715807 0.511719

0.71875 0.514043
0.715808 0.511719

0.71875 0.519531
0.71875 0.519531

0.714844 0.523438
0.71875 0.523438

0.714844 0.545322
0.716102 0.546875

0.71875 0.550199
0.716102 0.546875

0.71875 0.514002
0.720766 0.515625

0.722656 0.517198
0.720779 0.515625

0.71875 0.542969
0.71875 0.542969

0.71875 0.550214
0.719194 0.550781

0.719198 0.550781
0.722247 0.554688

0.722656 0.555225
0.722243 0.554688

0.722656 0.517207
0.725139 0.519531

0.726562 0.520996
0.725154 0.519531

0.722656 0.539062
0.726562 0.539062

0.722656 0.550781
0.722656 0.550781

0.722656 0.555222
0.725265 0.558594

0.726562 0.560308
0.725266 0.558594

0.726562 0.520995
0.728702 0.523438

0.730469 0.525696
0.728698 0.523438

0.726562 0.546875
0.730469 0.546875

0.726562 0.546875
0.726563 0.546875

0.726562 0.558594
0.726563 0.558594

0.726562 0.560262
0.728274 0.5625

0.730469 0.565407
0.728294 0.5625

0.730469 0.525692
0.731708 0.527344

0.734375 0.531025
0.731652 0.527344

0.730469 0.550781
0.730469 0.550781

0.730469 0.565381
0.731214 0.566406

0.73123 0.566406
0.733992 0.570312

0.734375 0.570894
0.733998 0.570312

0.734375 0.808232
0.734214 0.808594

0.734251 0.808594
0.733031 0.8125

0.732959 0.8125
0.732383 0.816406

0.732466 0.816406
0.732509 0.820312

0.732397 0.820312
0.733121 0.824219

0.734375 0.826992
0.732919 0.824219

0.734375 0.531117
0.734473 0.53125

0.73447 0.53125
0.737525 0.535156

0.738281 0.536076
0.737512 0.535156

0.734375 0.57088
0.736562 0.574219

0.738281 0.577065
0.736534 0.574219

0.738281 0.800776
0.738277 0.800781

0.738279 0.800781
0.735965 0.804688

0.734375 0.808299
0.735984 0.804688

0.734375 0.824219
0.734375 0.824219

0.734375 0.827065
0.734946 0.828125

0.738281 0.831382
0.734871 0.828125

0.738281 0.536066
0.740922 0.539062

0.742188 0.540331
0.740974 0.539062

0.742188 0.542969
0.742187 0.542969

0.742188 0.564453
0.742188 0.5625

0.738281 0.574219
0.738281 0.574219

0.738281 0.577092
0.738911 0.578125

0.738872 0.578125
0.741127 0.582031

0.742188 0.583903
0.741187 0.582031

0.742188 0.795738
0.741228 0.796875

0.738281 0.800777
0.741201 0.796875

0.738281 0.800781
0.738281 0.800781

0.738281 0.828125
0.738281 0.828125

0.738281 0.831404
0.739611 0.832031

0.742188 0.833024
0.740038 0.832031

0.742188 0.540293
0.744791 0.542969

0.746094 0.544209
0.744893 0.542969

0.742188 0.58388
0.743287 0.585938

0.743266 0.585938
0.745236 0.589844

0.746094 0.591619
0.745229 0.589844

0.746094 0.791502
0.744732 0.792969

0.742188 0.795832
0.744697 0.792969

0.742188 0.804688
0.742188 0.804688

0.742188 0.824219
0.742188 0.824219

0.742188 0.828125
0.742188 0.828125

0.742188 0.832031
0.742188 0.832031

0.742188 0.83286
0.746094 0.833449

0.746094 0.544163
0.74855 0.546875

0.75 0.548666
0.748603 0.546875

0.75 0.554688
0.75 0.554688

0.746094 0.591632
0.747126 0.59375

0.747135 0.59375
0.748978 0.597656

0.75 0.599861
0.748974 0.597656

0.75 0.787344
0.748456 0.789062

0.746094 0.79158
0.748415 0.789062

0.746094 0.792969
0.746094 0.792969

0.746094 0.796875
0.746094 0.796875

0.746094 0.820312
0.746094 0.820312

0.746094 0.833309
0.75 0.833442

0.75 0.548583
0.751653 0.550781

0.753906 0.554498
0.751618 0.550781

0.753906 0.5625
0.753906 0.5625

0.753906 0.583984
0.753906 0.582031

0.75 0.599958
0.750747 0.601562

0.750683 0.601562
0.752437 0.605469

0.753906 0.60859
0.752476 0.605469

0.753906 0.782672
0.751968 0.785156

0.75 0.787398
0.751922 0.785156

0.753906 0.808594
0.753906 0.808594

0.753906 0.808594
0.753906 0.808594

0.753906 0.818359
0.753906 0.816406

0.75 0.833472
0.753906 0.833369

0.753906 0.554544
0.753989 0.554688

0.753976 0.554688
0.755932 0.558594

0.755855 0.558594
0.757625 0.5625

0.757812 0.563017
0.757566 0.5625

0.757812 0.566406
0.757812 0.566406

0.753906 0.585937
0.753906 0.585938

0.753906 0.585938
0.753906 0.585938

0.753906 0.605469
0.753906 0.605469

0.753906 0.60857
0.754275 0.609375

0.754307 0.609375
0.756152 0.613281

0.757812 0.616836
0.756129 0.613281

0.757812 0.777048
0.757635 0.777344

0.757631 0.777344
0.754983 0.78125

0.753906 0.782692
0.754972 0.78125

0.753906 0.785156
0.753906 0.785156

0.753906 0.796875
0.757812 0.796875

0.753906 0.796875
0.757812 0.796875

0.753906 0.808594
0.753906 0.808594

0.757812 0.828125
0.757812 0.828125

0.753906 0.833603
0.757812 0.832734

0.757812 0.563024
0.759426 0.566406

0.759447 0.566406
0.761492 0.570312

0.761719 0.570702
0.761504 0.570312

0.757812 0.601562
0.757813 0.601562

0.757812 0.605469
0.757813 0.605469

0.757812 0.613281
0.757813 0.613281

0.757812 0.616673
0.758056 0.617188

0.758072 0.617188
0.759835 0.621094

0.759811 0.621094
0.761368 0.625

0.761719 0.62592
0.761368 0.625

0.761719 0.770157
0.759961 0.773438

0.757812 0.776997
0.759953 0.773438

0.761719 0.830631
0.75889 0.832031

0.757812 0.832817
0.7594 0.832031

0.761719 0.570706
0.763667 0.574219

0.765625 0.577601
0.763654 0.574219

0.765625 0.582031
0.765625 0.582031

0.761719 0.597656
0.761719 0.597656

0.761719 0.597656
0.761719 0.597656

0.761719 0.626006
0.762824 0.628906

0.762605 0.628906
0.763947 0.632812

0.764194 0.632812
0.765349 0.636719

0.765625 0.637803
0.765291 0.636719

0.765625 0.761292
0.765467 0.761719

0.765467 0.761719
0.763871 0.765625

0.763858 0.765625
0.762026 0.769531

0.761719 0.770119
0.762033 0.769531

0.761719 0.792969
0.765625 0.792969

0.761719 0.792969
0.765625 0.792969

0.761719 0.820312
0.765625 0.820312

0.765625 0.824219
0.765625 0.824219

0.765625 0.828115
0.765608 0.828125

0.761719 0.830488
0.765614 0.828125

0.765625 0.577631
0.765912 0.578125

0.765916 0.578125
0.768355 0.582031

0.769531 0.583778
0.76835 0.582031

0.769531 0.601563
0.769531 0.601562

0.769531 0.619141
0.769531 0.617188

0.765625 0.637868
0.766473 0.640625

0.766384 0.640625
0.767405 0.644531

0.767506 0.644531
0.768333 0.648438

0.76838 0.648438
0.769282 0.652344

0.769531 0.653469
0.769266 0.652344

0.769531 0.750001
0.768273 0.753906

0.767931 0.753906
0.766559 0.757812

0.765625 0.761197
0.766879 0.757812

0.765625 0.761719
0.765625 0.761719

0.769531 0.779297
0.769531 0.777344

0.765625 0.796875
0.765625 0.796875

0.769531 0.806641
0.769531 0.804688

0.765625 0.828029
0.769531 0.825865

0.769531 0.583789
0.770995 0.585938

0.773438 0.589269
0.771046 0.585938

0.773438 0.59375
0.773437 0.59375

0.773438 0.601562
0.773438 0.605469

0.769531 0.605469
0.769531 0.605469

0.769531 0.653479
0.770184 0.65625

0.770079 0.65625
0.770894 0.660156

0.770417 0.660156
0.771046 0.664062

0.7716 0.664062
0.772259 0.667969

0.772311 0.667969
0.773034 0.671875

0.773438 0.674184
0.773054 0.671875

0.773438 0.733967
0.773334 0.734375

0.773406 0.734375
0.772515 0.738281

0.772382 0.738281
0.771547 0.742188

0.771352 0.742188
0.77041 0.746094

0.769531 0.74984
0.770676 0.746094

0.769531 0.750004
0.769533 0.75

0.769531 0.753906
0.769531 0.753906

0.769531 0.777344
0.769531 0.777344

0.769531 0.777344
0.769531 0.777344

0.773438 0.787109
0.773438 0.785156

0.769531 0.796875
0.773438 0.796875

0.769531 0.804687
0.769531 0.804688

0.769531 0.804688
0.769531 0.804688

0.773438 0.820312
0.773437 0.820312

0.773438 0.8241
0.773173 0.824219

0.769531 0.825855
0.773161 0.824219

0.773438 0.589184
0.773908 0.589844

0.773923 0.589844
0.776632 0.59375

0.777344 0.594881
0.776665 0.59375

0.777344 0.597656
0.777344 0.597656

0.777344 0.609375
0.777344 0.609375

0.777344 0.642578
0.777344 0.640625

0.773438 0.652344
0.773438 0.652344

0.773438 0.664062
0.773438 0.664062

0.773438 0.671875
0.773438 0.671875

0.773438 0.674215
0.773698 0.675781

0.773656 0.675781
0.774194 0.679688

0.773942 0.679688
0.774377 0.683594

0.774103 0.683594
0.774522 0.6875

0.774167 0.6875
0.774436 0.691406

0.774042 0.691406
0.774186 0.695312

0.775473 0.695312
0.775686 0.699219

0.775712 0.699219
0.775894 0.703125

0.775892 0.703125
0.775997 0.707031

0.776003 0.707031
0.776022 0.710938

0.776081 0.710938
0.775884 0.714844

0.775783 0.714844
0.775455 0.71875

0.77411 0.71875
0.77399 0.722656

0.774307 0.722656
0.774113 0.726562

0.775002 0.726562
0.774186 0.730469

0.773438 0.733593
0.774228 0.730469

0.773438 0.734375
0.773438 0.734375

0.773438 0.75
0.773438 0.75

0.777344 0.767578
0.777344 0.765625

0.773438 0.78125
0.773438 0.78125

0.777344 0.804687
0.777344 0.804688

0.773438 0.824197
0.777344 0.822651

0.777344 0.594788
0.779065 0.597656

0.779058 0.597656
0.780928 0.601562

0.78125 0.602523
0.780892 0.601562

0.78125 0.609375
0.78125 0.609375

0.777344 0.640625
0.777344 0.640625

0.777344 0.642578
0.777344 0.640625

0.777344 0.644531
0.777344 0.644531

0.777344 0.660156
0.78125 0.660156

0.777344 0.667969
0.777344 0.667969

0.777344 0.675781
0.777344 0.675781

0.78125 0.751953
0.78125 0.75

0.78125 0.785156
0.78125 0.785156

0.78125 0.789063
0.78125 0.789062

0.78125 0.802734
0.78125 0.800781

0.78125 0.820312
0.78125 0.820312

0.777344 0.82282
0.78125 0.820946

0.78125 0.602532
0.782346 0.605469

0.782247 0.605469
0.783515 0.609375

0.783612 0.609375
0.784801 0.613281

0.785156 0.614866
0.784632 0.613281

0.78125 0.642578
0.78125 0.640625

0.785156 0.710938
0.785156 0.710938

0.785156 0.726562
0.785156 0.726562

0.785156 0.726563
0.785156 0.726562

0.785156 0.763672
0.785156 0.761719

0.785156 0.773437
0.785156 0.773438

0.785156 0.773438
0.785156 0.773438

0.78125 0.785156
0.78125 0.785156

0.785156 0.789062
0.785156 0.789062

0.785156 0.789063
0.785156 0.789062

0.785156 0.792969
0.785156 0.792969

0.78125 0.800781
0.78125 0.800781

0.785156 0.8125
0.785156 0.8125

0.785156 0.81825
0.782315 0.820312

0.78125 0.821069
0.78242 0.820312

0.785156 0.61497
0.78589 0.617188

0.785884 0.617188
0.787592 0.621094

0.789062 0.6238
0.787674 0.621094

0.789062 0.658203
0.789062 0.65625

0.789062 0.669922
0.789062 0.667969

0.789062 0.677734
0.789062 0.675781

0.789062 0.6875
0.789062 0.6875

0.789062 0.697266
0.789062 0.695312

0.789062 0.710937
0.789062 0.710938

0.789062 0.722656
0.789062 0.722656

0.789062 0.726562
0.789062 0.726562

0.789062 0.730469
0.789062 0.730469

0.789062 0.734375
0.789062 0.734375

0.785156 0.753906
0.789062 0.753906

0.785156 0.753906
0.789062 0.753906

0.785156 0.773437
0.785156 0.773438

0.785156 0.789062
0.785156 0.789062

0.785156 0.789063
0.785156 0.789062

0.789062 0.8125
0.789062 0.8125

0.789062 0.814146
0.786921 0.816406

0.785156 0.818178
0.787031 0.816406

0.789062 0.623802
0.789677 0.625

0.789719 0.625
0.791776 0.628906

0.792969 0.631271
0.791832 0.628906

0.792969 0.632813
0.792969 0.632812

0.792969 0.636719
0.792969 0.636719

0.792969 0.640625
0.792969 0.640625

0.789062 0.658203
0.789062 0.65625

0.792969 0.683594
0.792969 0.683594

0.792969 0.683594
0.792969 0.683594

0.792969 0.697266
0.792969 0.695312

0.789062 0.708984
0.789062 0.707031

0.789062 0.722656
0.789063 0.722656

0.789062 0.730469
0.789063 0.730469

0.789062 0.730469
0.789063 0.730469

0.792969 0.761719
0.792969 0.761719

0.789062 0.769531
0.789063 0.769531

0.789062 0.769531
0.789063 0.769531

0.792969 0.779297
0.792969 0.777344

0.789062 0.789062
0.789063 0.789062

0.789062 0.792969
0.789063 0.792969

0.792969 0.809809
0.790361 0.8125

0.789062 0.814045
0.790461 0.8125

0.792969 0.631166
0.793761 0.632812

0.793723 0.632812
0.795286 0.636719

0.795262 0.636719
0.796621 0.640625

0.796875 0.641527
0.796589 0.640625

0.796875 0.648438
0.796875 0.648438

0.796875 0.652344
0.796875 0.652344

0.796875 0.666016
0.796875 0.664062

0.792969 0.683594
0.792969 0.683594

0.792969 0.695312
0.792969 0.695312

0.792969 0.699219
0.792969 0.699219

0.792969 0.726562
0.792969 0.726562

0.796875 0.748047
0.796875 0.746094

0.796875 0.757813
0.796875 0.757812

0.792969 0.761719
0.792969 0.761719

0.796875 0.794922
0.796875 0.792969

0.796875 0.806434
0.794281 0.808594

0.792969 0.809772
0.794273 0.808594

0.796875 0.641478
0.797845 0.644531

0.797967 0.644531
0.798829 0.648438

0.799224 0.648438
0.799884 0.652344

0.799524 0.652344
0.800268 0.65625

0.800781 0.659814
0.800014 0.65625

0.800781 0.667969
0.800781 0.667969

0.800781 0.722656
0.800781 0.722656

0.800781 0.736328
0.800781 0.734375

0.800781 0.757812
0.800781 0.757812

0.796875 0.765625
0.796875 0.765625

0.800781 0.777344
0.800781 0.777344

0.800781 0.787109
0.800781 0.785156

0.800781 0.803616
0.799361 0.804688

0.796875 0.806591
0.79936 0.804688

0.800781 0.659926
0.800831 0.660156

0.80085 0.660156
0.801953 0.664062

0.802038 0.664062
0.803242 0.667969

0.803333 0.667969
0.804377 0.671875

0.804688 0.673635
0.804272 0.671875

0.804688 0.679688
0.804687 0.679688

0.804688 0.693359
0.804688 0.691406

0.804688 0.707031
0.804687 0.707031

0.804688 0.710938
0.804687 0.710938

0.804688 0.716797
0.804688 0.714844

0.800781 0.71875
0.800781 0.71875

0.804688 0.736328
0.804688 0.734375

0.800781 0.753906
0.800781 0.753906

0.800781 0.757813
0.800781 0.757812

0.800781 0.761719
0.804688 0.761719

0.800781 0.777344
0.800781 0.777344

0.804688 0.792969
0.804687 0.792969

0.804688 0.800152
0.804138 0.800781

0.800781 0.803863
0.804099 0.800781

0.804688 0.673673
0.805185 0.675781

0.805164 0.675781
0.806142 0.679688

0.806323 0.679688
0.807673 0.683594

0.808594 0.686154
0.807617 0.683594

0.808594 0.6875
0.808594 0.6875

0.808594 0.691406
0.808594 0.691406

0.808594 0.695313
0.808594 0.695312

0.808594 0.703125
0.808594 0.703125

0.808594 0.710938
0.808594 0.710938

0.808594 0.722656
0.808594 0.722656

0.808594 0.744141
0.808594 0.742188

0.808594 0.765625
0.808594 0.765625

0.808594 0.794248
0.807153 0.796875

0.804688 0.799989
0.807111 0.796875

0.808594 0.686227
0.80908 0.6875

0.809097 0.6875
0.810232 0.691406

0.810476 0.691406
0.811567 0.695312

0.81142 0.695312
0.812314 0.699219

0.8125 0.701868
0.812145 0.699219

0.8125 0.703125
0.8125 0.703125

0.8125 0.707031
0.8125 0.707031

0.8125 0.710938
0.8125 0.710938

0.8125 0.714844
0.8125 0.714844

0.8125 0.722656
0.8125 0.722656

0.8125 0.753906
0.8125 0.753906

0.8125 0.757812
0.8125 0.757812

0.8125 0.765625
0.8125 0.765625

0.8125 0.769531
0.8125 0.769531

0.8125 0.773437
0.8125 0.773438

0.8125 0.777344
0.8125 0.777344

0.8125 0.779612
0.812265 0.78125

0.812301 0.78125
0.811401 0.785156

0.811605 0.785156
0.810637 0.789062

0.810527 0.789062
0.809259 0.792969

0.808594 0.793908
0.809103 0.792969

0.8125 0.701783
0.81268 0.703125

0.81269 0.703125
0.813097 0.707031

0.81312 0.707031
0.813331 0.710938

0.813273 0.710938
0.813355 0.714844

0.813337 0.714844
0.81344 0.71875

0.81346 0.71875
0.813581 0.722656

0.813578 0.722656
0.813683 0.726562

0.813681 0.726562
0.813779 0.730469

0.81378 0.730469
0.813872 0.734375

0.813868 0.734375
0.81396 0.738281

0.813964 0.738281
0.814055 0.742188

0.814056 0.742188
0.814136 0.746094

0.814148 0.746094
0.814189 0.75

0.814196 0.75
0.814163 0.753906

0.814151 0.753906
0.814052 0.757812

0.814044 0.757812
0.813915 0.761719

0.81393 0.761719
0.813756 0.765625

0.813761 0.765625
0.813504 0.769531

0.8135 0.769531
0.813159 0.773438

0.813155 0.773438
0.812744 0.777344

0.8125 0.779113
0.812754 0.777344

