x | y | u.x | u.y | uint | vint | p
0.00195312 0.505859 -0.000157214 0.00944088 -0.000157214 0.00944088 -0.567439
0.00585938 0.505859 -0.000524457 0.021673 -0.000524457 0.021673 -0.567128
0.00976562 0.505859 -0.000988667 0.0305812 -0.000988667 0.0305812 -0.566783
0.0136719 0.505859 -0.00158794 0.038144 -0.00158794 0.038144 -0.566259
0.0175781 0.505859 -0.00229767 0.0453592 -0.00229767 0.0453592 -0.565569
0.0214844 0.505859 -0.00310073 0.0526192 -0.00310073 0.0526192 -0.564714
0.0253906 0.505859 -0.00398461 0.0599895 -0.00398461 0.0599895 -0.563698
0.0292969 0.505859 -0.00494139 0.067393 -0.00494139 0.067393 -0.56252
0.0332031 0.505859 -0.00596645 0.0747161 -0.00596645 0.0747161 -0.561184
0.0371094 0.505859 -0.00705707 0.0818586 -0.00705707 0.0818586 -0.559691
0.0410156 0.505859 -0.00821143 0.0887513 -0.00821143 0.0887513 -0.558043
0.0449219 0.505859 -0.00942809 0.0953546 -0.00942809 0.0953546 -0.556242
0.0488281 0.505859 -0.0107056 0.101652 -0.0107056 0.101652 -0.554291
0.0527344 0.505859 -0.0120426 0.107641 -0.0120426 0.107641 -0.55219
0.0566406 0.505859 -0.0134375 0.113331 -0.0134375 0.113331 -0.549943
0.0605469 0.505859 -0.0148887 0.118734 -0.0148887 0.118734 -0.547552
0.0644531 0.505859 -0.0163946 0.123865 -0.0163946 0.123865 -0.545018
0.0683594 0.505859 -0.0179536 0.128742 -0.0179536 0.128742 -0.542346
0.0722656 0.505859 -0.019564 0.133381 -0.019564 0.133381 -0.539536
0.0761719 0.505859 -0.0212242 0.137801 -0.0212242 0.137801 -0.536591
0.0800781 0.505859 -0.0229323 0.142017 -0.0229323 0.142017 -0.533515
0.0839844 0.505859 -0.0246869 0.146047 -0.0246869 0.146047 -0.53031
0.0878906 0.505859 -0.0264861 0.149907 -0.0264861 0.149907 -0.526978
0.0917969 0.505859 -0.0283282 0.153611 -0.0283282 0.153611 -0.523523
0.0957031 0.505859 -0.0302117 0.157176 -0.0302117 0.157176 -0.519947
0.0996094 0.505859 -0.0321349 0.160614 -0.0321349 0.160614 -0.516253
0.103516 0.505859 -0.0340961 0.163938 -0.0340961 0.163938 -0.512445
0.107422 0.505859 -0.0360939 0.16716 -0.0360939 0.16716 -0.508525
0.111328 0.505859 -0.0381266 0.170292 -0.0381266 0.170292 -0.504496
0.115234 0.505859 -0.0401929 0.173345 -0.0401929 0.173345 -0.500363
0.119141 0.505859 -0.0422912 0.176327 -0.0422912 0.176327 -0.496129
0.123047 0.505859 -0.0444202 0.179248 -0.0444202 0.179248 -0.491796
0.126953 0.505859 -0.0465786 0.182115 -0.0465786 0.182115 -0.487369
0.130859 0.505859 -0.0487651 0.184937 -0.0487651 0.184937 -0.482851
0.134766 0.505859 -0.0509784 0.187719 -0.0509784 0.187719 -0.478246
0.138672 0.505859 -0.0532174 0.190468 -0.0532174 0.190468 -0.473558
0.142578 0.505859 -0.0554809 0.193188 -0.0554809 0.193188 -0.468791
0.146484 0.505859 -0.0577678 0.195883 -0.0577678 0.195883 -0.463949
0.150391 0.505859 -0.060077 0.198559 -0.060077 0.198559 -0.459036
0.154297 0.505859 -0.0624075 0.201216 -0.0624075 0.201216 -0.454056
0.158203 0.505859 -0.0647582 0.203859 -0.0647582 0.203859 -0.449015
0.162109 0.505859 -0.0671283 0.206488 -0.0671283 0.206488 -0.443916
0.166016 0.505859 -0.0695167 0.209106 -0.0695167 0.209106 -0.438764
0.169922 0.505859 -0.0719224 0.211711 -0.0719224 0.211711 -0.433564
0.173828 0.505859 -0.0743446 0.214305 -0.0743446 0.214305 -0.42832
0.177734 0.505859 -0.0767822 0.216886 -0.0767822 0.216886 -0.423036
0.181641 0.505859 -0.0792343 0.219454 -0.0792343 0.219454 -0.417718
0.185547 0.505859 -0.0817 0.222007 -0.0817 0.222007 -0.41237
0.189453 0.505859 -0.0841782 0.224542 -0.0841782 0.224542 -0.406997
0.193359 0.505859 -0.086668 0.227058 -0.086668 0.227058 -0.401602
0.197266 0.505859 -0.0891683 0.229551 -0.0891683 0.229551 -0.396191
0.201172 0.505859 -0.0916781 0.232018 -0.0916781 0.232018 -0.390768
0.205078 0.505859 -0.0941963 0.234455 -0.0941963 0.234455 -0.385336
0.208984 0.505859 -0.0967217 0.236858 -0.0967217 0.236858 -0.379901
0.212891 0.505859 -0.0992532 0.239223 -0.0992532 0.239223 -0.374465
0.216797 0.505859 -0.10179 0.241545 -0.10179 0.241545 -0.369032
0.220703 0.505859 -0.10433 0.243819 -0.10433 0.243819 -0.363607
0.224609 0.505859 -0.106872 0.24604 -0.106872 0.24604 -0.358192
0.228516 0.505859 -0.109416 0.248204 -0.109416 0.248204 -0.35279
0.232422 0.505859 -0.111959 0.250304 -0.111959 0.250304 -0.347406
0.236328 0.505859 -0.114501 0.252335 -0.114501 0.252335 -0.342042
0.240234 0.505859 -0.11704 0.254292 -0.11704 0.254292 -0.3367
0.244141 0.505859 -0.119575 0.25617 -0.119575 0.25617 -0.331384
0.248047 0.505859 -0.122103 0.257962 -0.122103 0.257962 -0.326097
0.251953 0.505859 -0.124625 0.259663 -0.124625 0.259663 -0.32084
0.255859 0.505859 -0.127138 0.261267 -0.127138 0.261267 -0.315616
0.259766 0.505859 -0.129641 0.26277 -0.129641 0.26277 -0.310427
0.263672 0.505859 -0.132132 0.264166 -0.132132 0.264166 -0.305276
0.267578 0.505859 -0.134611 0.265449 -0.134611 0.265449 -0.300164
0.271484 0.505859 -0.137075 0.266615 -0.137075 0.266615 -0.295094
0.275391 0.505859 -0.139523 0.267659 -0.139523 0.267659 -0.290067
0.279297 0.505859 -0.141954 0.268576 -0.141954 0.268576 -0.285084
0.283203 0.505859 -0.144366 0.269362 -0.144366 0.269362 -0.280147
0.287109 0.505859 -0.146758 0.270012 -0.146758 0.270012 -0.275257
0.291016 0.505859 -0.149129 0.270523 -0.149129 0.270523 -0.270416
0.294922 0.505859 -0.151477 0.27089 -0.151477 0.27089 -0.265624
0.298828 0.505859 -0.153801 0.271112 -0.153801 0.271112 -0.260883
0.302734 0.505859 -0.1561 0.271184 -0.1561 0.271184 -0.256192
0.306641 0.505859 -0.158372 0.271104 -0.158372 0.271104 -0.251552
0.310547 0.505859 -0.160616 0.270869 -0.160616 0.270869 -0.246964
0.314453 0.505859 -0.162831 0.270477 -0.162831 0.270477 -0.242428
0.318359 0.505859 -0.165016 0.269927 -0.165016 0.269927 -0.237944
0.322266 0.505859 -0.16717 0.269218 -0.16717 0.269218 -0.233511
0.326172 0.505859 -0.169292 0.268348 -0.169292 0.268348 -0.229129
0.330078 0.505859 -0.171381 0.267317 -0.171381 0.267317 -0.224798
0.333984 0.505859 -0.173436 0.266124 -0.173436 0.266124 -0.220517
0.337891 0.505859 -0.175455 0.264769 -0.175455 0.264769 -0.216285
0.341797 0.505859 -0.17744 0.263254 -0.17744 0.263254 -0.212102
0.345703 0.505859 -0.179388 0.261578 -0.179388 0.261578 -0.207965
0.349609 0.505859 -0.181299 0.259744 -0.181299 0.259744 -0.203874
0.353516 0.505859 -0.183172 0.257752 -0.183172 0.257752 -0.199828
0.357422 0.505859 -0.185007 0.255604 -0.185007 0.255604 -0.195825
0.361328 0.505859 -0.186804 0.253303 -0.186804 0.253303 -0.191863
0.365234 0.505859 -0.188562 0.250851 -0.188562 0.250851 -0.18794
0.369141 0.505859 -0.19028 0.248251 -0.19028 0.248251 -0.184056
0.373047 0.505859 -0.191959 0.245505 -0.191959 0.245505 -0.180207
0.376953 0.505859 -0.193599 0.242617 -0.193599 0.242617 -0.176392
0.380859 0.505859 -0.195198 0.239591 -0.195198 0.239591 -0.172609
0.384766 0.505859 -0.196758 0.23643 -0.196758 0.23643 -0.168855
0.388672 0.505859 -0.198278 0.233138 -0.198278 0.233138 -0.165129
0.392578 0.505859 -0.199758 0.22972 -0.199758 0.22972 -0.161428
0.396484 0.505859 -0.201199 0.226179 -0.201199 0.226179 -0.157749
0.400391 0.505859 -0.2026 0.22252 -0.2026 0.22252 -0.154092
0.404297 0.505859 -0.203962 0.218747 -0.203962 0.218747 -0.150452
0.408203 0.505859 -0.205285 0.214866 -0.205285 0.214866 -0.146828
0.412109 0.505859 -0.20657 0.210881 -0.20657 0.210881 -0.143217
0.416016 0.505859 -0.207816 0.206796 -0.207816 0.206796 -0.139618
0.419922 0.505859 -0.209025 0.202617 -0.209025 0.202617 -0.136026
0.423828 0.505859 -0.210196 0.198349 -0.210196 0.198349 -0.132441
0.427734 0.505859 -0.211331 0.193996 -0.211331 0.193996 -0.12886
0.431641 0.505859 -0.21243 0.189562 -0.21243 0.189562 -0.12528
0.435547 0.505859 -0.213493 0.185054 -0.213493 0.185054 -0.121699
0.439453 0.505859 -0.214521 0.180475 -0.214521 0.180475 -0.118114
0.443359 0.505859 -0.215515 0.17583 -0.215515 0.17583 -0.114524
0.447266 0.505859 -0.216475 0.171124 -0.216475 0.171124 -0.110925
0.451172 0.505859 -0.217402 0.166362 -0.217402 0.166362 -0.107317
0.455078 0.505859 -0.218297 0.161547 -0.218297 0.161547 -0.103696
0.458984 0.505859 -0.21916 0.156685 -0.21916 0.156685 -0.100061
0.462891 0.505859 -0.219993 0.151778 -0.219993 0.151778 -0.0964089
0.466797 0.505859 -0.220795 0.146831 -0.220795 0.146831 -0.0927383
0.470703 0.505859 -0.221568 0.141849 -0.221568 0.141849 -0.089047
0.474609 0.505859 -0.222312 0.136834 -0.222312 0.136834 -0.0853331
0.478516 0.505859 -0.223029 0.13179 -0.223029 0.13179 -0.0815947
0.482422 0.505859 -0.223719 0.126721 -0.223719 0.126721 -0.07783
0.486328 0.505859 -0.224382 0.12163 -0.224382 0.12163 -0.0740372
0.490234 0.505859 -0.225019 0.11652 -0.225019 0.11652 -0.0702147
0.494141 0.505859 -0.225632 0.111393 -0.225632 0.111393 -0.0663608
0.498047 0.505859 -0.226221 0.106253 -0.226221 0.106253 -0.0624739
0.501953 0.505859 -0.226787 0.101102 -0.226787 0.101102 -0.0585525
0.505859 0.505859 -0.227331 0.0959415 -0.227331 0.0959415 -0.0545952
0.509766 0.505859 -0.227853 0.0907749 -0.227853 0.0907749 -0.0506005
0.513672 0.505859 -0.228354 0.0856038 -0.228354 0.0856038 -0.0465672
0.517578 0.505859 -0.228835 0.0804301 -0.228835 0.0804301 -0.042494
0.521484 0.505859 -0.229296 0.0752553 -0.229296 0.0752553 -0.0383798
0.525391 0.505859 -0.22974 0.070081 -0.22974 0.070081 -0.0342233
0.529297 0.505859 -0.230165 0.0649085 -0.230165 0.0649085 -0.0300235
0.533203 0.505859 -0.230574 0.0597391 -0.230574 0.0597391 -0.0257794
0.537109 0.505859 -0.230967 0.0545737 -0.230967 0.0545737 -0.0214901
0.541016 0.505859 -0.231345 0.0494133 -0.231345 0.0494133 -0.0171546
0.544922 0.505859 -0.231709 0.0442586 -0.231709 0.0442586 -0.0127722
0.548828 0.505859 -0.232059 0.0391101 -0.232059 0.0391101 -0.00834193
0.552734 0.505859 -0.232397 0.0339683 -0.232397 0.0339683 -0.00386321
0.556641 0.505859 -0.232723 0.0288336 -0.232723 0.0288336 0.000664692
0.560547 0.505859 -0.233038 0.0237059 -0.233038 0.0237059 0.00524242
0.564453 0.505859 -0.233343 0.0185854 -0.233343 0.0185854 0.00987056
0.568359 0.505859 -0.23364 0.013472 -0.23364 0.013472 0.0145497
0.572266 0.505859 -0.233929 0.00836531 -0.233929 0.00836531 0.0192803
0.576172 0.505859 -0.234212 0.00326505 -0.234212 0.00326505 0.0240628
0.580078 0.505859 -0.234488 -0.00182935 -0.234488 -0.00182935 0.0288978
0.583984 0.505859 -0.23476 -0.00691854 -0.23476 -0.00691854 0.0337856
0.587891 0.505859 -0.235029 -0.0120033 -0.235029 -0.0120033 0.0387265
0.591797 0.505859 -0.235295 -0.0170846 -0.235295 -0.0170846 0.0437211
0.595703 0.505859 -0.235561 -0.0221634 -0.235561 -0.0221634 0.0487695
0.599609 0.505859 -0.235826 -0.027241 -0.235826 -0.027241 0.0538721
0.603516 0.505859 -0.236093 -0.0323186 -0.236093 -0.0323186 0.0590292
0.607422 0.505859 -0.236362 -0.0373978 -0.236362 -0.0373978 0.064241
0.611328 0.505859 -0.236636 -0.0424801 -0.236636 -0.0424801 0.0695079
0.615234 0.505859 -0.236915 -0.0475674 -0.236915 -0.0475674 0.0748299
0.619141 0.505859 -0.2372 -0.0526614 -0.2372 -0.0526614 0.0802072
0.623047 0.505859 -0.237494 -0.0577642 -0.237494 -0.0577642 0.0856402
0.626953 0.505859 -0.237797 -0.0628779 -0.237797 -0.0628779 0.0911288
0.630859 0.505859 -0.238111 -0.0680049 -0.238111 -0.0680049 0.0966731
0.634766 0.505859 -0.238438 -0.0731477 -0.238438 -0.0731477 0.102273
0.638672 0.505859 -0.238778 -0.0783087 -0.238778 -0.0783087 0.107929
0.642578 0.505859 -0.239133 -0.0834907 -0.239133 -0.0834907 0.113641
0.646484 0.505859 -0.239504 -0.0886966 -0.239504 -0.0886966 0.119408
0.650391 0.505859 -0.239894 -0.0939294 -0.239894 -0.0939294 0.12523
0.654297 0.505859 -0.240302 -0.099192 -0.240302 -0.099192 0.131108
0.658203 0.505859 -0.240729 -0.104488 -0.240729 -0.104488 0.13704
0.662109 0.505859 -0.241178 -0.10982 -0.241178 -0.10982 0.143027
0.666016 0.505859 -0.241649 -0.115192 -0.241649 -0.115192 0.149067
0.669922 0.505859 -0.242143 -0.120608 -0.242143 -0.120608 0.155159
0.673828 0.505859 -0.24266 -0.12607 -0.24266 -0.12607 0.161304
0.677734 0.505859 -0.243201 -0.131582 -0.243201 -0.131582 0.167499
0.681641 0.505859 -0.243766 -0.137148 -0.243766 -0.137148 0.173744
0.685547 0.505859 -0.244355 -0.142772 -0.244355 -0.142772 0.180037
0.689453 0.505859 -0.244967 -0.148456 -0.244967 -0.148456 0.186377
0.693359 0.505859 -0.245603 -0.154204 -0.245603 -0.154204 0.192761
0.697266 0.505859 -0.246262 -0.16002 -0.246262 -0.16002 0.199189
0.701172 0.505859 -0.246941 -0.165905 -0.246941 -0.165905 0.205658
0.705078 0.505859 -0.24764 -0.171864 -0.24764 -0.171864 0.212165
0.708984 0.505859 -0.248357 -0.177897 -0.248357 -0.177897 0.218709
0.712891 0.505859 -0.249089 -0.184007 -0.249089 -0.184007 0.225288
0.716797 0.505859 -0.249833 -0.190196 -0.249833 -0.190196 0.231897
0.720703 0.505859 -0.250586 -0.196465 -0.250586 -0.196465 0.238535
0.724609 0.505859 -0.251344 -0.202814 -0.251344 -0.202814 0.2452
0.728516 0.505859 -0.252103 -0.209242 -0.252103 -0.209242 0.251887
0.732422 0.505859 -0.252857 -0.215749 -0.252857 -0.215749 0.258595
0.736328 0.505859 -0.2536 -0.222333 -0.2536 -0.222333 0.26532
0.740234 0.505859 -0.254327 -0.22899 -0.254327 -0.22899 0.272059
0.744141 0.505859 -0.25503 -0.235717 -0.25503 -0.235717 0.27881
0.748047 0.505859 -0.255701 -0.242507 -0.255701 -0.242507 0.28557
0.751953 0.505859 -0.256332 -0.249356 -0.256332 -0.249356 0.292335
0.755859 0.505859 -0.256914 -0.256253 -0.256914 -0.256253 0.299104
0.759766 0.505859 -0.257437 -0.263191 -0.257437 -0.263191 0.305872
0.763672 0.505859 -0.25789 -0.270157 -0.25789 -0.270157 0.312638
0.767578 0.505859 -0.258262 -0.277139 -0.258262 -0.277139 0.319398
0.771484 0.505859 -0.258541 -0.284121 -0.258541 -0.284121 0.32615
0.775391 0.505859 -0.258713 -0.291087 -0.258713 -0.291087 0.332891
0.779297 0.505859 -0.258766 -0.298017 -0.258766 -0.298017 0.339617
0.783203 0.505859 -0.258685 -0.304892 -0.258685 -0.304892 0.346325
0.787109 0.505859 -0.258456 -0.311687 -0.258456 -0.311687 0.353013
0.791016 0.505859 -0.258064 -0.318377 -0.258064 -0.318377 0.359677
0.794922 0.505859 -0.257493 -0.324936 -0.257493 -0.324936 0.366313
0.798828 0.505859 -0.256728 -0.331333 -0.256728 -0.331333 0.372918
0.802734 0.505859 -0.255753 -0.337536 -0.255753 -0.337536 0.379488
0.806641 0.505859 -0.254552 -0.343512 -0.254552 -0.343512 0.386019
0.810547 0.505859 -0.253111 -0.349226 -0.253111 -0.349226 0.392507
0.814453 0.505859 -0.251413 -0.354639 -0.251413 -0.354639 0.398947
0.818359 0.505859 -0.249444 -0.359714 -0.249444 -0.359714 0.405335
0.822266 0.505859 -0.24719 -0.36441 -0.24719 -0.36441 0.411667
0.826172 0.505859 -0.244639 -0.368686 -0.244639 -0.368686 0.417936
0.830078 0.505859 -0.241779 -0.3725 -0.241779 -0.3725 0.424138
0.833984 0.505859 -0.2386 -0.375812 -0.2386 -0.375812 0.430268
0.837891 0.505859 -0.235093 -0.378577 -0.235093 -0.378577 0.436319
0.841797 0.505859 -0.231252 -0.380757 -0.231252 -0.380757 0.442285
0.845703 0.505859 -0.227072 -0.38231 -0.227072 -0.38231 0.448161
0.849609 0.505859 -0.222552 -0.383199 -0.222552 -0.383199 0.453941
0.853516 0.505859 -0.217691 -0.383387 -0.217691 -0.383387 0.459617
0.857422 0.505859 -0.212494 -0.382841 -0.212494 -0.382841 0.465183
0.861328 0.505859 -0.206965 -0.381532 -0.206965 -0.381532 0.470634
0.865234 0.505859 -0.201114 -0.379431 -0.201114 -0.379431 0.475962
0.869141 0.505859 -0.194954 -0.37652 -0.194954 -0.37652 0.481161
0.873047 0.505859 -0.188499 -0.372779 -0.188499 -0.372779 0.486227
0.876953 0.505859 -0.181767 -0.368199 -0.181767 -0.368199 0.491151
0.880859 0.505859 -0.17478 -0.362773 -0.17478 -0.362773 0.49593
0.884766 0.505859 -0.167561 -0.356503 -0.167561 -0.356503 0.500558
0.888672 0.505859 -0.160138 -0.349394 -0.160138 -0.349394 0.50503
0.892578 0.505859 -0.15254 -0.341461 -0.15254 -0.341461 0.509342
0.896484 0.505859 -0.144799 -0.332723 -0.144799 -0.332723 0.51349
0.900391 0.505859 -0.136947 -0.323207 -0.136947 -0.323207 0.51747
0.904297 0.505859 -0.129021 -0.312946 -0.129021 -0.312946 0.521281
0.908203 0.505859 -0.121056 -0.301979 -0.121056 -0.301979 0.52492
0.912109 0.505859 -0.11309 -0.290351 -0.11309 -0.290351 0.528386
0.916016 0.505859 -0.105161 -0.278113 -0.105161 -0.278113 0.531676
0.919922 0.505859 -0.097306 -0.26532 -0.097306 -0.26532 0.534792
0.923828 0.505859 -0.0895628 -0.252033 -0.0895628 -0.252033 0.537733
0.927734 0.505859 -0.081968 -0.238318 -0.081968 -0.238318 0.540499
0.931641 0.505859 -0.0745569 -0.224242 -0.0745569 -0.224242 0.543091
0.935547 0.505859 -0.0673636 -0.209881 -0.0673636 -0.209881 0.545511
0.939453 0.505859 -0.0604203 -0.195309 -0.0604203 -0.195309 0.547761
0.943359 0.505859 -0.0537571 -0.180608 -0.0537571 -0.180608 0.549841
0.947266 0.505859 -0.0474018 -0.16586 -0.0474018 -0.16586 0.551754
0.951172 0.505859 -0.0413796 -0.151147 -0.0413796 -0.151147 0.553502
0.955078 0.505859 -0.0357131 -0.136551 -0.0357131 -0.136551 0.555087
0.958984 0.505859 -0.0304221 -0.122152 -0.0304221 -0.122152 0.556512
0.962891 0.505859 -0.0255231 -0.108025 -0.0255231 -0.108025 0.557778
0.966797 0.505859 -0.0210299 -0.0942357 -0.0210299 -0.0942357 0.558888
0.970703 0.505859 -0.016953 -0.0808443 -0.016953 -0.0808443 0.559843
0.974609 0.505859 -0.0133 -0.0678965 -0.0133 -0.0678965 0.560645
0.978516 0.505859 -0.0100757 -0.0554213 -0.0100757 -0.0554213 0.561297
0.982422 0.505859 -0.00728291 -0.0434292 -0.00728291 -0.0434292 0.561799
0.986328 0.505859 -0.00492207 -0.0319315 -0.00492207 -0.0319315 0.562152
0.990234 0.505859 -0.0029914 -0.0210066 -0.0029914 -0.0210066 0.562357
0.994141 0.505859 -0.0014837 -0.0109521 -0.0014837 -0.0109521 0.562418
0.998047 0.505859 -0.000394438 -0.0025523 -0.000394438 -0.0025523 0.562304
