0.00390625 0.503906 -8.52216e-06 0.012892 -9.723e-06 0.0128394 0.00949442
0.0117188 0.503906 -0.000195314 0.0365251 -0.000212335 0.0363644 0.00940323
0.0195312 0.503906 -0.000599942 0.0581022 -0.000647309 0.0578307 0.00934374
0.0273438 0.503906 -0.00121231 0.0777086 -0.00130085 0.0773248 0.00925978
0.0351562 0.503906 -0.00204324 0.0954486 -0.00218234 0.0949524 0.00916997
0.0429688 0.503906 -0.00308958 0.111433 -0.00328654 0.110827 0.0090612
0.0507812 0.503906 -0.00434845 0.125783 -0.00460901 0.12507 0.00893352
0.0585938 0.503906 -0.00581135 0.138626 -0.00613982 0.137812 0.00878183
0.0664062 0.503906 -0.00746707 0.150092 -0.00786657 0.149184 0.00860353
0.0742188 0.503906 -0.00930142 0.160314 -0.00977409 0.15932 0.00839535
0.0820312 0.503906 -0.0112981 0.169421 -0.0118453 0.16835 0.00815506
0.0898438 0.503906 -0.0134394 0.177538 -0.014062 0.176399 0.00788014
0.0976562 0.503906 -0.015707 0.184783 -0.0164053 0.183585 0.00756896
0.105469 0.503906 -0.0180824 0.191263 -0.0188566 0.190015 0.00721964
0.113281 0.503906 -0.0205475 0.197076 -0.0213976 0.195788 0.00683091
0.121094 0.503906 -0.0230852 0.202307 -0.0240111 0.200986 0.00640152
0.128906 0.503906 -0.0256792 0.207029 -0.026681 0.205684 0.00593039
0.136719 0.503906 -0.0283148 0.211305 -0.0293925 0.209943 0.00541663
0.144531 0.503906 -0.0309786 0.215184 -0.0321324 0.21381 0.00485943
0.152344 0.503906 -0.0336587 0.218705 -0.0348887 0.217326 0.00425808
0.160156 0.503906 -0.0363446 0.221899 -0.0376512 0.220519 0.00361204
0.167969 0.503906 -0.0390271 0.224787 -0.0404107 0.22341 0.00292081
0.175781 0.503906 -0.0416981 0.227383 -0.0431593 0.226014 0.00218409
0.183594 0.503906 -0.0443509 0.229696 -0.0458902 0.228337 0.00140166
0.191406 0.503906 -0.0469794 0.231729 -0.0485974 0.230383 0.000573484
0.199219 0.503906 -0.0495787 0.233482 -0.051276 0.232151 -0.000300313
0.207031 0.503906 -0.0521442 0.234952 -0.0539214 0.233639 -0.00121944
0.214844 0.503906 -0.0546722 0.236134 -0.0565298 0.23484 -0.00218339
0.222656 0.503906 -0.0571594 0.237023 -0.0590978 0.23575 -0.00319145
0.230469 0.503906 -0.0596028 0.237611 -0.0616225 0.23636 -0.00424269
0.238281 0.503906 -0.0619999 0.237891 -0.0641012 0.236664 -0.00533594
0.246094 0.503906 -0.0643485 0.237857 -0.0665316 0.236655 -0.00646979
0.253906 0.503906 -0.0666465 0.237502 -0.0689115 0.236325 -0.00764261
0.261719 0.503906 -0.0688922 0.236819 -0.071239 0.235669 -0.00885249
0.269531 0.503906 -0.0710839 0.235805 -0.0735123 0.234682 -0.0100973
0.277344 0.503906 -0.0732202 0.234455 -0.07573 0.23336 -0.0113747
0.285156 0.503906 -0.0753 0.232765 -0.0778906 0.231699 -0.012682
0.292969 0.503906 -0.0773221 0.230734 -0.079993 0.229697 -0.0140165
0.300781 0.503906 -0.0792858 0.228361 -0.0820362 0.227353 -0.0153751
0.308594 0.503906 -0.0811905 0.225645 -0.0840195 0.224668 -0.0167545
0.316406 0.503906 -0.0830356 0.222588 -0.0859422 0.221641 -0.0181514
0.324219 0.503906 -0.084821 0.219194 -0.0878039 0.218277 -0.0195621
0.332031 0.503906 -0.0865468 0.215464 -0.0896046 0.214577 -0.020983
0.339844 0.503906 -0.088213 0.211404 -0.0913444 0.210547 -0.02241
0.347656 0.503906 -0.0898204 0.207019 -0.0930236 0.206193 -0.0238393
0.355469 0.503906 -0.0913694 0.202316 -0.0946428 0.20152 -0.0252668
0.363281 0.503906 -0.0928612 0.197304 -0.0962028 0.196536 -0.0266883
0.371094 0.503906 -0.0942969 0.19199 -0.0977048 0.191251 -0.0280998
0.378906 0.503906 -0.0956781 0.186385 -0.09915 0.185673 -0.0294971
0.386719 0.503906 -0.0970064 0.180498 -0.10054 0.179814 -0.030876
0.394531 0.503906 -0.0982838 0.174342 -0.101877 0.173683 -0.0322326
0.402344 0.503906 -0.0995125 0.167928 -0.103163 0.167294 -0.0335628
0.410156 0.503906 -0.100695 0.161268 -0.104401 0.160658 -0.0348627
0.417969 0.503906 -0.101834 0.154376 -0.105592 0.153788 -0.0361286
0.425781 0.503906 -0.102933 0.147265 -0.10674 0.146698 -0.0373568
0.433594 0.503906 -0.103994 0.13995 -0.107849 0.139401 -0.0385439
0.441406 0.503906 -0.105021 0.132442 -0.108921 0.131911 -0.0396866
0.449219 0.503906 -0.106018 0.124758 -0.10996 0.124242 -0.0407818
0.457031 0.503906 -0.106988 0.11691 -0.110969 0.116408 -0.0418266
0.464844 0.503906 -0.107936 0.108913 -0.111954 0.108422 -0.0428185
0.472656 0.503906 -0.108865 0.100779 -0.112917 0.100298 -0.043755
0.480469 0.503906 -0.10978 0.0925222 -0.113864 0.0920479 -0.0446339
0.488281 0.503906 -0.110685 0.0841545 -0.114799 0.083685 -0.0454533
0.496094 0.503906 -0.111586 0.0756878 -0.115726 0.0752208 -0.0462114
0.503906 0.503906 -0.112486 0.0671331 -0.11665 0.0666662 -0.0469068
0.511719 0.503906 -0.11339 0.0585007 -0.117577 0.0580313 -0.0475383
0.519531 0.503906 -0.114304 0.0497996 -0.118511 0.0493254 -0.0481047
0.527344 0.503906 -0.115232 0.041038 -0.119457 0.0405563 -0.0486054
0.535156 0.503906 -0.11618 0.032223 -0.12042 0.0317313 -0.0490396
0.542969 0.503906 -0.117153 0.0233602 -0.121406 0.0228555 -0.049407
0.550781 0.503906 -0.118157 0.0144555 -0.122421 0.0139349 -0.0497081
0.558594 0.503906 -0.119196 0.00551106 -0.12347 0.00497076 -0.0499396
0.566406 0.503906 -0.120282 -0.00346418 -0.124565 -0.00402718 -0.050114
0.574219 0.503906 -0.121415 -0.0124664 -0.125704 -0.013053 -0.0502257
0.582031 0.503906 -0.122598 -0.0215044 -0.126891 -0.0221159 -0.0502653
0.589844 0.503906 -0.123835 -0.030578 -0.12813 -0.0312173 -0.0502394
0.597656 0.503906 -0.125133 -0.0396942 -0.129428 -0.040364 -0.0501462
0.605469 0.503906 -0.126497 -0.0488601 -0.130789 -0.0495632 -0.0499869
0.613281 0.503906 -0.127933 -0.0580854 -0.13222 -0.0588241 -0.0497618
0.621094 0.503906 -0.129444 -0.0673811 -0.133723 -0.0681574 -0.0494713
0.628906 0.503906 -0.131036 -0.0767596 -0.135303 -0.0775752 -0.0491157
0.636719 0.503906 -0.132711 -0.0862348 -0.136964 -0.0870908 -0.0486951
0.644531 0.503906 -0.134471 -0.0958217 -0.138705 -0.0967187 -0.0482097
0.652344 0.503906 -0.136318 -0.105536 -0.140529 -0.106474 -0.0476594
0.660156 0.503906 -0.13825 -0.115396 -0.142433 -0.116374 -0.0470442
0.667969 0.503906 -0.140266 -0.125417 -0.144416 -0.126433 -0.0463636
0.675781 0.503906 -0.142361 -0.135617 -0.146472 -0.136668 -0.0456173
0.683594 0.503906 -0.144529 -0.146013 -0.148593 -0.147095 -0.0448046
0.691406 0.503906 -0.14676 -0.15662 -0.150771 -0.157726 -0.043925
0.699219 0.503906 -0.149043 -0.167451 -0.152992 -0.168575 -0.0429774
0.707031 0.503906 -0.151361 -0.178517 -0.15524 -0.17965 -0.0419611
0.714844 0.503906 -0.153697 -0.189825 -0.157495 -0.190954 -0.0408751
0.722656 0.503906 -0.156025 -0.201375 -0.159732 -0.202489 -0.0397184
0.730469 0.503906 -0.15832 -0.213164 -0.161925 -0.214248 -0.0384901
0.738281 0.503906 -0.160548 -0.225179 -0.164039 -0.226214 -0.0371895
0.746094 0.503906 -0.162674 -0.237399 -0.166037 -0.238366 -0.0358161
0.753906 0.503906 -0.164654 -0.249791 -0.167878 -0.250667 -0.03437
0.761719 0.503906 -0.166442 -0.26231 -0.169514 -0.263071 -0.0328517
0.769531 0.503906 -0.167986 -0.274898 -0.170894 -0.275516 -0.0312625
0.777344 0.503906 -0.169231 -0.287479 -0.171961 -0.287925 -0.0296046
0.785156 0.503906 -0.170116 -0.29996 -0.172655 -0.300204 -0.0278814
0.792969 0.503906 -0.170578 -0.312229 -0.172915 -0.312238 -0.0260979
0.800781 0.503906 -0.170549 -0.324153 -0.172674 -0.323895 -0.0242607
0.808594 0.503906 -0.169962 -0.335576 -0.171865 -0.335017 -0.0223781
0.816406 0.503906 -0.168748 -0.346322 -0.170422 -0.345428 -0.0204608
0.824219 0.503906 -0.166841 -0.356188 -0.168282 -0.354929 -0.0185219
0.832031 0.503906 -0.164178 -0.364951 -0.165382 -0.363298 -0.0165766
0.839844 0.503906 -0.160701 -0.372368 -0.161669 -0.370296 -0.0146429
0.847656 0.503906 -0.156363 -0.378175 -0.157098 -0.375664 -0.012741
0.855469 0.503906 -0.151125 -0.382096 -0.151634 -0.379133 -0.0108932
0.863281 0.503906 -0.144966 -0.383845 -0.145261 -0.380426 -0.00912358
0.871094 0.503906 -0.137884 -0.383136 -0.137978 -0.379267 -0.00745716
0.878906 0.503906 -0.129896 -0.379693 -0.12981 -0.375393 -0.00591906
0.886719 0.503906 -0.12105 -0.373262 -0.120806 -0.368562 -0.00453346
0.894531 0.503906 -0.111421 -0.363627 -0.111045 -0.358576 -0.00332225
0.902344 0.503906 -0.101116 -0.35063 -0.100639 -0.345291 -0.00230366
0.910156 0.503906 -0.0902786 -0.334184 -0.0897308 -0.32864 -0.00149077
0.917969 0.503906 -0.0790859 -0.314302 -0.0785002 -0.308649 -0.000890404
0.925781 0.503906 -0.0677478 -0.291109 -0.0671565 -0.285459 -0.000501727
0.933594 0.503906 -0.0565029 -0.264858 -0.0559363 -0.259335 -0.000316858
0.941406 0.503906 -0.0456101 -0.235941 -0.0450948 -0.230675 -0.000318512
0.949219 0.503906 -0.0353402 -0.204883 -0.0348973 -0.200005 -0.000487159
0.957031 0.503906 -0.0259588 -0.172327 -0.0256024 -0.167963 -0.000788169
0.964844 0.503906 -0.0177233 -0.139002 -0.0174595 -0.135267 -0.00120863
0.972656 0.503906 -0.0108445 -0.10569 -0.0106708 -0.102682 -0.00167897
0.980469 0.503906 -0.00553591 -0.0731569 -0.00544092 -0.0709516 -0.00226602
0.988281 0.503906 -0.00186812 -0.0421276 -0.00183359 -0.0407798 -0.00272891
0.996094 0.503906 -9.82456e-05 -0.013183 -9.58132e-05 -0.0127274 -0.00356853
