0.503906 0.00390625 -0.00662347 9.39708e-06 -0.00659266 1.03759e-05 0.0234736
0.503906 0.0117188 -0.0191327 0.000103839 -0.0190565 0.000119016 0.0235112
0.503906 0.0195312 -0.0309813 0.000267837 -0.030873 0.000311063 0.023519
0.503906 0.0273438 -0.0422205 0.000469223 -0.0420913 0.000551649 0.023524
0.503906 0.0351562 -0.0529066 0.000692973 -0.0527654 0.000825048 0.0235134
0.503906 0.0429688 -0.0630903 0.000922902 -0.062944 0.00111369 0.0234899
0.503906 0.0507812 -0.0728216 0.00114952 -0.072675 0.00140698 0.0234502
0.503906 0.0585938 -0.0821458 0.00136518 -0.0820024 0.00169629 0.0233912
0.503906 0.0664062 -0.0911094 0.00156564 -0.0909707 0.00197657 0.0233113
0.503906 0.0742188 -0.0997552 0.00175043 -0.0996214 0.00224643 0.0232075
0.503906 0.0820312 -0.108123 0.00192155 -0.107993 0.00250704 0.0230771
0.503906 0.0898438 -0.11625 0.00208335 -0.116121 0.00276203 0.0229173
0.503906 0.0976562 -0.124168 0.00224208 -0.124037 0.00301697 0.0227251
0.503906 0.105469 -0.131904 0.00240547 -0.131768 0.00327901 0.0224977
0.503906 0.113281 -0.139483 0.00258236 -0.139337 0.00355644 0.0222319
0.503906 0.121094 -0.146922 0.00278224 -0.146762 0.00385829 0.0219248
0.503906 0.128906 -0.154233 0.00301489 -0.154053 0.00419395 0.0215733
0.503906 0.136719 -0.161422 0.00329004 -0.161218 0.00457279 0.0211742
0.503906 0.144531 -0.168491 0.00361701 -0.168259 0.00500385 0.0207244
0.503906 0.152344 -0.175434 0.00400447 -0.17517 0.00549556 0.020221
0.503906 0.160156 -0.182243 0.00446018 -0.181943 0.0060555 0.0196608
0.503906 0.167969 -0.188904 0.0049908 -0.188564 0.00669021 0.0190411
0.503906 0.175781 -0.195398 0.00560188 -0.195018 0.00740517 0.0183592
0.503906 0.183594 -0.201706 0.00629757 -0.201282 0.00820457 0.0176121
0.503906 0.191406 -0.207804 0.00708191 -0.207335 0.00909261 0.016799
0.503906 0.199219 -0.213667 0.00795684 -0.21315 0.0100714 0.0159135
0.503906 0.207031 -0.219261 0.00893566 -0.218695 0.0111517 0.0149704
0.503906 0.214844 -0.224517 0.0100072 -0.223909 0.0123238 0.0139308
0.503906 0.222656 -0.229447 0.0111583 -0.228796 0.0135764 0.0128316
0.503906 0.230469 -0.234021 0.0123973 -0.233329 0.0149158 0.0116539
0.503906 0.238281 -0.238215 0.0137225 -0.23748 0.01634 0.0104059
0.503906 0.246094 -0.241997 0.0151316 -0.24122 0.017847 0.00907933
0.503906 0.253906 -0.245332 0.0166324 -0.244516 0.0194414 0.00769635
0.503906 0.261719 -0.248162 0.0182048 -0.247316 0.0211055 0.0062132
0.503906 0.269531 -0.250508 0.0198296 -0.249634 0.0228225 0.00468008
0.503906 0.277344 -0.252356 0.0215128 -0.251455 0.0245957 0.00307459
0.503906 0.285156 -0.253693 0.0232493 -0.252768 0.0264197 0.00141195
0.503906 0.292969 -0.254503 0.0250352 -0.253556 0.0282901 -0.000313079
0.503906 0.300781 -0.254768 0.0268712 -0.253803 0.0302056 -0.00208005
0.503906 0.308594 -0.254456 0.0287368 -0.253482 0.0321477 -0.00391659
0.503906 0.316406 -0.253602 0.0306138 -0.252623 0.0341001 -0.0057808
0.503906 0.324219 -0.252208 0.0325038 -0.251226 0.0360625 -0.00768686
0.503906 0.332031 -0.250285 0.0343992 -0.249304 0.0380271 -0.00962036
0.503906 0.339844 -0.24784 0.036297 -0.246862 0.0399902 -0.0115766
0.503906 0.347656 -0.244881 0.0381904 -0.243908 0.0419449 -0.0135517
0.503906 0.355469 -0.241417 0.0400767 -0.240454 0.0438873 -0.0155298
0.503906 0.363281 -0.237451 0.04194 -0.236505 0.0458032 -0.0175243
0.503906 0.371094 -0.233029 0.0437677 -0.232102 0.0476813 -0.0195041
0.503906 0.378906 -0.228173 0.04556 -0.227267 0.0495205 -0.021477
0.503906 0.386719 -0.222911 0.0473127 -0.222027 0.0513165 -0.0234283
0.503906 0.394531 -0.217263 0.0490235 -0.216403 0.0530668 -0.0253572
0.503906 0.402344 -0.211253 0.0506899 -0.21042 0.0547684 -0.0272513
0.503906 0.410156 -0.2049 0.0523038 -0.204096 0.0564142 -0.0291154
0.503906 0.417969 -0.198242 0.0538588 -0.197469 0.0579987 -0.0309315
0.503906 0.425781 -0.191309 0.0553552 -0.190567 0.0595216 -0.0327019
0.503906 0.433594 -0.184131 0.0567918 -0.18342 0.0609816 -0.0344176
0.503906 0.441406 -0.176734 0.0581692 -0.176055 0.0623795 -0.0360767
0.503906 0.449219 -0.169144 0.059488 -0.168496 0.0637157 -0.0376739
0.503906 0.457031 -0.161384 0.0607484 -0.160767 0.0649906 -0.0392072
0.503906 0.464844 -0.153478 0.0619512 -0.152891 0.0662051 -0.0406716
0.503906 0.472656 -0.145445 0.063096 -0.144888 0.0673591 -0.0420682
0.503906 0.480469 -0.137312 0.0641836 -0.136783 0.0684537 -0.0433903
0.503906 0.488281 -0.129096 0.0652171 -0.128595 0.069492 -0.044639
0.503906 0.496094 -0.120815 0.0661992 -0.120341 0.0704765 -0.0458112
0.503906 0.503906 -0.112486 0.0671331 -0.112036 0.0714105 -0.0469068
0.503906 0.511719 -0.104119 0.0680219 -0.103693 0.0722969 -0.0479245
0.503906 0.519531 -0.0957277 0.0688683 -0.0953225 0.0731386 -0.0488644
0.503906 0.527344 -0.0873202 0.069675 -0.0869355 0.0739383 -0.0497255
0.503906 0.535156 -0.0789043 0.070444 -0.0785391 0.0746979 -0.050509
0.503906 0.542969 -0.0704884 0.0711772 -0.0701415 0.0754195 -0.0512138
0.503906 0.550781 -0.0620781 0.071877 -0.0617487 0.0761054 -0.0518411
0.503906 0.558594 -0.0536789 0.0725452 -0.053366 0.0767573 -0.052391
0.503906 0.566406 -0.0452949 0.0731835 -0.0449979 0.0773767 -0.0528642
0.503906 0.574219 -0.0369297 0.0737931 -0.036648 0.077965 -0.0532617
0.503906 0.582031 -0.0285866 0.0743749 -0.02832 0.0785229 -0.0535842
0.503906 0.589844 -0.0202691 0.0749294 -0.0200174 0.0790509 -0.0538331
0.503906 0.597656 -0.0119814 0.0754565 -0.0117446 0.0795488 -0.0540093
0.503906 0.605469 -0.00372797 0.0759565 -0.00350619 0.080017 -0.0541138
0.503906 0.613281 0.00448392 0.0764284 0.00469049 0.0804542 -0.0541497
0.503906 0.621094 0.0126485 0.0768727 0.0128397 0.0808611 -0.0541185
0.503906 0.628906 0.0207646 0.0772884 0.0209401 0.0812368 -0.0540212
0.503906 0.636719 0.0288303 0.0776749 0.0289895 0.0815804 -0.0538601
0.503906 0.644531 0.0368437 0.0780307 0.0369858 0.0818904 -0.0536369
0.503906 0.652344 0.0448027 0.0783542 0.0449268 0.0821653 -0.053354
0.503906 0.660156 0.0527052 0.0786434 0.0528102 0.0824031 -0.0530135
0.503906 0.667969 0.0605487 0.0788962 0.0606335 0.0826015 -0.0526177
0.503906 0.675781 0.0683306 0.07911 0.0683938 0.0827579 -0.0521692
0.503906 0.683594 0.076048 0.079282 0.0760883 0.0828697 -0.0516702
0.503906 0.691406 0.0836979 0.0794094 0.0837137 0.0829339 -0.0511236
0.503906 0.699219 0.0912769 0.079489 0.0912667 0.0829474 -0.0505318
0.503906 0.707031 0.0987817 0.0795177 0.0987438 0.0829071 -0.0498978
0.503906 0.714844 0.106208 0.0794921 0.106141 0.0828097 -0.0492243
0.503906 0.722656 0.113554 0.0794089 0.113456 0.0826518 -0.0485145
0.503906 0.730469 0.120813 0.0792645 0.120683 0.08243 -0.0477715
0.503906 0.738281 0.127984 0.0790556 0.127819 0.082141 -0.0469984
0.503906 0.746094 0.135062 0.0787786 0.13486 0.0817811 -0.0461986
0.503906 0.753906 0.142044 0.0784299 0.141804 0.0813469 -0.0453755
0.503906 0.761719 0.148926 0.0780057 0.148647 0.0808348 -0.0445326
0.503906 0.769531 0.155707 0.0775023 0.155387 0.080241 -0.0436735
0.503906 0.777344 0.162386 0.0769157 0.162022 0.0795617 -0.0428016
0.503906 0.785156 0.168963 0.0762416 0.168553 0.0787927 -0.0419209
0.503906 0.792969 0.175441 0.0754752 0.174982 0.0779295 -0.0410349
0.503906 0.800781 0.181826 0.0746112 0.181316 0.0769668 -0.0401474
0.503906 0.808594 0.18813 0.0736434 0.187566 0.0758986 -0.0392621
0.503906 0.816406 0.194372 0.0725642 0.193749 0.0747178 -0.0383825
0.503906 0.824219 0.200581 0.0713648 0.199895 0.0734157 -0.0375123
0.503906 0.832031 0.206802 0.0700341 0.206047 0.0719818 -0.0366548
0.503906 0.839844 0.2131 0.0685586 0.212269 0.0704028 -0.0358131
0.503906 0.847656 0.219568 0.0669221 0.218651 0.0686629 -0.03499
0.503906 0.855469 0.226337 0.0651048 0.225325 0.0667427 -0.0341879
0.503906 0.863281 0.233587 0.0630832 0.232467 0.0646192 -0.0334085
0.503906 0.871094 0.241564 0.0608303 0.240321 0.0622658 -0.0326531
0.503906 0.878906 0.250591 0.0583163 0.249211 0.0596527 -0.0319221
0.503906 0.886719 0.26109 0.0555093 0.259556 0.0567482 -0.0312153
0.503906 0.894531 0.273595 0.0523779 0.271892 0.0535208 -0.0305314
0.503906 0.902344 0.28877 0.0488941 0.286886 0.0499423 -0.0298682
0.503906 0.910156 0.307413 0.0450386 0.305342 0.0459927 -0.0292223
0.503906 0.917969 0.330454 0.040806 0.328199 0.0416662 -0.0285895
0.503906 0.925781 0.358933 0.0362133 0.356509 0.0369787 -0.0279648
0.503906 0.933594 0.393949 0.0313076 0.39139 0.0319769 -0.0273429
0.503906 0.941406 0.436578 0.0261746 0.433937 0.026746 -0.0267218
0.503906 0.949219 0.487742 0.0209482 0.485099 0.0214198 -0.0260973
0.503906 0.957031 0.548037 0.0158083 0.545497 0.0161796 -0.0254822
0.503906 0.964844 0.617513 0.0109937 0.615201 0.0112668 -0.0248601
0.503906 0.972656 0.69546 0.00674771 0.693515 0.00692718 -0.0242997
0.503906 0.980469 0.780169 0.00339483 0.778709 0.0034992 -0.0236595
0.503906 0.988281 0.86916 0.00102366 0.868262 0.00105023 -0.0232616
0.503906 0.996094 0.956942 -3.47142e-05 0.956706 -4.67194e-05 -0.022755
