0.503906 0.00390625 -0.00609934 1.66428e-06 -0.00609663 2.80125e-06 0.0318692
0.503906 0.0117188 -0.0178166 -9.40325e-06 -0.017817 8.25616e-06 0.0318602
0.503906 0.0195312 -0.0291388 -5.02594e-05 -0.0291492 1.04426e-07 0.0318474
0.503906 0.0273438 -0.0401233 -0.000130919 -0.0401492 -3.47379e-05 0.0318267
0.503906 0.0351562 -0.0508331 -0.000259465 -0.0508781 -0.000105122 0.0317976
0.503906 0.0429688 -0.0613234 -0.000440087 -0.0613896 -0.000216797 0.0317569
0.503906 0.0507812 -0.071648 -0.000673954 -0.0717355 -0.000371995 0.0317021
0.503906 0.0585938 -0.0818563 -0.000958897 -0.081964 -0.000569657 0.0316296
0.503906 0.0664062 -0.0919949 -0.00128979 -0.0921198 -0.000805597 0.0315357
0.503906 0.0742188 -0.102106 -0.00165875 -0.102244 -0.00107278 0.0314161
0.503906 0.0820312 -0.112226 -0.00205549 -0.112372 -0.00136166 0.0312663
0.503906 0.0898438 -0.122388 -0.00246769 -0.122535 -0.00166058 0.0310812
0.503906 0.0976562 -0.132615 -0.00288143 -0.132757 -0.00195616 0.0308554
0.503906 0.105469 -0.142926 -0.00328165 -0.143054 -0.0022338 0.0305831
0.503906 0.113281 -0.153328 -0.00365255 -0.153436 -0.00247812 0.0302578
0.503906 0.121094 -0.163822 -0.00397806 -0.163902 -0.00267339 0.0298732
0.503906 0.128906 -0.174399 -0.00424225 -0.174442 -0.00280399 0.0294221
0.503906 0.136719 -0.185037 -0.0044297 -0.185037 -0.00285478 0.0288973
0.503906 0.144531 -0.195709 -0.00452587 -0.195658 -0.00281153 0.0282913
0.503906 0.152344 -0.206374 -0.00451743 -0.206266 -0.00266119 0.0275964
0.503906 0.160156 -0.216983 -0.00439247 -0.216813 -0.0023922 0.0268051
0.503906 0.167969 -0.22748 -0.00414079 -0.227244 -0.00199472 0.0259098
0.503906 0.175781 -0.2378 -0.00375404 -0.237494 -0.00146084 0.0249033
0.503906 0.183594 -0.247873 -0.00322591 -0.247494 -0.000784745 0.0237788
0.503906 0.191406 -0.257621 -0.00255224 -0.257169 3.71999e-05 0.0225304
0.503906 0.199219 -0.266967 -0.00173108 -0.266442 0.00100633 0.0211527
0.503906 0.207031 -0.27583 -0.000762782 -0.275232 0.00212165 0.0196418
0.503906 0.214844 -0.284128 0.000349999 -0.283461 0.00337982 0.0179947
0.503906 0.222656 -0.291785 0.00160233 -0.291051 0.0047752 0.01621
0.503906 0.230469 -0.298724 0.00298704 -0.297928 0.00629992 0.0142882
0.503906 0.238281 -0.304876 0.00449486 -0.304024 0.00794398 0.012231
0.503906 0.246094 -0.310182 0.00611456 -0.309279 0.00969549 0.0100423
0.503906 0.253906 -0.314586 0.00783315 -0.313641 0.0115408 0.00772782
0.503906 0.261719 -0.318048 0.00963617 -0.317068 0.013465 0.00529488
0.503906 0.269531 -0.320536 0.011508 -0.319529 0.0154517 0.00275268
0.503906 0.277344 -0.32203 0.0134321 -0.321005 0.0174842 0.000111933
0.503906 0.285156 -0.322523 0.0153915 -0.321489 0.0195451 -0.00261523
0.503906 0.292969 -0.322021 0.0173693 -0.320987 0.0216173 -0.00541553
0.503906 0.300781 -0.320541 0.0193487 -0.319514 0.0236837 -0.00827483
0.503906 0.308594 -0.318113 0.0213137 -0.317101 0.0257284 -0.0111784
0.503906 0.316406 -0.314774 0.0232493 -0.313785 0.0277363 -0.0141112
0.503906 0.324219 -0.310575 0.0251418 -0.309615 0.0296941 -0.0170581
0.503906 0.332031 -0.305571 0.0269793 -0.304645 0.0315898 -0.0200045
0.503906 0.339844 -0.299824 0.0287515 -0.298937 0.0334134 -0.0229363
0.503906 0.347656 -0.293402 0.0304501 -0.292557 0.0351571 -0.0258399
0.503906 0.355469 -0.286375 0.0320689 -0.285574 0.0368148 -0.0287029
0.503906 0.363281 -0.278813 0.0336036 -0.278058 0.0383828 -0.0315141
0.503906 0.371094 -0.270788 0.035052 -0.270079 0.0398592 -0.0342632
0.503906 0.378906 -0.262368 0.0364136 -0.261705 0.0412439 -0.0369414
0.503906 0.386719 -0.25362 0.0376898 -0.253001 0.0425388 -0.0395411
0.503906 0.394531 -0.244605 0.0388834 -0.244029 0.043747 -0.0420559
0.503906 0.402344 -0.235382 0.0399986 -0.234845 0.0448732 -0.0444807
0.503906 0.410156 -0.226003 0.0410406 -0.225502 0.045923 -0.0468113
0.503906 0.417969 -0.216513 0.0420156 -0.216045 0.046903 -0.0490447
0.503906 0.425781 -0.206954 0.0429305 -0.206516 0.0478201 -0.0511789
0.503906 0.433594 -0.19736 0.0437923 -0.196948 0.048682 -0.0532125
0.503906 0.441406 -0.18776 0.0446084 -0.18737 0.0494962 -0.0551448
0.503906 0.449219 -0.178178 0.0453864 -0.177806 0.0502705 -0.0569758
0.503906 0.457031 -0.168631 0.0461334 -0.168273 0.0510122 -0.0587058
0.503906 0.464844 -0.159134 0.0468565 -0.158787 0.0517286 -0.0603357
0.503906 0.472656 -0.149694 0.0475621 -0.149355 0.0524263 -0.0618665
0.503906 0.480469 -0.140319 0.0482564 -0.139984 0.0531116 -0.0632993
0.503906 0.488281 -0.131008 0.0489448 -0.130676 0.0537899 -0.0646356
0.503906 0.496094 -0.121762 0.0496322 -0.12143 0.0544661 -0.0658767
0.503906 0.503906 -0.112578 0.0503227 -0.112244 0.0551447 -0.0670241
0.503906 0.511719 -0.103451 0.05102 -0.103113 0.055829 -0.0680791
0.503906 0.519531 -0.0943744 0.0517269 -0.0940311 0.056522 -0.0690432
0.503906 0.527344 -0.0853407 0.0524456 -0.0849915 0.0572258 -0.0699175
0.503906 0.535156 -0.0763421 0.0531778 -0.0759863 0.057942 -0.0707034
0.503906 0.542969 -0.0673702 0.0539242 -0.0670076 0.0586716 -0.0714018
0.503906 0.550781 -0.0584165 0.0546855 -0.058047 0.0594148 -0.0720139
0.503906 0.558594 -0.0494726 0.0554615 -0.0490965 0.0601715 -0.0725405
0.503906 0.566406 -0.0405305 0.0562516 -0.0401482 0.0609411 -0.0729826
0.503906 0.574219 -0.0315827 0.0570547 -0.0311949 0.0617224 -0.0733408
0.503906 0.582031 -0.022622 0.0578694 -0.0222296 0.0625138 -0.073616
0.503906 0.589844 -0.0136424 0.0586938 -0.0132465 0.0633133 -0.0738087
0.503906 0.597656 -0.00463826 0.0595258 -0.00424001 0.0641187 -0.0739198
0.503906 0.605469 0.00439498 0.0603629 0.00479416 0.0649274 -0.0739499
0.503906 0.613281 0.013461 0.0612022 0.0138596 0.0657364 -0.0738997
0.503906 0.621094 0.0225626 0.0620407 0.0229589 0.0665426 -0.0737699
0.503906 0.628906 0.0317015 0.0628752 0.0320938 0.0673424 -0.0735613
0.503906 0.636719 0.0408785 0.063702 0.0412648 0.0681323 -0.0732749
0.503906 0.644531 0.0500932 0.0645174 0.0504716 0.0689083 -0.0729117
0.503906 0.652344 0.0593445 0.0653175 0.0597128 0.0696664 -0.0724727
0.503906 0.660156 0.0686298 0.066098 0.068986 0.0704022 -0.0719594
0.503906 0.667969 0.077946 0.0668548 0.0782877 0.0711113 -0.0713731
0.503906 0.675781 0.0872884 0.0675832 0.0876133 0.071789 -0.0707156
0.503906 0.683594 0.0966517 0.0682787 0.0969572 0.0724305 -0.0699886
0.503906 0.691406 0.106029 0.0689362 0.106313 0.0730309 -0.0691945
0.503906 0.699219 0.115413 0.069551 0.115673 0.073585 -0.0683354
0.503906 0.707031 0.124796 0.0701177 0.125028 0.0740876 -0.067414
0.503906 0.714844 0.134167 0.0706313 0.13437 0.0745334 -0.0664332
0.503906 0.722656 0.143516 0.0710862 0.143687 0.0749168 -0.0653963
0.503906 0.730469 0.152833 0.0714771 0.152967 0.0752322 -0.0643067
0.503906 0.738281 0.162103 0.0717984 0.1622 0.0754742 -0.0631683
0.503906 0.746094 0.171316 0.0720443 0.171372 0.0756369 -0.061985
0.503906 0.753906 0.180457 0.0722092 0.180469 0.0757146 -0.0607614
0.503906 0.761719 0.189512 0.0722873 0.189477 0.0757015 -0.0595022
0.503906 0.769531 0.198467 0.0722727 0.198382 0.0755917 -0.0582124
0.503906 0.777344 0.207307 0.0721594 0.20717 0.0753792 -0.0568972
0.503906 0.785156 0.216021 0.0719411 0.215828 0.0750579 -0.0555621
0.503906 0.792969 0.224594 0.0716113 0.224342 0.0746215 -0.0542131
0.503906 0.800781 0.233017 0.0711633 0.232702 0.0740632 -0.0528559
0.503906 0.808594 0.241283 0.0705894 0.240902 0.0733757 -0.0514966
0.503906 0.816406 0.249392 0.0698811 0.24894 0.0725509 -0.0501415
0.503906 0.824219 0.25735 0.0690288 0.256822 0.0715793 -0.0487966
0.503906 0.832031 0.265179 0.0680209 0.264569 0.0704499 -0.047468
0.503906 0.839844 0.272916 0.0668437 0.272217 0.0691493 -0.0461616
0.503906 0.847656 0.280626 0.0654806 0.279828 0.0676616 -0.0448829
0.503906 0.855469 0.288408 0.0639115 0.287502 0.0659671 -0.0436369
0.503906 0.863281 0.29641 0.0621127 0.295382 0.0640427 -0.042428
0.503906 0.871094 0.304842 0.0600566 0.303678 0.0618614 -0.0412598
0.503906 0.878906 0.313994 0.0577122 0.312678 0.0593924 -0.0401351
0.503906 0.886719 0.324253 0.0550466 0.322769 0.0566032 -0.0390552
0.503906 0.894531 0.33612 0.0520272 0.334453 0.0534613 -0.0380209
0.503906 0.902344 0.350227 0.0486257 0.348364 0.049938 -0.0370312
0.503906 0.910156 0.367339 0.0448234 0.365275 0.0460143 -0.0360848
0.503906 0.917969 0.388345 0.0406179 0.386084 0.0416873 -0.035179
0.503906 0.925781 0.414235 0.0360315 0.411798 0.0369786 -0.0343115
0.503906 0.933594 0.446046 0.0311196 0.443469 0.031943 -0.0334792
0.503906 0.941406 0.484773 0.0259781 0.482116 0.0266765 -0.0326813
0.503906 0.949219 0.531254 0.0207506 0.528602 0.0213232 -0.0319158
0.503906 0.957031 0.58602 0.0156263 0.58348 0.0160741 -0.0311887
0.503906 0.964844 0.649116 0.0108414 0.646812 0.0111684 -0.0304946
0.503906 0.972656 0.719927 0.00664772 0.717993 0.00686254 -0.0298645
0.503906 0.980469 0.797039 0.00332198 0.795597 0.00344017 -0.0292533
0.503906 0.988281 0.878169 0.00103986 0.877306 0.00108323 -0.0288022
0.503906 0.996094 0.960267 1.77488e-05 0.960008 2.08671e-05 -0.0282196
