0.00390625 0.503906 -5.73429e-06 0.0159262 -7.48067e-06 0.0158734 0.0142591
0.0117188 0.503906 -0.000191689 0.0450484 -0.000216245 0.0448776 0.014164
0.0195312 0.503906 -0.000617724 0.0715762 -0.000685855 0.0712769 0.0140923
0.0273438 0.503906 -0.00128924 0.0956243 -0.00141621 0.0951891 0.0139882
0.0351562 0.503906 -0.0022278 0.117335 -0.00242669 0.11676 0.0138679
0.0429688 0.503906 -0.00343737 0.136858 -0.00371814 0.136142 0.0137161
0.0507812 0.503906 -0.00491847 0.154359 -0.00528884 0.153507 0.0135306
0.0585938 0.503906 -0.00666286 0.170013 -0.00712844 0.16903 0.0133041
0.0664062 0.503906 -0.008657 0.184 -0.00922178 0.182896 0.0130317
0.0742188 0.503906 -0.0108823 0.1965 -0.0115489 0.195284 0.0127082
0.0820312 0.503906 -0.0133165 0.207688 -0.0140866 0.206374 0.0123293
0.0898438 0.503906 -0.0159354 0.217732 -0.0168099 0.216331 0.0118911
0.0976562 0.503906 -0.0187133 0.226783 -0.0196927 0.225309 0.01139
0.105469 0.503906 -0.0216243 0.234978 -0.022709 0.233444 0.0108229
0.113281 0.503906 -0.0246434 0.242435 -0.0258335 0.240853 0.0101871
0.121094 0.503906 -0.0277465 0.249254 -0.0290421 0.247636 0.00947992
0.128906 0.503906 -0.0309112 0.255513 -0.0323126 0.253869 0.00869929
0.136719 0.503906 -0.0341168 0.261273 -0.0356244 0.259613 0.00784317
0.144531 0.503906 -0.0373448 0.266577 -0.0389591 0.26491 0.00690988
0.152344 0.503906 -0.0405783 0.271453 -0.0422999 0.269786 0.005898
0.160156 0.503906 -0.0438023 0.275916 -0.045632 0.274257 0.00480642
0.167969 0.503906 -0.0470036 0.279969 -0.0489421 0.278324 0.00363441
0.175781 0.503906 -0.0501701 0.283608 -0.0522181 0.281983 0.00238164
0.183594 0.503906 -0.0532914 0.286821 -0.0554495 0.28522 0.00104823
0.191406 0.503906 -0.0563579 0.289593 -0.0586267 0.288021 -0.00036518
0.199219 0.503906 -0.059361 0.291904 -0.0617409 0.290366 -0.00185744
0.207031 0.503906 -0.0622932 0.293736 -0.0647842 0.292235 -0.00342679
0.214844 0.503906 -0.0651474 0.295068 -0.0677494 0.293608 -0.00507089
0.222656 0.503906 -0.0679174 0.295884 -0.07063 0.294467 -0.00678677
0.230469 0.503906 -0.0705977 0.296166 -0.0734202 0.294795 -0.00857084
0.238281 0.503906 -0.0731833 0.2959 -0.0761147 0.294578 -0.0104189
0.246094 0.503906 -0.0756701 0.295077 -0.0787088 0.293806 -0.0123261
0.253906 0.503906 -0.0780543 0.293689 -0.0811987 0.29247 -0.0142871
0.261719 0.503906 -0.0803332 0.291732 -0.0835812 0.290568 -0.016296
0.269531 0.503906 -0.0825047 0.289208 -0.0858538 0.288099 -0.0183463
0.277344 0.503906 -0.0845675 0.28612 -0.0880149 0.285066 -0.0204314
0.285156 0.503906 -0.0865209 0.282476 -0.0900635 0.281479 -0.022544
0.292969 0.503906 -0.0883652 0.278289 -0.0919996 0.277348 -0.0246767
0.300781 0.503906 -0.0901015 0.273574 -0.0938239 0.272688 -0.026822
0.308594 0.503906 -0.0917315 0.268349 -0.0955381 0.267517 -0.0289722
0.316406 0.503906 -0.0932578 0.262636 -0.0971444 0.261857 -0.0311195
0.324219 0.503906 -0.0946837 0.256459 -0.0986459 0.255731 -0.0332563
0.332031 0.503906 -0.096013 0.249845 -0.100046 0.249166 -0.0353751
0.339844 0.503906 -0.0972504 0.242821 -0.10135 0.242189 -0.0374686
0.347656 0.503906 -0.0984008 0.235419 -0.102563 0.234831 -0.0395298
0.355469 0.503906 -0.0994699 0.227667 -0.103689 0.22712 -0.0415521
0.363281 0.503906 -0.100464 0.219598 -0.104735 0.219089 -0.0435291
0.371094 0.503906 -0.101388 0.211242 -0.105708 0.210769 -0.0454552
0.378906 0.503906 -0.10225 0.202631 -0.106613 0.20219 -0.0473249
0.386719 0.503906 -0.103055 0.193796 -0.107457 0.193383 -0.0491333
0.394531 0.503906 -0.103811 0.184766 -0.108248 0.184378 -0.0508761
0.402344 0.503906 -0.104524 0.175568 -0.108991 0.175202 -0.0525494
0.410156 0.503906 -0.1052 0.16623 -0.109694 0.165882 -0.0541499
0.417969 0.503906 -0.105847 0.156777 -0.110364 0.156444 -0.0556746
0.425781 0.503906 -0.10647 0.147231 -0.111006 0.14691 -0.0571211
0.433594 0.503906 -0.107075 0.137615 -0.111628 0.137302 -0.0584875
0.441406 0.503906 -0.107669 0.127945 -0.112234 0.127639 -0.0597721
0.449219 0.503906 -0.108256 0.118241 -0.112832 0.117938 -0.0609737
0.457031 0.503906 -0.108841 0.108516 -0.113425 0.108214 -0.0620915
0.464844 0.503906 -0.10943 0.0987836 -0.11402 0.0984795 -0.0631249
0.472656 0.503906 -0.110028 0.0890543 -0.114621 0.088746 -0.0640736
0.480469 0.503906 -0.110637 0.0793372 -0.115232 0.0790226 -0.0649376
0.488281 0.503906 -0.111263 0.0696395 -0.115858 0.0693165 -0.0657171
0.496094 0.503906 -0.111909 0.0599666 -0.116503 0.0596334 -0.0664124
0.503906 0.503906 -0.112578 0.0503227 -0.11717 0.0499774 -0.0670241
0.511719 0.503906 -0.113275 0.0407104 -0.117864 0.0403514 -0.0675528
0.519531 0.503906 -0.114 0.031131 -0.118586 0.0307565 -0.0679992
0.527344 0.503906 -0.114759 0.0215846 -0.119341 0.0211931 -0.0683641
0.535156 0.503906 -0.115554 0.0120703 -0.120131 0.0116602 -0.0686486
0.542969 0.503906 -0.116387 0.00258612 -0.120961 0.00215589 -0.0688534
0.550781 0.503906 -0.117263 -0.00687079 -0.121832 -0.00732287 -0.0689796
0.558594 0.503906 -0.118183 -0.0163043 -0.122749 -0.0167799 -0.0690282
0.566406 0.503906 -0.119152 -0.025719 -0.123715 -0.0262201 -0.0690001
0.574219 0.503906 -0.120173 -0.0351207 -0.124733 -0.0356492 -0.0688963
0.582031 0.503906 -0.12125 -0.044516 -0.125809 -0.0450739 -0.0687178
0.589844 0.503906 -0.122387 -0.0539125 -0.126945 -0.0545022 -0.0684656
0.597656 0.503906 -0.123589 -0.063319 -0.128148 -0.0639431 -0.0681403
0.605469 0.503906 -0.124861 -0.0727455 -0.129422 -0.0734068 -0.067743
0.613281 0.503906 -0.126209 -0.0822037 -0.130774 -0.0829052 -0.0672742
0.621094 0.503906 -0.127638 -0.0917066 -0.132209 -0.0924515 -0.0667345
0.628906 0.503906 -0.129157 -0.101269 -0.133734 -0.102061 -0.0661244
0.636719 0.503906 -0.130771 -0.110908 -0.135356 -0.11175 -0.0654443
0.644531 0.503906 -0.132489 -0.120642 -0.137083 -0.121539 -0.0646943
0.652344 0.503906 -0.134318 -0.130493 -0.138923 -0.131448 -0.0638743
0.660156 0.503906 -0.136267 -0.140483 -0.140883 -0.141501 -0.0629839
0.667969 0.503906 -0.138344 -0.15064 -0.142971 -0.151724 -0.0620227
0.675781 0.503906 -0.140555 -0.160992 -0.145194 -0.162145 -0.0609897
0.683594 0.503906 -0.142909 -0.171568 -0.147558 -0.172793 -0.0598837
0.691406 0.503906 -0.14541 -0.182403 -0.150068 -0.183701 -0.0587031
0.699219 0.503906 -0.148062 -0.193528 -0.152726 -0.194901 -0.057446
0.707031 0.503906 -0.150867 -0.204977 -0.155532 -0.206424 -0.0561101
0.714844 0.503906 -0.153821 -0.216785 -0.158482 -0.218302 -0.0546925
0.722656 0.503906 -0.156918 -0.228981 -0.161566 -0.230562 -0.0531901
0.730469 0.503906 -0.160145 -0.241592 -0.16477 -0.243228 -0.0515995
0.738281 0.503906 -0.163482 -0.254636 -0.168071 -0.256313 -0.049917
0.746094 0.503906 -0.1669 -0.268122 -0.171439 -0.269823 -0.0481388
0.753906 0.503906 -0.170361 -0.282045 -0.174833 -0.283746 -0.0462611
0.761719 0.503906 -0.173816 -0.296382 -0.178199 -0.298054 -0.0442803
0.769531 0.503906 -0.177204 -0.311086 -0.181473 -0.312693 -0.0421935
0.777344 0.503906 -0.180447 -0.326084 -0.184577 -0.327583 -0.0399988
0.785156 0.503906 -0.183456 -0.341269 -0.187418 -0.34261 -0.0376956
0.792969 0.503906 -0.186127 -0.356495 -0.18989 -0.357621 -0.0352854
0.800781 0.503906 -0.188341 -0.371573 -0.191871 -0.372421 -0.0327722
0.808594 0.503906 -0.189966 -0.386268 -0.193232 -0.386769 -0.0301633
0.816406 0.503906 -0.190861 -0.400295 -0.193832 -0.400378 -0.0274701
0.824219 0.503906 -0.19088 -0.413321 -0.193527 -0.412914 -0.0247084
0.832031 0.503906 -0.189877 -0.424966 -0.192173 -0.424 -0.0218993
0.839844 0.503906 -0.18771 -0.434813 -0.189638 -0.433224 -0.0190691
0.847656 0.503906 -0.184255 -0.442418 -0.185803 -0.440154 -0.0162495
0.855469 0.503906 -0.179411 -0.447325 -0.180576 -0.444348 -0.0134773
0.863281 0.503906 -0.173112 -0.449088 -0.173902 -0.445381 -0.0107931
0.871094 0.503906 -0.165335 -0.447295 -0.16577 -0.442866 -0.00823984
0.878906 0.503906 -0.156112 -0.441596 -0.15622 -0.436481 -0.00586111
0.886719 0.503906 -0.145529 -0.431734 -0.145351 -0.425996 -0.00369825
0.894531 0.503906 -0.133737 -0.417564 -0.133322 -0.411299 -0.00178789
0.902344 0.503906 -0.120947 -0.399084 -0.120349 -0.392413 -0.000159213
0.910156 0.503906 -0.107423 -0.376442 -0.1067 -0.369511 0.00116843
0.917969 0.503906 -0.0934737 -0.349948 -0.0926847 -0.342917 0.00218695
0.925781 0.503906 -0.0794389 -0.320057 -0.0786383 -0.313099 0.00290078
0.933594 0.503906 -0.0656719 -0.287362 -0.0649077 -0.280649 0.0033253
0.941406 0.503906 -0.0525212 -0.252558 -0.0518327 -0.246253 0.00348824
0.949219 0.503906 -0.0403166 -0.216408 -0.0397319 -0.210663 0.00342069
0.957031 0.503906 -0.029349 -0.179706 -0.0288847 -0.17465 0.00316983
0.964844 0.503906 -0.0198728 -0.143236 -0.0195334 -0.138974 0.00275876
0.972656 0.503906 -0.012072 -0.107734 -0.0118511 -0.104347 0.00227035
0.980469 0.503906 -0.00612528 -0.0738563 -0.00600549 -0.0714009 0.00163942
0.988281 0.503906 -0.0020569 -0.0421634 -0.00201359 -0.0406753 0.00113356
0.996094 0.503906 -0.000107031 -0.0130733 -0.000103972 -0.0125731 0.000211894
