0.671875 0.741985
0.67185 0.742188

0.67185 0.742188
0.671557 0.746094

0.671557 0.746094
0.67146 0.75

0.67146 0.75
0.671557 0.753906

0.671557 0.753906
0.67185 0.757812

0.671875 0.758015
0.67185 0.757812

0.675781 0.724387
0.675036 0.726562

0.675041 0.726562
0.673928 0.730469

0.673574 0.730469
0.672675 0.734375

0.672935 0.734375
0.672242 0.738281

0.671875 0.741982
0.67234 0.738281

0.671875 0.758018
0.67234 0.761719

0.672242 0.761719
0.672935 0.765625

0.672675 0.765625
0.673574 0.769531

0.673928 0.769531
0.675041 0.773438

0.675781 0.775613
0.675036 0.773438

0.679688 0.715024
0.677943 0.71875

0.677868 0.71875
0.676291 0.722656

0.675781 0.724382
0.676373 0.722656

0.675781 0.775618
0.676373 0.777344

0.676291 0.777344
0.677868 0.78125

0.679688 0.784976
0.677943 0.78125

0.683594 0.708112
0.681856 0.710938

0.681867 0.710938
0.679768 0.714844

0.679688 0.715014
0.679767 0.714844

0.679688 0.784986
0.679767 0.785156

0.679768 0.785156
0.681867 0.789062

0.683594 0.791888
0.681856 0.789062

0.6875 0.702448
0.686989 0.703125

0.686993 0.703125
0.684256 0.707031

0.683594 0.708103
0.684253 0.707031

0.683594 0.791897
0.684253 0.792969

0.684256 0.792969
0.686993 0.796875

0.6875 0.797552
0.686989 0.796875

0.691406 0.697716
0.6901 0.699219

0.6875 0.702466
0.690085 0.699219

0.6875 0.797534
0.690085 0.800781

0.691406 0.802284
0.6901 0.800781

0.695312 0.693644
0.693644 0.695312

0.691406 0.697738
0.693627 0.695312

0.691406 0.802262
0.693627 0.804688

0.695312 0.806356
0.693644 0.804688

0.699219 0.6901
0.697716 0.691406

0.695312 0.693627
0.697738 0.691406

0.695312 0.806373
0.697738 0.808594

0.699219 0.8099
0.697716 0.808594

0.703125 0.686989
0.702448 0.6875

0.699219 0.690085
0.702466 0.6875

0.699219 0.809915
0.702466 0.8125

0.703125 0.813011
0.702448 0.8125

0.703125 0.686993
0.707031 0.684256

0.703125 0.813007
0.707031 0.815744

0.710938 0.681856
0.708112 0.683594

0.707031 0.684253
0.708103 0.683594

0.707031 0.815747
0.708103 0.816406

0.710938 0.818144
0.708112 0.816406

0.710938 0.681867
0.714844 0.679768

0.710938 0.818133
0.714844 0.820232

0.71875 0.677943
0.715024 0.679688

0.714844 0.679767
0.715014 0.679688

0.714844 0.820233
0.715014 0.820312

0.71875 0.822057
0.715024 0.820312

0.71875 0.677868
0.722656 0.676291

0.71875 0.822132
0.722656 0.823709

0.726562 0.675036
0.724387 0.675781

0.722656 0.676373
0.724382 0.675781

0.722656 0.823627
0.724382 0.824219

0.726562 0.824964
0.724387 0.824219

0.726562 0.675041
0.730469 0.673928

0.726562 0.824959
0.730469 0.826072

0.730469 0.673574
0.734375 0.672675

0.730469 0.826426
0.734375 0.827325

0.734375 0.672935
0.738281 0.672242

0.734375 0.827065
0.738281 0.827758

0.742188 0.67185
0.741985 0.671875

0.738281 0.67234
0.741982 0.671875

0.738281 0.82766
0.741982 0.828125

0.742188 0.82815
0.741985 0.828125

0.742188 0.67185
0.746094 0.671557

0.742188 0.82815
0.746094 0.828443

0.746094 0.671557
0.75 0.67146

0.746094 0.828443
0.75 0.82854

0.75 0.67146
0.753906 0.671557

0.75 0.82854
0.753906 0.828443

0.753906 0.671557
0.757812 0.67185

0.753906 0.828443
0.757812 0.82815

0.757812 0.67185
0.758015 0.671875

0.761719 0.67234
0.758018 0.671875

0.761719 0.82766
0.758018 0.828125

0.757812 0.82815
0.758015 0.828125

0.761719 0.672242
0.765625 0.672935

0.761719 0.827758
0.765625 0.827065

0.765625 0.672675
0.769531 0.673574

0.765625 0.827325
0.769531 0.826426

0.769531 0.673928
0.773438 0.675041

0.769531 0.826072
0.773438 0.824959

0.773438 0.675036
0.775613 0.675781

0.777344 0.676373
0.775618 0.675781

0.777344 0.823627
0.775618 0.824219

0.773438 0.824964
0.775613 0.824219

0.777344 0.676291
0.78125 0.677868

0.777344 0.823709
0.78125 0.822132

0.78125 0.677943
0.784976 0.679688

0.785156 0.679767
0.784986 0.679688

0.785156 0.820233
0.784986 0.820312

0.78125 0.822057
0.784976 0.820312

0.785156 0.679768
0.789062 0.681867

0.785156 0.820232
0.789062 0.818133

0.789062 0.681856
0.791888 0.683594

0.792969 0.684253
0.791897 0.683594

0.792969 0.815747
0.791897 0.816406

0.789062 0.818144
0.791888 0.816406

0.792969 0.684256
0.796875 0.686993

0.792969 0.815744
0.796875 0.813007

0.796875 0.686989
0.797552 0.6875

0.800781 0.690085
0.797534 0.6875

0.800781 0.809915
0.797534 0.8125

0.796875 0.813011
0.797552 0.8125

0.800781 0.6901
0.802284 0.691406

0.804688 0.693627
0.802262 0.691406

0.804688 0.806373
0.802262 0.808594

0.800781 0.8099
0.802284 0.808594

0.804688 0.693644
0.806356 0.695312

0.808594 0.697738
0.806373 0.695312

0.808594 0.802262
0.806373 0.804688

0.804688 0.806356
0.806356 0.804688

0.808594 0.697716
0.8099 0.699219

0.8125 0.702466
0.809915 0.699219

0.8125 0.797534
0.809915 0.800781

0.808594 0.802284
0.8099 0.800781

0.8125 0.702448
0.813011 0.703125

0.813007 0.703125
0.815744 0.707031

0.816406 0.708103
0.815747 0.707031

0.816406 0.791897
0.815747 0.792969

0.815744 0.792969
0.813007 0.796875

0.8125 0.797552
0.813011 0.796875

0.816406 0.708112
0.818144 0.710938

0.818133 0.710938
0.820232 0.714844

0.820312 0.715014
0.820233 0.714844

0.820312 0.784986
0.820233 0.785156

0.820232 0.785156
0.818133 0.789062

0.816406 0.791888
0.818144 0.789062

0.820312 0.715024
0.822057 0.71875

0.822132 0.71875
0.823709 0.722656

0.824219 0.724382
0.823627 0.722656

0.824219 0.775618
0.823627 0.777344

0.823709 0.777344
0.822132 0.78125

0.820312 0.784976
0.822057 0.78125

0.824219 0.724387
0.824964 0.726562

0.824959 0.726562
0.826072 0.730469

0.826426 0.730469
0.827325 0.734375

0.827065 0.734375
0.827758 0.738281

0.828125 0.741982
0.82766 0.738281

0.828125 0.758018
0.82766 0.761719

0.827758 0.761719
0.827065 0.765625

0.827325 0.765625
0.826426 0.769531

0.826072 0.769531
0.824959 0.773438

0.824219 0.775613
0.824964 0.773438

0.828125 0.741985
0.82815 0.742188

0.82815 0.742188
0.828443 0.746094

0.828443 0.746094
0.82854 0.75

0.82854 0.75
0.828443 0.753906

0.828443 0.753906
0.82815 0.757812

0.828125 0.758015
0.82815 0.757812

