0.539044 0.585938
0.537641 0.589844

0.537733 0.589844
0.536993 0.59375

0.53586 0.59375
0.535715 0.597656

0.535753 0.597656
0.538252 0.601562

0.539062 0.602182
0.538247 0.601562

0.542969 0.579579
0.541347 0.582031

0.541247 0.582031
0.539089 0.585938

0.539062 0.586007
0.539088 0.585938

0.539062 0.602188
0.542969 0.603022

0.546875 0.573702
0.546609 0.574219

0.546576 0.574219
0.544094 0.578125

0.542969 0.579661
0.543985 0.578125

0.546875 0.600152
0.544711 0.601562

0.542969 0.602505
0.544669 0.601562

0.550781 0.564347
0.550052 0.566406

0.550133 0.566406
0.548578 0.570312

0.546875 0.573723
0.54863 0.570312

0.550781 0.594588
0.548843 0.597656

0.546875 0.599969
0.548961 0.597656

0.554688 0.555077
0.552783 0.558594

0.552822 0.558594
0.55127 0.5625

0.550781 0.564276
0.55141 0.5625

0.554688 0.586376
0.552952 0.589844

0.553006 0.589844
0.551068 0.59375

0.550781 0.594388
0.551152 0.59375

0.558594 0.550048
0.557935 0.550781

0.557836 0.550781
0.55486 0.554688

0.554688 0.554959
0.554835 0.554688

0.558594 0.579546
0.557039 0.582031

0.557029 0.582031
0.554865 0.585938

0.554688 0.586313
0.554876 0.585938

0.5625 0.546212
0.561816 0.546875

0.558594 0.550078
0.561657 0.546875

0.5625 0.573813
0.562198 0.574219

0.562214 0.574219
0.559485 0.578125

0.558594 0.579513
0.559462 0.578125

0.566406 0.542372
0.565802 0.542969

0.5625 0.546204
0.565835 0.542969

0.566406 0.568935
0.56526 0.570312

0.5625 0.573821
0.565232 0.570312

0.570312 0.538443
0.56967 0.539062

0.566406 0.542358
0.569795 0.539062

0.570312 0.564565
0.568629 0.566406

0.566406 0.568955
0.568596 0.566406

0.574219 0.534996
0.574027 0.535156

0.570312 0.538445
0.573993 0.535156

0.574219 0.560563
0.572283 0.5625

0.570312 0.564573
0.572286 0.5625

0.574219 0.535001
0.578125 0.531922

0.578125 0.556907
0.576253 0.558594

0.574219 0.56057
0.576312 0.558594

0.582031 0.529034
0.579185 0.53125

0.578125 0.532019
0.57915 0.53125

0.582031 0.553669
0.580761 0.554688

0.578125 0.556913
0.580786 0.554688

0.585938 0.525738
0.584023 0.527344

0.582031 0.528998
0.584064 0.527344

0.585938 0.550726
0.585862 0.550781

0.582031 0.553676
0.585826 0.550781

0.589844 0.522237
0.588395 0.523438

0.585938 0.525681
0.588609 0.523438

0.585938 0.550725
0.589844 0.547917

0.59375 0.519312
0.593405 0.519531

0.589844 0.522213
0.593596 0.519531

0.59375 0.545227
0.591317 0.546875

0.589844 0.547924
0.591394 0.546875

0.59375 0.519335
0.597656 0.51746

0.597656 0.542818
0.597397 0.542969

0.59375 0.545216
0.597458 0.542969

0.597656 0.517714
0.601562 0.516195

0.597656 0.542827
0.601562 0.540851

0.605469 0.514437
0.603081 0.515625

0.601562 0.516241
0.602802 0.515625

0.601562 0.540935
0.605469 0.539225

0.609375 0.511644
0.609254 0.511719

0.605469 0.514333
0.609375 0.511989

0.609375 0.537543
0.60598 0.539062

0.605469 0.539272
0.605936 0.539062

0.609375 0.511648
0.613281 0.509677

0.609375 0.511909
0.609751 0.511719

0.609375 0.537486
0.613281 0.535681

0.613281 0.50986
0.617188 0.508385

0.617188 0.533915
0.61439 0.535156

0.613281 0.535721
0.614555 0.535156

0.621094 0.506982
0.618805 0.507812

0.617188 0.508472
0.619004 0.507812

0.617188 0.533764
0.621094 0.532474

0.621094 0.507111
0.625 0.505686

0.621094 0.532635
0.625 0.531812

0.628906 0.503286
0.627743 0.503906

0.625 0.506005
0.628906 0.503923

0.628906 0.531144
0.62843 0.53125

0.625 0.53188
0.62783 0.53125

0.628906 0.503172
0.632812 0.50128

0.628906 0.504085
0.629251 0.503906

0.628906 0.531112
0.632812 0.529873

0.632812 0.500926
0.636719 0.500532

0.632812 0.529604
0.636719 0.528387

0.636719 0.500662
0.640625 0.501027

0.636719 0.528454
0.640625 0.527644

0.640625 0.501398
0.644531 0.500861

0.644531 0.527097
0.642823 0.527344

0.640625 0.527654
0.642766 0.527344

0.648438 0.499774
0.647657 0.5

0.644531 0.500944
0.647787 0.5

0.644531 0.527163
0.648438 0.526754

0.648438 0.499794
0.652344 0.499311

0.648438 0.526952
0.652344 0.5266

0.652344 0.499452
0.65625 0.499356

0.652344 0.526801
0.65625 0.526433

0.65625 0.499399
0.660156 0.499321

0.65625 0.526625
0.660156 0.526177

0.660156 0.499304
0.664062 0.499191

0.660156 0.525459
0.664062 0.525181

0.664062 0.49919
0.667969 0.49908

0.664062 0.525268
0.667969 0.525266

0.667969 0.499076
0.671875 0.498978

0.667969 0.525294
0.671875 0.525337

0.671875 0.498964
0.675781 0.498912

0.671875 0.525246
0.675781 0.52546

0.675781 0.498906
0.679688 0.498942

0.675781 0.526217
0.679688 0.526614

0.679688 0.498933
0.683594 0.499086

0.679688 0.526279
0.683594 0.526752

0.683594 0.499077
0.6875 0.499381

0.683594 0.526506
0.6875 0.527043

0.6875 0.499372
0.691406 0.499863

0.6875 0.526938
0.690278 0.527344

0.691406 0.527495
0.690374 0.527344

0.691406 0.499865
0.692171 0.5

0.695312 0.500555
0.692175 0.5

0.691406 0.527472
0.695312 0.528192

0.695312 0.500464
0.699219 0.501268

0.695312 0.528262
0.699219 0.529059

0.699219 0.500906
0.703125 0.501723

0.699219 0.529319
0.703125 0.530341

0.703125 0.502126
0.707031 0.503139

0.703125 0.53011
0.70686 0.53125

0.707031 0.531279
0.706935 0.53125

0.707031 0.503176
0.709177 0.503906

0.710938 0.504513
0.709154 0.503906

0.707031 0.531258
0.710938 0.532362

0.710938 0.504536
0.714844 0.505709

0.710938 0.532273
0.714844 0.533554

0.714844 0.505656
0.71875 0.506722

0.714844 0.533639
0.71875 0.535109

0.71875 0.506792
0.721951 0.507812

0.722656 0.50808
0.721818 0.507812

0.71875 0.535096
0.718907 0.535156

0.722656 0.53661
0.718902 0.535156

0.722656 0.508074
0.726562 0.509227

0.722656 0.536703
0.726562 0.538376

0.726562 0.508764
0.730469 0.509894

0.726562 0.538297
0.728226 0.539062

0.730469 0.540101
0.728214 0.539062

0.730469 0.510317
0.734375 0.511562

0.730469 0.540022
0.734375 0.541967

0.734375 0.511569
0.73482 0.511719

0.738281 0.512878
0.734844 0.511719

0.734375 0.542031
0.736101 0.542969

0.738281 0.544149
0.736107 0.542969

0.738281 0.512589
0.742188 0.514037

0.738281 0.544172
0.742188 0.546402

0.742188 0.514266
0.745296 0.515625

0.746094 0.515961
0.745326 0.515625

0.742188 0.546367
0.74303 0.546875

0.746094 0.548737
0.743029 0.546875

0.746094 0.515995
0.75 0.517913

0.746094 0.548744
0.749291 0.550781

0.75 0.55121
0.749319 0.550781

0.75 0.517908
0.753024 0.519531

0.753906 0.519991
0.753049 0.519531

0.75 0.551212
0.753906 0.553845

0.753906 0.520015
0.757812 0.522249

0.753906 0.553862
0.755093 0.554688

0.757812 0.556654
0.755075 0.554688

0.757812 0.522278
0.759799 0.523438

0.761719 0.524565
0.759786 0.523438

0.757812 0.55666
0.760353 0.558594

0.761719 0.559617
0.760368 0.558594

0.761719 0.524571
0.765625 0.526916

0.761719 0.559639
0.76528 0.5625

0.765625 0.562775
0.765288 0.5625

0.765625 0.526904
0.766345 0.527344

0.769531 0.529327
0.766343 0.527344

0.765625 0.562772
0.769531 0.566063

0.769531 0.529303
0.77245 0.53125

0.773438 0.53189
0.772471 0.53125

0.769531 0.566068
0.769922 0.566406

0.773438 0.569513
0.769917 0.566406

0.773438 0.531906
0.777344 0.534743

0.773438 0.569526
0.774306 0.570312

0.777344 0.573104
0.774298 0.570312

0.777344 0.534745
0.777886 0.535156

0.78125 0.537814
0.777878 0.535156

0.777344 0.573115
0.778518 0.574219

0.78125 0.57683
0.778516 0.574219

0.78125 0.537824
0.782737 0.539062

0.785156 0.541159
0.782714 0.539062

0.78125 0.576834
0.782561 0.578125

0.785156 0.580763
0.782559 0.578125

0.785156 0.541193
0.787093 0.542969

0.789062 0.544858
0.787073 0.542969

0.785156 0.580737
0.786398 0.582031

0.789062 0.584934
0.786398 0.582031

0.789062 0.544874
0.791098 0.546875

0.792969 0.548771
0.791086 0.546875

0.789062 0.5849
0.789994 0.585938

0.792969 0.589385
0.78999 0.585938

0.792969 0.548761
0.794937 0.550781

0.796875 0.552819
0.794934 0.550781

0.792969 0.589387
0.793352 0.589844

0.793362 0.589844
0.796531 0.59375

0.796875 0.59422
0.796513 0.59375

0.796875 0.552796
0.798648 0.554688

0.800781 0.557024
0.798646 0.554688

0.796875 0.594212
0.799508 0.597656

0.800781 0.59944
0.799487 0.597656

0.800781 0.556988
0.802234 0.558594

0.804688 0.561367
0.802235 0.558594

0.800781 0.599406
0.802347 0.601562

0.804688 0.604902
0.802336 0.601562

0.804688 0.561345
0.805698 0.5625

0.808594 0.565854
0.805697 0.5625

0.804688 0.604899
0.805077 0.605469

0.80507 0.605469
0.807714 0.609375

0.808594 0.61072
0.807722 0.609375

0.808594 0.565847
0.80907 0.566406

0.809064 0.566406
0.812371 0.570312

0.8125 0.57048
0.812359 0.570312

0.808594 0.610699
0.810271 0.613281

0.8125 0.616821
0.810253 0.613281

0.8125 0.886245
0.812084 0.886719

0.811859 0.886719
0.809983 0.890625

0.809885 0.890625
0.811236 0.894531

0.8125 0.895669
0.811536 0.894531

0.8125 0.57048
0.815634 0.574219

0.816406 0.575159
0.815625 0.574219

0.8125 0.616809
0.812733 0.617188

0.812732 0.617188
0.81516 0.621094

0.816406 0.623161
0.815171 0.621094

0.8125 0.886461
0.816406 0.882837

0.8125 0.895724
0.816135 0.898438

0.816406 0.575142
0.818897 0.578125

0.820312 0.579845
0.818898 0.578125

0.816406 0.623117
0.817532 0.625

0.817508 0.625
0.819745 0.628906

0.820312 0.629962
0.819724 0.628906

0.820312 0.880495
0.816807 0.882812

0.816406 0.882849
0.81646 0.882812

0.816406 0.898183
0.817533 0.898438

0.820312 0.898928
0.818142 0.898438

0.820312 0.579799
0.822142 0.582031

0.824219 0.584563
0.822172 0.582031

0.820312 0.629934
0.821916 0.632812

0.821927 0.632812
0.824032 0.636719

0.824219 0.637067
0.824043 0.636719

0.824219 0.878367
0.823291 0.878906

0.820312 0.880611
0.823247 0.878906

0.820312 0.898848
0.824219 0.899032

0.824219 0.584511
0.825348 0.585938

0.828125 0.589562
0.825358 0.585938

0.824219 0.637057
0.826019 0.640625

0.825996 0.640625
0.827848 0.644531

0.828125 0.645141
0.827848 0.644531

0.824219 0.878434
0.828125 0.876032

0.824219 0.898939
0.828125 0.898872

0.828125 0.589536
0.828352 0.589844

0.828352 0.589844
0.8311 0.59375

0.832031 0.595243
0.831076 0.59375

0.828125 0.645133
0.829628 0.648438

0.829615 0.648438
0.831334 0.652344

0.832031 0.653913
0.831328 0.652344

0.832031 0.873262
0.829621 0.875

0.828125 0.876079
0.829683 0.875

0.828125 0.898832
0.832031 0.898779

0.832031 0.595193
0.833608 0.597656

0.833574 0.597656
0.835882 0.601562

0.835938 0.601667
0.83588 0.601562

0.832031 0.654012
0.833034 0.65625

0.83294 0.65625
0.83447 0.660156

0.834537 0.660156
0.835931 0.664062

0.835938 0.869809
0.834594 0.871094

0.832031 0.873299
0.834609 0.871094

0.832031 0.898846
0.835938 0.898753

0.835938 0.601664
0.838043 0.605469

0.839844 0.608921
0.838015 0.605469

0.835938 0.663815
0.836026 0.664062

0.836026 0.664062
0.837497 0.667969

0.83747 0.667969
0.838889 0.671875

0.839844 0.674494
0.838899 0.671875

0.839844 0.865175
0.83833 0.867188

0.835938 0.869836
0.838326 0.867188

0.839844 0.898414
0.83962 0.898438

0.835938 0.898823
0.839606 0.898438

0.839844 0.608903
0.840094 0.609375

0.840091 0.609375
0.842112 0.613281

0.84375 0.616539
0.842103 0.613281

0.839844 0.674518
0.8403 0.675781

0.840275 0.675781
0.841581 0.679688

0.841598 0.679688
0.842829 0.683594

0.84375 0.686461
0.842844 0.683594

0.84375 0.859189
0.843642 0.859375

0.843645 0.859375
0.84116 0.863281

0.839844 0.865144
0.841192 0.863281

0.839844 0.898397
0.84375 0.897563

0.84375 0.616517
0.844089 0.617188

0.844085 0.617188
0.846014 0.621094

0.847656 0.624509
0.846004 0.621094

0.84375 0.686464
0.844077 0.6875

0.844064 0.6875
0.845215 0.691406

0.845221 0.691406
0.846308 0.695312

0.846306 0.695312
0.847406 0.699219

0.847656 0.700061
0.847402 0.699219

0.847656 0.852358
0.845903 0.855469

0.84375 0.859106
0.845892 0.855469

0.84375 0.897705
0.847656 0.896769

0.847656 0.624493
0.847902 0.625

0.8479 0.625
0.849756 0.628906

0.851562 0.632808
0.849758 0.628906

0.847656 0.700174
0.848545 0.703125

0.848424 0.703125
0.849386 0.707031

0.849463 0.707031
0.850316 0.710938

0.850424 0.710938
0.851409 0.714844

0.851562 0.715588
0.851365 0.714844

0.851562 0.844692
0.850167 0.847656

0.850124 0.847656
0.848084 0.851562

0.847656 0.85235
0.8481 0.851562

0.847656 0.896537
0.851562 0.895679

0.851562 0.632752
0.851591 0.632812

0.851593 0.632812
0.85329 0.636719

0.853289 0.636719
0.854972 0.640625

0.855469 0.641776
0.854963 0.640625

0.851562 0.715701
0.85237 0.71875

0.852268 0.71875
0.853124 0.722656

0.85322 0.722656
0.853923 0.726562

0.853987 0.726562
0.854796 0.730469

0.855469 0.73388
0.854828 0.730469

0.855469 0.834156
0.854916 0.835938

0.854928 0.835938
0.853594 0.839844

0.853567 0.839844
0.851978 0.84375

0.851562 0.844661
0.851991 0.84375

0.851562 0.895777
0.855469 0.89469

0.855469 0.641823
0.856659 0.644531

0.856741 0.644531
0.858581 0.648438

0.859375 0.650209
0.858449 0.648438

0.855469 0.734071
0.855526 0.734375

0.855515 0.734375
0.856203 0.738281

0.856004 0.738281
0.856749 0.742188

0.856324 0.742188
0.856783 0.746094

0.857454 0.746094
0.857518 0.75

0.857375 0.75
0.857584 0.753906

0.857675 0.753906
0.858133 0.757812

0.858158 0.757812
0.858635 0.761719

0.858648 0.761719
0.859067 0.765625

0.859375 0.769126
0.859058 0.765625

0.859375 0.815096
0.859211 0.816406

0.859195 0.816406
0.858573 0.820312

0.858561 0.820312
0.857851 0.824219

0.857845 0.824219
0.857084 0.828125

0.857016 0.828125
0.856031 0.832031

0.855469 0.833985
0.856075 0.832031

0.859375 0.893136
0.85594 0.894531

0.855469 0.894757
0.856025 0.894531

0.859375 0.650151
0.860522 0.652344

0.860582 0.652344
0.86272 0.65625

0.863281 0.657396
0.862735 0.65625

0.859375 0.769471
0.85938 0.769531

0.859376 0.769531
0.859756 0.773438

0.859643 0.773438
0.860216 0.777344

0.860043 0.777344
0.860724 0.78125

0.861204 0.78125
0.861504 0.785156

0.859574 0.785156
0.859585 0.789062

0.861358 0.789062
0.861395 0.792969

0.861401 0.792969
0.861373 0.796875

0.860121 0.796875
0.859978 0.800781

0.860791 0.800781
0.86021 0.804688

0.86036 0.804688
0.859741 0.808594

0.859964 0.808594
0.859609 0.8125

0.859375 0.815014
0.85969 0.8125

0.859375 0.893072
0.863281 0.89105

0.863281 0.657123
0.864728 0.660156

0.864898 0.660156
0.866289 0.664062

0.866058 0.664062
0.867049 0.667969

0.867188 0.669343
0.866938 0.667969

0.867188 0.888731
0.863986 0.890625

0.863281 0.891052
0.864013 0.890625

0.867188 0.669415
0.867633 0.671875

0.867565 0.671875
0.868354 0.675781

0.868405 0.675781
0.869315 0.679688

0.869405 0.679688
0.87049 0.683594

0.871094 0.685718
0.870432 0.683594

0.871094 0.886144
0.870215 0.886719

0.867188 0.88873
0.870237 0.886719

0.871094 0.685792
0.871626 0.6875

0.871598 0.6875
0.872832 0.691406

0.872818 0.691406
0.874401 0.695312

0.875 0.696403
0.874515 0.695312

0.871094 0.8862
0.875 0.883275

0.875 0.696412
0.876248 0.699219

0.876584 0.699219
0.877978 0.703125

0.877755 0.703125
0.878654 0.707031

0.878906 0.710106
0.878555 0.707031

0.878906 0.711257
0.878875 0.710938

0.878906 0.879709
0.87573 0.882812

0.875 0.883304
0.875592 0.882812

0.878906 0.710494
0.878957 0.710938

0.878906 0.711309
0.879254 0.714844

0.879254 0.714844
0.879824 0.71875

0.879871 0.71875
0.880532 0.722656

0.880954 0.722656
0.881839 0.726562

0.881516 0.726562
0.882517 0.730469

0.882812 0.732171
0.882383 0.730469

0.882812 0.874158
0.882404 0.875

0.88237 0.875
0.879584 0.878906

0.878906 0.879691
0.879581 0.878906

0.882812 0.732259
0.883347 0.734375

0.883411 0.734375
0.884478 0.738281

0.884616 0.738281
0.885901 0.742188

0.886719 0.744945
0.885874 0.742188

0.886719 0.86248
0.886541 0.863281

0.886566 0.863281
0.885464 0.867188

0.885409 0.867188
0.884049 0.871094

0.882812 0.873979
0.884211 0.871094

0.886719 0.744542
0.887194 0.746094

0.887116 0.746094
0.88767 0.75

0.88756 0.75
0.887687 0.753906

0.887584 0.753906
0.88771 0.757812

0.887697 0.757812
0.888051 0.761719

0.888141 0.761719
0.888569 0.765625

0.88892 0.765625
0.889687 0.769531

0.889399 0.769531
0.89042 0.773438

0.890625 0.774727
0.890329 0.773438

0.890625 0.845142
0.889959 0.847656

0.889994 0.847656
0.88899 0.851562

0.888835 0.851562
0.888055 0.855469

0.888114 0.855469
0.887357 0.859375

0.886719 0.862232
0.887352 0.859375

0.890625 0.774751
0.89122 0.777344

0.891292 0.777344
0.89207 0.78125

0.892155 0.78125
0.892507 0.785156

0.892373 0.785156
0.892394 0.789062

0.892379 0.789062
0.892365 0.792969

0.892371 0.792969
0.89234 0.796875

0.892345 0.796875
0.892277 0.800781

0.892245 0.800781
0.892193 0.804688

0.892187 0.804688
0.892226 0.808594

0.892222 0.808594
0.892372 0.8125

0.89246 0.8125
0.892556 0.816406

0.892489 0.816406
0.892488 0.820312

0.892496 0.820312
0.892516 0.824219

0.892516 0.824219
0.892539 0.828125

0.89255 0.828125
0.892552 0.832031

0.892629 0.832031
0.892437 0.835938

0.892461 0.835938
0.891876 0.839844

0.891793 0.839844
0.890935 0.84375

0.890625 0.844867
0.890921 0.84375

