0.46093 0.601562
0.460929 0.605469

0.460938 0.608159
0.460936 0.609375

0.460938 0.611
0.460926 0.609375

0.460938 0.613954
0.460929 0.613281

0.464844 0.577703
0.464722 0.578125

0.464761 0.578125
0.463736 0.582031

0.463626 0.582031
0.462829 0.585938

0.462439 0.585938
0.461782 0.589844

0.462047 0.589844
0.461416 0.59375

0.461508 0.59375
0.461148 0.597656

0.461159 0.597656
0.461063 0.601562

0.460955 0.601562
0.460955 0.605469

0.460992 0.605469
0.460987 0.609375

0.461027 0.609375
0.461054 0.613281

0.461065 0.613281
0.461117 0.617188

0.461089 0.617188
0.461057 0.621094

0.461059 0.621094
0.461181 0.625

0.461207 0.625
0.461729 0.628906

0.461572 0.628906
0.462073 0.632812

0.461365 0.632812
0.461445 0.636719

0.46147 0.636719
0.46164 0.640625

0.461905 0.640625
0.462749 0.644531

0.463552 0.644531
0.464593 0.648438

0.464844 0.649531
0.464572 0.648438

0.46875 0.562312
0.468704 0.5625

0.468732 0.5625
0.467815 0.566406

0.467787 0.566406
0.466898 0.570312

0.466691 0.570312
0.465658 0.574219

0.464844 0.577676
0.465838 0.574219

0.464844 0.650118
0.465397 0.652344

0.4654 0.652344
0.466276 0.65625

0.465778 0.65625
0.466662 0.660156

0.467033 0.660156
0.468522 0.664062

0.46875 0.664468
0.468557 0.664062

0.472656 0.547849
0.471643 0.550781

0.471638 0.550781
0.470573 0.554688

0.470412 0.554688
0.469448 0.558594

0.46875 0.562289
0.469653 0.558594

0.46875 0.663757
0.468866 0.664062

0.468768 0.664062
0.470636 0.667969

0.470423 0.667969
0.472591 0.671875

0.472656 0.672011
0.472591 0.671875

0.476562 0.538205
0.47618 0.539062

0.476138 0.539062
0.474516 0.542969

0.474518 0.542969
0.473011 0.546875

0.472656 0.547794
0.472974 0.546875

0.472656 0.671482
0.472874 0.671875

0.473047 0.671875
0.474931 0.675781

0.474773 0.675781
0.475797 0.679688

0.476562 0.683081
0.475391 0.679688

0.480469 0.529779
0.479738 0.53125

0.479727 0.53125
0.4779 0.535156

0.476562 0.5382
0.477921 0.535156

0.476562 0.682869
0.476812 0.683594

0.476904 0.683594
0.479003 0.6875

0.480469 0.689855
0.479155 0.6875

0.484375 0.522321
0.483738 0.523438

0.483732 0.523438
0.481661 0.527344

0.480469 0.529766
0.481673 0.527344

0.480469 0.689728
0.481405 0.691406

0.48121 0.691406
0.483189 0.695312

0.484375 0.697553
0.483156 0.695312

0.488281 0.515791
0.485931 0.519531

0.484375 0.522305
0.485959 0.519531

0.484375 0.697496
0.485313 0.699219

0.485279 0.699219
0.487902 0.703125

0.488281 0.703632
0.487903 0.703125

0.492188 0.510304
0.491135 0.511719

0.491121 0.511719
0.488387 0.515625

0.488281 0.515779
0.488378 0.515625

0.492188 0.590237
0.491476 0.59375

0.491658 0.59375
0.490863 0.597656

0.491288 0.597656
0.490735 0.601562

0.490144 0.601562
0.489814 0.605469

0.489779 0.605469
0.489462 0.609375

0.489471 0.609375
0.48922 0.613281

0.489209 0.613281
0.489028 0.617188

0.489011 0.617188
0.488956 0.621094

0.488955 0.621094
0.489064 0.625

0.489078 0.625
0.489325 0.628906

0.489344 0.628906
0.48966 0.632812

0.48962 0.632812
0.490046 0.636719

0.490599 0.636719
0.491288 0.640625

0.49103 0.640625
0.491715 0.644531

0.491502 0.644531
0.49201 0.648438

0.492188 0.649999
0.491943 0.648438

0.488281 0.70355
0.491019 0.707031

0.492188 0.708409
0.491029 0.707031

0.496094 0.505496
0.494177 0.507812

0.492188 0.510331
0.494139 0.507812

0.496094 0.575685
0.495296 0.578125

0.495468 0.578125
0.494302 0.582031

0.49411 0.582031
0.493085 0.585938

0.493099 0.585938
0.492235 0.589844

0.492188 0.590181
0.492256 0.589844

0.492188 0.650249
0.492515 0.652344

0.49253 0.652344
0.493364 0.65625

0.493281 0.65625
0.494512 0.660156

0.494767 0.660156
0.49605 0.664062

0.496094 0.664193
0.496059 0.664062

0.492188 0.708307
0.494421 0.710938

0.496094 0.712857
0.494474 0.710938

0.5 0.501073
0.497492 0.503906

0.496094 0.505519
0.497463 0.503906

0.5 0.565409
0.499567 0.566406

0.499616 0.566406
0.49804 0.570312

0.497984 0.570312
0.496558 0.574219

0.496094 0.575636
0.496557 0.574219

0.496094 0.66465
0.496965 0.667969

0.496847 0.667969
0.498071 0.671875

0.498157 0.671875
0.499718 0.675781

0.5 0.676467
0.499741 0.675781

0.496094 0.712794
0.497771 0.714844

0.5 0.717733
0.497878 0.714844

0.503906 0.496861
0.500961 0.5

0.5 0.501081
0.500977 0.5

0.503906 0.557107
0.503133 0.558594

0.503231 0.558594
0.501368 0.5625

0.5 0.56543
0.501273 0.5625

0.5 0.676159
0.501333 0.679688

0.501131 0.679688
0.502598 0.683594

0.503906 0.686445
0.50266 0.683594

0.5 0.717758
0.500678 0.71875

0.500553 0.71875
0.503073 0.722656

0.503906 0.723965
0.503034 0.722656

0.507812 0.493033
0.504608 0.496094

0.503906 0.496836
0.504633 0.496094

0.507812 0.549918
0.50731 0.550781

0.50736 0.550781
0.50521 0.554688

0.503906 0.557107
0.505164 0.554688

0.503906 0.686459
0.504361 0.6875

0.504327 0.6875
0.50623 0.691406

0.507812 0.694319
0.506272 0.691406

0.503906 0.724005
0.505683 0.726562

0.507812 0.729169
0.505616 0.726562

0.511719 0.489694
0.508783 0.492188

0.507812 0.49304
0.508779 0.492188

0.511719 0.543418
0.509603 0.546875

0.507812 0.549918
0.509589 0.546875

0.507812 0.694239
0.50838 0.695312

0.508347 0.695312
0.510475 0.699219

0.511719 0.701439
0.51045 0.699219

0.507812 0.729115
0.509098 0.730469

0.511719 0.732855
0.509121 0.730469

0.515625 0.486645
0.513589 0.488281

0.511719 0.489753
0.513566 0.488281

0.515625 0.537367
0.514477 0.539062

0.514479 0.539062
0.511979 0.542969

0.511719 0.543402
0.511981 0.542969

0.511719 0.701417
0.512695 0.703125

0.512705 0.703125
0.515142 0.707031

0.515625 0.707791
0.515127 0.707031

0.511719 0.732814
0.51361 0.734375

0.515625 0.735987
0.513615 0.734375

0.519531 0.483301
0.518295 0.484375

0.515625 0.486626
0.518283 0.484375

0.519531 0.531883
0.517115 0.535156

0.515625 0.537356
0.517124 0.535156

0.515625 0.707789
0.517781 0.710938

0.519531 0.713325
0.517778 0.710938

0.515625 0.736012
0.518548 0.738281

0.519531 0.739034
0.518535 0.738281

0.523438 0.479685
0.522582 0.480469

0.519531 0.483274
0.522649 0.480469

0.523438 0.527009
0.523152 0.527344

0.523159 0.527344
0.519997 0.53125

0.519531 0.531848
0.519978 0.53125

0.519531 0.713276
0.520676 0.714844

0.523438 0.718371
0.520655 0.714844

0.519531 0.739092
0.523438 0.741893

0.527344 0.476134
0.526862 0.476562

0.523438 0.479681
0.526889 0.476562

0.527344 0.522671
0.526629 0.523438

0.523438 0.527014
0.52661 0.523438

0.523438 0.718366
0.523746 0.71875

0.523731 0.71875
0.527045 0.722656

0.527344 0.722986
0.527053 0.722656

0.523438 0.741927
0.523855 0.742188

0.527344 0.744354
0.523898 0.742188

0.527344 0.476133
0.53125 0.472754

0.53125 0.51867
0.530381 0.519531

0.527344 0.52268
0.530373 0.519531

0.527344 0.722984
0.530605 0.726562

0.53125 0.72724
0.530607 0.726562

0.527344 0.744307
0.530565 0.746094

0.53125 0.746466
0.530576 0.746094

0.535156 0.469577
0.531347 0.472656

0.53125 0.472747
0.531359 0.472656

0.535156 0.514973
0.534446 0.515625

0.53125 0.518669
0.534466 0.515625

0.53125 0.727227
0.534418 0.730469

0.535156 0.731193
0.534419 0.730469

0.53125 0.746412
0.535156 0.748517

0.539062 0.466743
0.536167 0.46875

0.535156 0.469575
0.53633 0.46875

0.539062 0.511563
0.538879 0.511719

0.535156 0.514974
0.538862 0.511719

0.535156 0.731204
0.538542 0.734375

0.539062 0.734849
0.538538 0.734375

0.535156 0.748439
0.53779 0.75

0.539062 0.750765
0.537771 0.75

0.542969 0.464715
0.542718 0.464844

0.539062 0.466775
0.542705 0.464844

0.539062 0.511567
0.542969 0.508353

0.539062 0.734857
0.542969 0.738223

0.539062 0.750757
0.542969 0.753496

0.542969 0.464737
0.546875 0.46324

0.546875 0.505304
0.543662 0.507812

0.542969 0.508377
0.543688 0.507812

0.542969 0.738223
0.54304 0.738281

0.546875 0.741317
0.543054 0.738281

0.542969 0.753486
0.543513 0.753906

0.546875 0.756641
0.543447 0.753906

0.546875 0.463359
0.550781 0.461737

0.550781 0.502417
0.548727 0.503906

0.546875 0.505307
0.548791 0.503906

0.546875 0.741344
0.548034 0.742188

0.550781 0.744166
0.548076 0.742188

0.546875 0.75672
0.548227 0.757812

0.550781 0.759897
0.548138 0.757812

0.554688 0.459706
0.552411 0.460938

0.550781 0.461778
0.552335 0.460938

0.554688 0.499826
0.554411 0.5

0.550781 0.502418
0.554407 0.5

0.550781 0.744174
0.553649 0.746094

0.554688 0.74677
0.553652 0.746094

0.550781 0.760022
0.553419 0.761719

0.554688 0.76248
0.553458 0.761719

0.554688 0.459597
0.558594 0.457386

0.554688 0.49983
0.558594 0.497479

0.554688 0.746705
0.558594 0.749092

0.554688 0.762493
0.558594 0.764213

0.5625 0.455505
0.558794 0.457031

0.558594 0.457263
0.559158 0.457031

0.5625 0.495319
0.561155 0.496094

0.558594 0.497522
0.561071 0.496094

0.558594 0.749088
0.56013 0.75

0.5625 0.751415
0.560115 0.75

0.558594 0.764086
0.5625 0.765375

0.5625 0.455714
0.566406 0.454889

0.5625 0.495366
0.566406 0.493162

0.5625 0.751242
0.566294 0.753906

0.566406 0.753991
0.566293 0.753906

0.5625 0.765565
0.562938 0.765625

0.5625 0.765667
0.566406 0.766204

0.566406 0.455067
0.570312 0.45385

0.570312 0.490953
0.56798 0.492188

0.566406 0.493066
0.568066 0.492188

0.570312 0.757774
0.566611 0.753906

0.570312 0.76443
0.568864 0.765625

0.566406 0.76677
0.568983 0.765625

0.574219 0.451838
0.571996 0.453125

0.570312 0.453814
0.571549 0.453125

0.570312 0.490892
0.574219 0.489125

0.570312 0.757773
0.570341 0.757812

0.570682 0.757812
0.571858 0.761719

0.570312 0.764895
0.572137 0.761719

0.578125 0.448278
0.576682 0.449219

0.574219 0.451594
0.577859 0.449219

0.578125 0.48775
0.576694 0.488281

0.574219 0.489195
0.576679 0.488281

0.578125 0.448453
0.582031 0.447089

0.578125 0.487815
0.582031 0.486576

0.582031 0.44754
0.585938 0.447308

0.582031 0.486609
0.585938 0.485376

0.585938 0.447372
0.589844 0.447242

0.589844 0.483821
0.58839 0.484375

0.585938 0.485426
0.588691 0.484375

0.589844 0.44697
0.59375 0.446228

0.589844 0.483822
0.59375 0.482421

0.59375 0.446301
0.597656 0.445347

0.59375 0.482307
0.597656 0.481377

0.601562 0.445092
0.599515 0.445312

0.597656 0.445363
0.598125 0.445312

0.597656 0.481451
0.601562 0.480852

0.601562 0.44514
0.605469 0.444823

0.601562 0.480847
0.605175 0.480469

0.605469 0.444812
0.609375 0.444435

0.609375 0.480165
0.605875 0.480469

0.605469 0.480483
0.605627 0.480469

0.609375 0.444446
0.613281 0.444008

0.609375 0.480266
0.613281 0.479744

0.613281 0.443993
0.617188 0.443504

0.613281 0.479896
0.617188 0.479083

0.617188 0.442356
0.621094 0.442111

0.617188 0.47867
0.621094 0.47801

0.621094 0.441813
0.625 0.441871

0.621094 0.478088
0.625 0.477847

0.625 0.443342
0.628906 0.443388

0.625 0.477875
0.628906 0.47784

0.628906 0.441592
0.632812 0.441583

0.628906 0.477877
0.632812 0.477919

0.632812 0.441761
0.636719 0.441802

0.632812 0.477917
0.636719 0.477968

0.636719 0.443346
0.640625 0.443517

0.636719 0.47794
0.640625 0.478059

0.640625 0.443542
0.644531 0.443839

0.640625 0.478057
0.644531 0.478304

0.644531 0.443838
0.648438 0.444215

0.644531 0.478214
0.648438 0.478773

0.648438 0.444217
0.652344 0.444673

0.648438 0.479113
0.652344 0.479898

0.652344 0.44468
0.65625 0.445198

0.652344 0.47973
0.65625 0.480406

0.65625 0.445185
0.657073 0.445312

0.660156 0.445781
0.65712 0.445312

0.65625 0.480338
0.657056 0.480469

0.660156 0.480966
0.657085 0.480469

0.660156 0.44566
0.664062 0.446483

0.660156 0.48093
0.664062 0.48173

0.664062 0.44618
0.667969 0.446744

0.664062 0.481801
0.667969 0.4827

0.667969 0.447002
0.671875 0.447545

0.667969 0.482824
0.671875 0.48379

0.671875 0.447682
0.675781 0.448745

0.671875 0.483667
0.674553 0.484375

0.675781 0.484699
0.674558 0.484375

0.675781 0.448725
0.677151 0.449219

0.679688 0.450083
0.67729 0.449219

0.675781 0.484661
0.679688 0.485733

0.679688 0.450036
0.683594 0.451596

0.679688 0.48565
0.683594 0.487004

0.683594 0.451629
0.686954 0.453125

0.6875 0.45348
0.686702 0.453125

0.683594 0.487186
0.686538 0.488281

0.6875 0.48861
0.686617 0.488281

0.6875 0.4535
0.691406 0.455442

0.6875 0.488596
0.691406 0.489872

0.691406 0.455474
0.694689 0.457031

0.695312 0.457341
0.694661 0.457031

0.691406 0.48997
0.695312 0.49139

0.695312 0.457324
0.699219 0.459053

0.695312 0.491266
0.697499 0.492188

0.699219 0.49288
0.697576 0.492188

0.699219 0.45906
0.703125 0.460661

0.699219 0.492885
0.703125 0.494617

0.703125 0.460634
0.703883 0.460938

0.707031 0.462195
0.703885 0.460938

0.703125 0.494635
0.706261 0.496094

0.707031 0.496431
0.706307 0.496094

0.707031 0.462156
0.710938 0.463812

0.707031 0.496425
0.710938 0.498345

0.710938 0.463776
0.713079 0.464844

0.714844 0.465672
0.713183 0.464844

0.710938 0.498339
0.714047 0.5

0.714844 0.500418
0.714061 0.5

0.714844 0.465747
0.71875 0.46801

0.714844 0.500433
0.71875 0.502681

0.71875 0.467992
0.719935 0.46875

0.722656 0.470526
0.719929 0.46875

0.71875 0.502697
0.720745 0.503906

0.722656 0.505058
0.720754 0.503906

0.722656 0.470588
0.725598 0.472656

0.726562 0.473349
0.725563 0.472656

0.722656 0.505066
0.726562 0.507544

0.726562 0.473381
0.730469 0.476113

0.726562 0.50754
0.726988 0.507812

0.730469 0.510126
0.726976 0.507812

0.730469 0.476105
0.731159 0.476562

0.734375 0.478752
0.731135 0.476562

0.730469 0.510131
0.732786 0.511719

0.734375 0.512798
0.732796 0.511719

0.734375 0.478721
0.736973 0.480469

0.738281 0.481319
0.737007 0.480469

0.734375 0.512803
0.738281 0.515569

0.738281 0.481307
0.742188 0.484063

0.738281 0.515562
0.738369 0.515625

0.742188 0.518436
0.738366 0.515625

0.742188 0.484041
0.742641 0.484375

0.746094 0.487049
0.742635 0.484375

0.742188 0.518441
0.743644 0.519531

0.746094 0.521436
0.743621 0.519531

0.746094 0.487068
0.747556 0.488281

0.75 0.490401
0.747527 0.488281

0.746094 0.521446
0.74857 0.523438

0.75 0.524591
0.748572 0.523438

0.75 0.490457
0.751909 0.492188

0.753906 0.494063
0.751862 0.492188

0.75 0.524606
0.75323 0.527344

0.753906 0.527912
0.753243 0.527344

0.753906 0.494094
0.756113 0.496094

0.757812 0.497661
0.756053 0.496094

0.753906 0.527912
0.75768 0.53125

0.757812 0.531369
0.757681 0.53125

0.757812 0.497663
0.760552 0.5

0.761719 0.500981
0.760536 0.5

0.757812 0.531368
0.761719 0.534971

0.761719 0.500959
0.765323 0.503906

0.765625 0.504089
0.765398 0.503906

0.761719 0.534978
0.761908 0.535156

0.765625 0.538713
0.761905 0.535156

0.765625 0.504079
0.769531 0.507346

0.765625 0.53872
0.765977 0.539062

0.769531 0.542558
0.765974 0.539062

0.769531 0.507281
0.77014 0.507812

0.773438 0.510929
0.770141 0.507812

0.769531 0.542558
0.769943 0.542969

0.773438 0.546499
0.769944 0.542969

0.773438 0.510897
0.774225 0.511719

0.777344 0.515388
0.774219 0.511719

0.773438 0.546483
0.773821 0.546875

0.777344 0.550534
0.773821 0.546875

0.777344 0.515446
0.777482 0.515625

0.777479 0.515625
0.780239 0.519531

0.78125 0.521233
0.780149 0.519531

0.777344 0.550525
0.777587 0.550781

0.777587 0.550781
0.781213 0.554688

0.78125 0.554735
0.781206 0.554688

0.78125 0.521266
0.782655 0.523438

0.785156 0.527199
0.78257 0.523438

0.78125 0.554735
0.784701 0.558594

0.785156 0.559132
0.784686 0.558594

0.785156 0.527213
0.785248 0.527344

0.785247 0.527344
0.788298 0.53125

0.789062 0.532106
0.788346 0.53125

0.785156 0.559126
0.78808 0.5625

0.789062 0.563675
0.788074 0.5625

0.789062 0.532083
0.791685 0.535156

0.792969 0.536576
0.791759 0.535156

0.789062 0.563648
0.791363 0.566406

0.792969 0.56842
0.79137 0.566406

0.792969 0.536514
0.795084 0.539062

0.796875 0.54144
0.795122 0.539062

0.792969 0.56837
0.79449 0.570312

0.796875 0.573422
0.7945 0.570312

0.796875 0.54135
0.798023 0.542969

0.798003 0.542969
0.800443 0.546875

0.800781 0.54762
0.800361 0.546875

0.796875 0.573413
0.797473 0.574219

0.797496 0.574219
0.800307 0.578125

0.800781 0.578883
0.800275 0.578125

0.800781 0.54763
0.802562 0.550781

0.804688 0.554601
0.802488 0.550781

0.800781 0.578845
0.802942 0.582031

0.804688 0.584754
0.802942 0.582031

0.804688 0.554577
0.80475 0.554688

0.80475 0.554688
0.807164 0.558594

0.808594 0.56081
0.807191 0.558594

0.804688 0.584721
0.80546 0.585938

0.805417 0.585938
0.807581 0.589844

0.808594 0.591907
0.807614 0.589844

0.808594 0.560763
0.809693 0.5625

0.809711 0.5625
0.812145 0.566406

0.8125 0.567009
0.812141 0.566406

0.808594 0.591973
0.809438 0.59375

0.809332 0.59375
0.811004 0.597656

0.8125 0.600775
0.810921 0.597656

0.8125 0.567011
0.814478 0.570312

0.816406 0.573653
0.814426 0.570312

0.8125 0.601468
0.812548 0.601562

0.8125 0.601563
0.816071 0.605469

0.816406 0.606203
0.81546 0.605469

0.816406 0.573657
0.816737 0.574219

0.816746 0.574219
0.819132 0.578125

0.820312 0.580085
0.819168 0.578125

0.816406 0.606399
0.820312 0.606959

0.820312 0.579932
0.821539 0.582031

0.821611 0.582031
0.82359 0.585938

0.824219 0.587737
0.823648 0.585938

0.824219 0.602758
0.821875 0.605469

0.820312 0.606572
0.821998 0.605469

0.824219 0.587488
0.824966 0.589844

0.824835 0.589844
0.825124 0.59375

0.824984 0.59375
0.824798 0.597656

0.824979 0.597656
0.824237 0.601562

0.824219 0.601648
0.824263 0.601562

