0.40625 0.57777
0.406171 0.578125

0.406225 0.578125
0.40551 0.582031

0.405515 0.582031
0.404826 0.585938

0.404699 0.585938
0.40428 0.589844

0.404446 0.589844
0.404219 0.59375

0.403527 0.59375
0.403113 0.597656

0.403194 0.597656
0.402883 0.601562

0.402766 0.601562
0.402682 0.605469

0.402728 0.605469
0.402654 0.609375

0.402603 0.609375
0.402566 0.613281

0.402565 0.613281
0.402539 0.617188

0.402747 0.617188
0.40298 0.621094

0.403028 0.621094
0.403562 0.625

0.403103 0.625
0.403381 0.628906

0.403026 0.628906
0.402907 0.632812

0.403071 0.632812
0.403399 0.636719

0.404155 0.636719
0.405724 0.640625

0.40625 0.641607
0.405914 0.640625

0.410156 0.560849
0.409667 0.5625

0.409709 0.5625
0.408716 0.566406

0.40865 0.566406
0.407843 0.570312

0.407741 0.570312
0.406918 0.574219

0.40625 0.577746
0.407032 0.574219

0.40625 0.640316
0.406374 0.640625

0.406524 0.640625
0.407861 0.644531

0.40652 0.644531
0.406493 0.648438

0.406617 0.648438
0.406542 0.652344

0.406855 0.652344
0.407372 0.65625

0.407185 0.65625
0.407842 0.660156

0.408291 0.660156
0.409271 0.664062

0.410156 0.666139
0.40941 0.664062

0.414062 0.547713
0.413112 0.550781

0.413051 0.550781
0.411954 0.554688

0.411921 0.554688
0.410787 0.558594

0.410156 0.560776
0.410804 0.558594

0.410156 0.665983
0.410869 0.667969

0.410807 0.667969
0.412016 0.671875

0.411816 0.671875
0.4133 0.675781

0.414062 0.677291
0.41322 0.675781

0.417969 0.534899
0.417867 0.535156

0.417864 0.535156
0.416551 0.539062

0.416172 0.539062
0.415029 0.542969

0.415464 0.542969
0.414321 0.546875

0.414062 0.547801
0.414349 0.546875

0.414062 0.676659
0.415753 0.679688

0.415919 0.679688
0.417917 0.683594

0.417969 0.683718
0.417921 0.683594

0.421875 0.526194
0.421243 0.527344

0.421224 0.527344
0.419393 0.53125

0.417969 0.534886
0.419412 0.53125

0.417969 0.684046
0.419289 0.6875

0.418901 0.6875
0.420271 0.691406

0.421875 0.69457
0.420173 0.691406

0.425781 0.519569
0.423393 0.523438

0.421875 0.526149
0.423364 0.523438

0.421875 0.694071
0.422543 0.695312

0.422676 0.695312
0.425537 0.699219

0.425781 0.699536
0.425569 0.699219

0.429688 0.513851
0.428418 0.515625

0.428425 0.515625
0.425817 0.519531

0.425781 0.519593
0.425819 0.519531

0.425791 0.699219
0.428256 0.703125

0.429688 0.706748
0.428282 0.703125

0.433594 0.508795
0.431243 0.511719

0.429688 0.513828
0.431223 0.511719

0.429688 0.706798
0.429778 0.707031

0.429688 0.707324
0.430461 0.710938

0.430123 0.710938
0.431105 0.714844

0.430994 0.714844
0.433022 0.71875

0.433594 0.719547
0.433007 0.71875

0.4375 0.504293
0.43438 0.507812

0.433594 0.508753
0.434367 0.507812

0.433594 0.719221
0.436397 0.722656

0.4375 0.723773
0.436455 0.722656

0.441406 0.500203
0.437876 0.503906

0.4375 0.50431
0.437872 0.503906

0.441406 0.593602
0.44138 0.59375

0.441379 0.59375
0.440815 0.597656

0.441001 0.597656
0.440576 0.601562

0.440832 0.601562
0.440368 0.605469

0.440683 0.605469
0.440381 0.609375

0.440918 0.609375
0.440821 0.613281

0.440897 0.613281
0.440803 0.617188

0.441136 0.617188
0.441154 0.621094

0.440208 0.621094
0.440586 0.625

0.440264 0.625
0.44081 0.628906

0.440636 0.628906
0.441004 0.632812

0.440858 0.632812
0.441186 0.636719

0.441406 0.640523
0.441098 0.636719

0.4375 0.723622
0.440247 0.726562

0.441406 0.727765
0.44027 0.726562

0.445312 0.496271
0.441647 0.5

0.441406 0.500245
0.441646 0.5

0.445312 0.576249
0.444737 0.578125

0.444833 0.578125
0.443792 0.582031

0.443705 0.582031
0.442836 0.585938

0.442851 0.585938
0.442077 0.589844

0.441406 0.593607
0.442065 0.589844

0.441406 0.640556
0.441412 0.640625

0.441406 0.640802
0.441775 0.644531

0.441762 0.644531
0.442294 0.648438

0.442241 0.648438
0.443052 0.652344

0.443273 0.652344
0.444524 0.65625

0.445312 0.658609
0.444538 0.65625

0.441406 0.727763
0.443921 0.730469

0.445312 0.731958
0.443921 0.730469

0.449219 0.492309
0.445504 0.496094

0.445312 0.496288
0.445504 0.496094

0.449219 0.563388
0.448189 0.566406

0.448402 0.566406
0.447274 0.570312

0.447144 0.570312
0.44605 0.574219

0.445312 0.576354
0.445967 0.574219

0.445312 0.658866
0.445736 0.660156

0.44573 0.660156
0.446702 0.664062

0.446566 0.664062
0.44762 0.667969

0.447614 0.667969
0.449051 0.671875

0.449219 0.672263
0.449049 0.671875

0.445312 0.731932
0.447586 0.734375

0.449219 0.736111
0.447602 0.734375

0.453125 0.488312
0.449318 0.492188

0.449219 0.492289
0.449318 0.492188

0.453125 0.552904
0.452361 0.554688

0.452462 0.554688
0.450976 0.558594

0.450889 0.558594
0.449529 0.5625

0.449219 0.56335
0.449509 0.5625

0.449219 0.672112
0.450829 0.675781

0.45089 0.675781
0.452708 0.679688

0.453125 0.680589
0.452702 0.679688

0.449219 0.736092
0.451241 0.738281

0.453125 0.740321
0.451248 0.738281

0.457031 0.484394
0.453137 0.488281

0.453125 0.488292
0.453136 0.488281

0.457031 0.544529
0.455871 0.546875

0.45583 0.546875
0.454006 0.550781

0.453125 0.552827
0.454001 0.550781

0.453125 0.680631
0.454514 0.683594

0.454538 0.683594
0.456459 0.6875

0.457031 0.688646
0.456423 0.6875

0.453125 0.740328
0.454851 0.742188

0.457031 0.744479
0.454823 0.742188

0.460938 0.480603
0.457056 0.484375

0.457031 0.484398
0.457054 0.484375

0.460938 0.536928
0.459818 0.539062

0.459784 0.539062
0.457777 0.542969

0.457031 0.544487
0.457782 0.542969

0.457031 0.688687
0.458476 0.691406

0.458481 0.691406
0.460677 0.695312

0.460938 0.695763
0.460673 0.695312

0.457031 0.744506
0.458659 0.746094

0.460938 0.748179
0.458643 0.746094

0.464844 0.476889
0.461091 0.480469

0.460938 0.480615
0.46109 0.480469

0.464844 0.529842
0.463987 0.53125

0.463956 0.53125
0.461796 0.535156

0.460938 0.536923
0.461864 0.535156

0.460938 0.695758
0.462999 0.699219

0.464844 0.702178
0.462992 0.699219

0.460938 0.748191
0.463125 0.75

0.464844 0.751379
0.463115 0.75

0.46875 0.473227
0.465176 0.476562

0.464844 0.47688
0.465179 0.476562

0.46875 0.523716
0.466341 0.527344

0.464844 0.529803
0.466343 0.527344

0.464844 0.702153
0.46545 0.703125

0.465408 0.703125
0.468038 0.707031

0.46875 0.707995
0.468073 0.707031

0.464844 0.751368
0.468139 0.753906

0.46875 0.754367
0.468136 0.753906

0.472656 0.46973
0.469345 0.472656

0.46875 0.473204
0.469352 0.472656

0.472656 0.518387
0.47179 0.519531

0.471764 0.519531
0.468932 0.523438

0.46875 0.523702
0.468926 0.523438

0.46875 0.707995
0.470904 0.710938

0.472656 0.713192
0.470902 0.710938

0.46875 0.754366
0.472656 0.757267

0.476562 0.466566
0.473821 0.46875

0.472656 0.469724
0.47385 0.46875

0.476562 0.513489
0.474856 0.515625

0.472656 0.518409
0.474823 0.515625

0.472656 0.713141
0.473993 0.714844

0.476562 0.717891
0.473985 0.714844

0.472656 0.75729
0.473393 0.757812

0.476562 0.760065
0.473399 0.757812

0.480469 0.463807
0.478968 0.464844

0.476562 0.466588
0.479019 0.464844

0.480469 0.508757
0.478031 0.511719

0.476562 0.513518
0.478004 0.511719

0.476562 0.71788
0.477313 0.71875

0.480469 0.722245
0.477295 0.71875

0.476562 0.760084
0.479023 0.761719

0.480469 0.762667
0.479028 0.761719

0.480469 0.463812
0.484375 0.461306

0.484375 0.504047
0.481225 0.507812

0.480469 0.508745
0.481232 0.507812

0.480469 0.722246
0.480852 0.722656

0.484375 0.726291
0.480848 0.722656

0.480469 0.762697
0.484375 0.765133

0.488281 0.45904
0.485031 0.460938

0.484375 0.461328
0.485043 0.460938

0.488281 0.499561
0.487877 0.5

0.487894 0.5
0.48445 0.503906

0.484375 0.503996
0.484451 0.503906

0.484375 0.726291
0.484648 0.726562

0.488281 0.730073
0.484653 0.726562

0.484375 0.765119
0.485224 0.765625

0.488281 0.767404
0.485298 0.765625

0.492188 0.456979
0.492088 0.457031

0.488281 0.459061
0.492108 0.457031

0.492188 0.495564
0.491649 0.496094

0.488281 0.499565
0.491627 0.496094

0.488281 0.730071
0.488706 0.730469

0.492188 0.73364
0.488716 0.730469

0.488281 0.767372
0.491946 0.769531

0.492188 0.769674
0.491943 0.769531

0.492188 0.45698
0.496094 0.455093

0.496094 0.491934
0.495817 0.492188

0.492188 0.495571
0.495768 0.492188

0.492188 0.733643
0.493021 0.734375

0.496094 0.73701
0.493033 0.734375

0.492188 0.769671
0.496094 0.772033

0.496094 0.455094
0.5 0.453373

0.496094 0.491937
0.5 0.488383

0.496094 0.737028
0.497636 0.738281

0.5 0.740176
0.497646 0.738281

0.496094 0.77206
0.498368 0.773438

0.5 0.774437
0.49835 0.773438

0.503906 0.451813
0.500618 0.453125

0.5 0.453381
0.500641 0.453125

0.503906 0.48482
0.500153 0.488281

0.5 0.488419
0.500152 0.488281

0.5 0.740186
0.502589 0.742188

0.503906 0.743189
0.502575 0.742188

0.5 0.774474
0.503906 0.776816

0.503906 0.451728
0.507812 0.450084

0.507812 0.481102
0.504363 0.484375

0.503906 0.484811
0.504369 0.484375

0.503906 0.743203
0.507812 0.746083

0.503906 0.776837
0.504796 0.777344

0.507812 0.779038
0.504838 0.777344

0.511719 0.44846
0.510015 0.449219

0.507812 0.450154
0.509912 0.449219

0.511719 0.477386
0.508405 0.480469

0.507812 0.481052
0.508423 0.480469

0.507812 0.746083
0.507827 0.746094

0.511719 0.74883
0.507831 0.746094

0.507812 0.77901
0.511719 0.781075

0.511719 0.448499
0.515625 0.446808

0.515625 0.474023
0.512575 0.476562

0.511719 0.477351
0.51262 0.476562

0.511719 0.74885
0.513445 0.75

0.515625 0.751436
0.51347 0.75

0.511719 0.78108
0.512064 0.78125

0.515625 0.783022
0.512016 0.78125

0.519531 0.445038
0.518947 0.445312

0.515625 0.446834
0.518866 0.445312

0.519531 0.47128
0.517504 0.472656

0.515625 0.474045
0.517637 0.472656

0.515625 0.75145
0.519531 0.753872

0.515625 0.783004
0.519531 0.784807

0.519531 0.44502
0.523438 0.442949

0.519531 0.471316
0.523438 0.469225

0.519531 0.753873
0.51959 0.753906

0.523438 0.756118
0.519624 0.753906

0.519531 0.784827
0.520301 0.785156

0.523438 0.786504
0.520288 0.785156

0.527344 0.440625
0.525919 0.441406

0.523438 0.442897
0.526157 0.441406

0.527344 0.467639
0.524793 0.46875

0.523438 0.469296
0.52469 0.46875

0.523438 0.756121
0.526516 0.757812

0.527344 0.75826
0.526529 0.757812

0.523438 0.786672
0.527344 0.788219

0.527344 0.440583
0.53125 0.438823

0.527344 0.46786
0.53125 0.466429

0.527344 0.758229
0.53125 0.760239

0.527344 0.788062
0.530089 0.789062

0.53125 0.78944
0.530214 0.789062

0.53125 0.438723
0.535156 0.437743

0.53125 0.466365
0.535156 0.464858

0.53125 0.760273
0.534257 0.761719

0.535156 0.76215
0.53426 0.761719

0.53125 0.789445
0.535156 0.790679

0.535156 0.437637
0.539062 0.437598

0.539062 0.462773
0.535318 0.464844

0.535156 0.464919
0.5353 0.464844

0.535156 0.76211
0.539062 0.763872

0.535156 0.790868
0.539062 0.792137

0.542969 0.438909
0.539169 0.4375

0.542969 0.459623
0.541647 0.460938

0.539062 0.462826
0.541451 0.460938

0.539062 0.763908
0.542969 0.765562

0.539062 0.792
0.542191 0.792969

0.542969 0.793187
0.542265 0.792969

0.542969 0.438779
0.545932 0.441406

0.546875 0.44325
0.545904 0.441406

0.546875 0.45184
0.54662 0.453125

0.546755 0.453125
0.544944 0.457031

0.542969 0.459544
0.544965 0.457031

0.542969 0.765564
0.543119 0.765625

0.546875 0.76713
0.543153 0.765625

0.542969 0.793096
0.546875 0.794202

0.546875 0.443425
0.547703 0.445312

0.547353 0.445312
0.547435 0.449219

0.546875 0.451867
0.5474 0.449219

0.546875 0.767164
0.550781 0.768625

0.546875 0.794312
0.550781 0.795312

0.550781 0.768609
0.553518 0.769531

0.554688 0.769913
0.553553 0.769531

0.550781 0.795283
0.554688 0.796317

0.554688 0.769838
0.558594 0.771143

0.554688 0.79631
0.556618 0.796875

0.558594 0.797447
0.556639 0.796875

0.558594 0.771243
0.5625 0.772504

0.558594 0.797446
0.5625 0.798427

0.5625 0.772519
0.565891 0.773438

0.566406 0.773573
0.565906 0.773438

0.5625 0.798968
0.566406 0.799815

0.566406 0.773459
0.570312 0.77452

0.566406 0.799349
0.570312 0.80024

0.570312 0.774302
0.574219 0.775262

0.570312 0.800158
0.572921 0.800781

0.574219 0.801085
0.572948 0.800781

0.574219 0.775478
0.578125 0.776341

0.574219 0.801109
0.578125 0.801884

0.578125 0.776442
0.582007 0.777344

0.582031 0.77735
0.582003 0.777344

0.578125 0.801874
0.582031 0.802471

0.582031 0.777345
0.585938 0.778103

0.582031 0.802545
0.585938 0.802835

0.585938 0.777852
0.589844 0.778643

0.585938 0.803956
0.589844 0.804094

0.589844 0.778954
0.59375 0.779656

0.589844 0.803664
0.59375 0.803969

0.59375 0.77957
0.597656 0.780062

0.59375 0.803828
0.597656 0.804107

0.597656 0.780037
0.601562 0.780545

0.597656 0.804066
0.601562 0.804232

0.601562 0.780584
0.605469 0.78108

0.601562 0.804114
0.605469 0.80428

0.605469 0.78108
0.607082 0.78125

0.609375 0.781484
0.607153 0.78125

0.605469 0.804204
0.609375 0.804344

0.609375 0.781424
0.613281 0.781802

0.609375 0.804325
0.613281 0.804417

0.613281 0.781643
0.617188 0.782049

0.613281 0.804468
0.617188 0.804505

0.617188 0.781839
0.621094 0.782255

0.617188 0.804613
0.621094 0.804618

0.621094 0.781733
0.625 0.781841

0.621094 0.804619
0.625 0.804622

0.625 0.781764
0.628906 0.781922

0.625 0.804617
0.628906 0.804621

0.628906 0.781988
0.632812 0.782243

0.628906 0.804542
0.632812 0.80452

0.632812 0.781547
0.636719 0.781575

0.632812 0.804521
0.636719 0.804493

0.636719 0.783224
0.640625 0.783249

0.636719 0.80454
0.640625 0.804556

0.640625 0.783255
0.644531 0.783228

0.640625 0.804348
0.644531 0.804437

0.644531 0.781377
0.648438 0.781373

0.644531 0.804435
0.648438 0.804218

0.648438 0.783239
0.652344 0.783227

0.648438 0.804153
0.652344 0.803521

0.652344 0.782695
0.65625 0.782148

0.652344 0.803844
0.65625 0.803305

0.65625 0.782491
0.660156 0.781625

0.65625 0.802929
0.660156 0.802134

0.664062 0.781167
0.66353 0.78125

0.660156 0.781721
0.663176 0.78125

0.664062 0.800766
0.664012 0.800781

0.660156 0.801938
0.663842 0.800781

0.664062 0.781171
0.667969 0.780668

0.664062 0.800703
0.667969 0.799463

0.667969 0.780722
0.671875 0.780122

0.667969 0.799833
0.671875 0.79912

0.671875 0.779997
0.675781 0.779441

0.671875 0.798854
0.675781 0.798452

0.675781 0.779684
0.679688 0.778936

0.675781 0.798341
0.679688 0.797743

0.679688 0.778802
0.683594 0.777592

0.679688 0.797658
0.683594 0.797254

0.6875 0.776226
0.684198 0.777344

0.683594 0.777574
0.684275 0.777344

0.683594 0.797285
0.6875 0.797182

0.6875 0.776228
0.691406 0.774927

0.6875 0.797579
0.691406 0.796917

0.691406 0.774958
0.695312 0.7736

0.695312 0.79481
0.691653 0.796875

0.691406 0.79695
0.691562 0.796875

0.699219 0.772165
0.69563 0.773438

0.695312 0.773603
0.695779 0.773438

0.699219 0.790844
0.696876 0.792969

0.695312 0.794817
0.697457 0.792969

0.699219 0.77231
0.703125 0.770726

0.703125 0.787643
0.70117 0.789062

0.699219 0.790674
0.701256 0.789062

0.707031 0.768756
0.705427 0.769531

0.703125 0.770634
0.705407 0.769531

0.703125 0.787651
0.707031 0.785663

0.707031 0.768827
0.710938 0.766661

0.710938 0.784545
0.709166 0.785156

0.707031 0.785756
0.708771 0.785156

0.714844 0.764106
0.712402 0.765625

0.710938 0.766641
0.712571 0.765625

0.710938 0.784657
0.714844 0.783476

0.714844 0.764048
0.71875 0.761719

0.714844 0.783481
0.71875 0.782098

0.71875 0.761411
0.722656 0.759998

0.722656 0.780144
0.720577 0.78125

0.71875 0.782242
0.720632 0.78125

0.722656 0.759524
0.726562 0.76059

0.726562 0.77674
0.72614 0.777344

0.722656 0.780373
0.726074 0.777344

0.726562 0.760532
0.728045 0.761719

0.727887 0.761719
0.730367 0.765625

0.730163 0.765625
0.730088 0.769531

0.729751 0.769531
0.728681 0.773438

0.726562 0.77663
0.728603 0.773438

