0.386719 0.633032
0.38513 0.636719

0.385266 0.636719
0.384747 0.640625

0.38479 0.640625
0.385074 0.644531

0.384912 0.644531
0.386234 0.648438

0.386719 0.6496
0.386259 0.648438

0.386719 0.632064
0.390625 0.62905

0.386719 0.632831
0.386729 0.632812

0.386864 0.648438
0.388409 0.652344

0.387664 0.652344
0.388342 0.65625

0.388855 0.65625
0.389007 0.660156

0.388957 0.660156
0.388979 0.664062

0.388993 0.664062
0.388957 0.667969

0.388806 0.667969
0.388985 0.671875

0.38896 0.671875
0.389706 0.675781

0.390625 0.678635
0.389829 0.675781

0.390625 0.629423
0.394531 0.629934

0.390625 0.678472
0.390964 0.679688

0.390921 0.679688
0.392023 0.683594

0.392201 0.683594
0.392981 0.6875

0.392877 0.6875
0.393266 0.691406

0.393179 0.691406
0.393557 0.695312

0.393533 0.695312
0.394123 0.699219

0.394531 0.701106
0.394051 0.699219

0.394531 0.630587
0.398438 0.632577

0.394531 0.701097
0.395047 0.703125

0.395059 0.703125
0.396356 0.707031

0.396427 0.707031
0.39786 0.710938

0.398438 0.712332
0.397863 0.710938

0.398438 0.632631
0.398732 0.632812

0.402344 0.635253
0.398775 0.632812

0.398438 0.712286
0.399491 0.714844

0.399311 0.714844
0.400944 0.71875

0.402344 0.721629
0.401097 0.71875

0.402344 0.635285
0.404092 0.636719

0.40625 0.63866
0.404126 0.636719

0.402344 0.721611
0.402796 0.722656

0.402821 0.722656
0.404539 0.726562

0.404547 0.726562
0.406217 0.730469

0.40625 0.730544
0.406217 0.730469

0.40625 0.638747
0.407978 0.640625

0.410156 0.643343
0.408104 0.640625

0.40625 0.730532
0.407949 0.734375

0.407948 0.734375
0.409722 0.738281

0.410156 0.739218
0.409713 0.738281

0.410156 0.643637
0.410771 0.644531

0.410909 0.644531
0.413163 0.648438

0.414062 0.650242
0.413298 0.648438

0.410156 0.739232
0.411555 0.742188

0.411537 0.742188
0.413528 0.746094

0.414062 0.74708
0.413523 0.746094

0.414062 0.650765
0.414731 0.652344

0.414855 0.652344
0.415837 0.65625

0.415693 0.65625
0.416276 0.660156

0.41642 0.660156
0.417243 0.664062

0.417969 0.667332
0.417138 0.664062

0.414062 0.747026
0.415689 0.75

0.415736 0.75
0.417877 0.753906

0.417969 0.754071
0.417883 0.753906

0.417969 0.667459
0.418098 0.667969

0.41806 0.667969
0.418932 0.671875

0.41887 0.671875
0.419875 0.675781

0.419909 0.675781
0.421319 0.679688

0.421875 0.681018
0.421248 0.679688

0.417969 0.754074
0.41991 0.757812

0.421875 0.761521
0.419738 0.757812

0.421875 0.680943
0.423124 0.683594

0.423179 0.683594
0.425302 0.6875

0.425781 0.688355
0.425278 0.6875

0.421875 0.761519
0.42199 0.761719

0.421875 0.761828
0.425007 0.765625

0.425781 0.766408
0.424983 0.765625

0.425781 0.688341
0.427594 0.691406

0.429688 0.694829
0.42763 0.691406

0.425781 0.766349
0.429688 0.7695

0.429688 0.694811
0.429985 0.695312

0.429983 0.695312
0.432281 0.699219

0.433594 0.701511
0.432317 0.699219

0.429688 0.769478
0.429776 0.769531

0.433594 0.771647
0.430069 0.769531

0.433594 0.701526
0.434485 0.703125

0.434401 0.703125
0.436567 0.707031

0.4375 0.708553
0.436608 0.707031

0.433594 0.771485
0.436972 0.773438

0.4375 0.773741
0.436974 0.773438

0.4375 0.708604
0.438868 0.710938

0.438826 0.710938
0.44131 0.714844

0.441406 0.71499
0.441307 0.714844

0.4375 0.773671
0.441406 0.77633

0.441406 0.714956
0.444077 0.71875

0.445312 0.720399
0.444107 0.71875

0.441406 0.776334
0.442708 0.777344

0.445312 0.779548
0.442634 0.777344

0.445312 0.720349
0.447026 0.722656

0.449219 0.725578
0.447058 0.722656

0.445312 0.779609
0.44712 0.78125

0.449219 0.783257
0.447039 0.78125

0.449219 0.725557
0.449943 0.726562

0.449939 0.726562
0.452784 0.730469

0.453125 0.730946
0.452779 0.730469

0.449219 0.783339
0.451248 0.785156

0.453125 0.786799
0.451215 0.785156

0.453125 0.731001
0.455649 0.734375

0.457031 0.736173
0.455637 0.734375

0.453125 0.786822
0.455957 0.789062

0.457031 0.789877
0.455951 0.789062

0.457031 0.736135
0.458758 0.738281

0.460938 0.740761
0.458762 0.738281

0.457031 0.789869
0.460938 0.792689

0.460938 0.740734
0.462297 0.742188

0.464844 0.74471
0.462306 0.742188

0.460938 0.792695
0.461341 0.792969

0.464844 0.795329
0.461372 0.792969

0.464844 0.7447
0.466332 0.746094

0.46875 0.748261
0.466334 0.746094

0.464844 0.795349
0.467267 0.796875

0.46875 0.797798
0.467281 0.796875

0.46875 0.748272
0.470749 0.75

0.472656 0.751633
0.470745 0.75

0.46875 0.797869
0.472656 0.800151

0.472656 0.751648
0.475315 0.753906

0.476562 0.754968
0.475304 0.753906

0.472656 0.800139
0.473873 0.800781

0.476562 0.802156
0.473958 0.800781

0.476562 0.754993
0.479946 0.757812

0.480469 0.758245
0.479941 0.757812

0.476562 0.802179
0.480469 0.804095

0.480469 0.758265
0.484375 0.761375

0.480469 0.80409
0.48175 0.804688

0.484375 0.80587
0.48184 0.804688

0.484375 0.761381
0.484821 0.761719

0.488281 0.764302
0.484832 0.761719

0.484375 0.806012
0.488281 0.807763

0.488281 0.764319
0.490153 0.765625

0.492188 0.767022
0.49018 0.765625

0.488281 0.807631
0.490458 0.808594

0.492188 0.809313
0.49056 0.808594

0.492188 0.767014
0.496026 0.769531

0.496094 0.769576
0.496023 0.769531

0.492188 0.809341
0.496094 0.810949

0.496094 0.769559
0.5 0.772029

0.496094 0.810915
0.5 0.812469

0.5 0.772024
0.502271 0.773438

0.503906 0.774448
0.502284 0.773438

0.5 0.812468
0.500085 0.8125

0.5 0.81251
0.503906 0.813995

0.503906 0.774477
0.507812 0.776838

0.503906 0.814163
0.507812 0.815605

0.507812 0.776862
0.508665 0.777344

0.511719 0.779061
0.508683 0.777344

0.507812 0.815496
0.510546 0.816406

0.511719 0.816756
0.510668 0.816406

0.511719 0.779061
0.515625 0.781091

0.511719 0.816695
0.515625 0.817833

0.515625 0.781093
0.51595 0.78125

0.519531 0.782957
0.515984 0.78125

0.515625 0.818127
0.519531 0.819382

0.519531 0.782974
0.523438 0.784697

0.519531 0.819175
0.523243 0.820312

0.523438 0.82037
0.523249 0.820312

0.523438 0.784699
0.524557 0.785156

0.527344 0.786249
0.524673 0.785156

0.527344 0.821365
0.5237 0.820312

0.527344 0.786052
0.53125 0.787425

0.527344 0.821472
0.53125 0.822586

0.53125 0.78757
0.535156 0.788851

0.53125 0.82258
0.535156 0.823711

0.535156 0.788858
0.535702 0.789062

0.539062 0.790326
0.535697 0.789062

0.535156 0.823695
0.536851 0.824219

0.539062 0.824889
0.536895 0.824219

0.539062 0.790433
0.542969 0.791853

0.539062 0.824973
0.542969 0.825918

0.542969 0.79186
0.546758 0.792969

0.546875 0.793004
0.546755 0.792969

0.542969 0.826421
0.546875 0.827168

0.550781 0.793987
0.547246 0.792969

0.546875 0.826783
0.550781 0.827542

0.550781 0.793814
0.554688 0.794876

0.550781 0.827364
0.554688 0.828047

0.554688 0.795057
0.558594 0.796047

0.554688 0.828039
0.555294 0.828125

0.558594 0.828579
0.555388 0.828125

0.558594 0.796126
0.561338 0.796875

0.5625 0.797206
0.561285 0.796875

0.558594 0.828574
0.5625 0.829039

0.5625 0.797114
0.566406 0.798202

0.5625 0.829035
0.566406 0.829434

0.566406 0.79844
0.570312 0.79924

0.566406 0.829424
0.570312 0.829787

0.570312 0.799022
0.574219 0.799549

0.570312 0.829838
0.574219 0.830083

0.574219 0.799552
0.578125 0.800237

0.574219 0.831269
0.578125 0.831419

0.578125 0.800314
0.580818 0.800781

0.582031 0.800998
0.580783 0.800781

0.578125 0.830898
0.582031 0.831261

0.582031 0.800955
0.585938 0.801486

0.582031 0.830898
0.585938 0.831429

0.585938 0.801249
0.589844 0.8017

0.585938 0.831193
0.589844 0.831689

0.589844 0.801411
0.59375 0.801761

0.589844 0.831585
0.593665 0.832031

0.59375 0.832042
0.593659 0.832031

0.59375 0.801465
0.597656 0.801755

0.597656 0.832442
0.593797 0.832031

0.597656 0.801509
0.601562 0.801749

0.597656 0.832447
0.601562 0.832842

0.601562 0.802797
0.605469 0.802997

0.601562 0.832849
0.605469 0.833203

0.605469 0.803067
0.609375 0.803198

0.605469 0.833214
0.609375 0.833492

0.609375 0.803169
0.613281 0.803146

0.609375 0.833502
0.613281 0.833662

0.613281 0.803104
0.617188 0.803071

0.613281 0.833659
0.617188 0.833685

0.617188 0.803087
0.621094 0.803095

0.617188 0.833673
0.621094 0.833594

0.621094 0.80313
0.625 0.803074

0.621094 0.833583
0.625 0.833448

0.625 0.803104
0.628906 0.802854

0.625 0.833438
0.628906 0.833287

0.628906 0.802219
0.632812 0.801651

0.628906 0.833273
0.632812 0.833154

0.632812 0.801878
0.636719 0.801312

0.632812 0.833159
0.636719 0.833092

0.636719 0.801467
0.640625 0.801125

0.636719 0.833178
0.640625 0.832982

0.640625 0.801248
0.644531 0.800959

0.640625 0.83317
0.644531 0.8323

0.648438 0.800763
0.64819 0.800781

0.644531 0.801029
0.647966 0.800781

0.644531 0.831973
0.648438 0.83065

0.644531 0.832309
0.645351 0.832031

0.652344 0.800398
0.648535 0.800781

0.648438 0.831096
0.652344 0.83046

0.652344 0.800388
0.65625 0.799819

0.652344 0.830032
0.65625 0.830102

0.65625 0.799878
0.660156 0.799036

0.65625 0.830784
0.660156 0.831216

0.660156 0.798861
0.664062 0.797584

0.660156 0.831064
0.664062 0.831489

0.667969 0.796174
0.666121 0.796875

0.664062 0.797635
0.666065 0.796875

0.664062 0.831586
0.667969 0.830847

0.667969 0.795948
0.671875 0.794959

0.671875 0.827324
0.670668 0.828125

0.667969 0.830753
0.671875 0.8284

0.671875 0.795345
0.675781 0.794507

0.671875 0.827518
0.675781 0.825382

0.671875 0.828377
0.672272 0.828125

0.675781 0.794329
0.679688 0.793186

0.675781 0.825538
0.679688 0.824823

0.683594 0.792074
0.680548 0.792969

0.679688 0.793184
0.68042 0.792969

0.679688 0.824976
0.683594 0.824915

0.683594 0.792141
0.6875 0.790824

0.683594 0.825086
0.6875 0.82503

0.6875 0.790869
0.691406 0.789138

0.691406 0.824063
0.690838 0.824219

0.6875 0.825377
0.691406 0.824309

0.695312 0.786973
0.691411 0.789062

0.691406 0.789141
0.691554 0.789062

0.691406 0.824046
0.695312 0.821805

0.691406 0.824331
0.691618 0.824219

0.699219 0.784714
0.698428 0.785156

0.695312 0.786917
0.698462 0.785156

0.699219 0.818994
0.697093 0.820312

0.695312 0.821696
0.697543 0.820312

0.699219 0.784721
0.703125 0.782583

0.699219 0.818936
0.703125 0.817214

0.707031 0.780451
0.705595 0.78125

0.703125 0.782638
0.70562 0.78125

0.703125 0.817294
0.707031 0.816518

0.707031 0.780553
0.710938 0.778061

0.710938 0.816279
0.709984 0.816406

0.707031 0.816778
0.709818 0.816406

0.714844 0.775058
0.711894 0.777344

0.710938 0.778022
0.711883 0.777344

0.714844 0.815263
0.711131 0.816406

0.71875 0.771376
0.716586 0.773438

0.714844 0.775071
0.716689 0.773438

0.714844 0.815277
0.71875 0.81296

0.722656 0.767251
0.720498 0.769531

0.71875 0.771359
0.720534 0.769531

0.722656 0.809778
0.718903 0.8125

0.71875 0.812951
0.719359 0.8125

0.726562 0.76303
0.724233 0.765625

0.722656 0.767252
0.724173 0.765625

0.726562 0.807271
0.724408 0.808594

0.722656 0.809636
0.724341 0.808594

0.730469 0.758444
0.727803 0.761719

0.726562 0.763052
0.727738 0.761719

0.726562 0.807422
0.730469 0.805368

0.734375 0.752741
0.733697 0.753906

0.733657 0.753906
0.730951 0.757812

0.730469 0.758456
0.730964 0.757812

0.734375 0.803143
0.731899 0.804688

0.730469 0.805521
0.731853 0.804688

0.738281 0.603013
0.736525 0.605469

0.736808 0.605469
0.736458 0.609375

0.738281 0.612539
0.737099 0.609375

0.738281 0.745149
0.737843 0.746094

0.737868 0.746094
0.735911 0.75

0.734375 0.752667
0.735926 0.75

0.738281 0.799662
0.737127 0.800781

0.734375 0.803228
0.737272 0.800781

0.742188 0.601524
0.741964 0.601562

0.738281 0.603292
0.742012 0.601562

0.738281 0.612232
0.738673 0.613281

0.738725 0.613281
0.740249 0.617188

0.740196 0.617188
0.741608 0.621094

0.742188 0.622469
0.74167 0.621094

0.742188 0.736562
0.741398 0.738281

0.741403 0.738281
0.739623 0.742188

0.738281 0.745055
0.739611 0.742188

0.742188 0.79527
0.740719 0.796875

0.738281 0.799583
0.740797 0.796875

0.742188 0.602192
0.746094 0.604915

0.742188 0.622591
0.743095 0.625

0.742985 0.625
0.744161 0.628906

0.744207 0.628906
0.745246 0.632812

0.746094 0.635302
0.745378 0.632812

0.746094 0.72704
0.744846 0.730469

0.744694 0.730469
0.743052 0.734375

0.742188 0.736487
0.743157 0.734375

0.746094 0.79124
0.744383 0.792969

0.742188 0.795253
0.744347 0.792969

0.746094 0.605174
0.746359 0.605469

0.746338 0.605469
0.748913 0.609375

0.748546 0.609375
0.749978 0.613281

0.75 0.613771
0.749833 0.613281

0.746094 0.635495
0.746445 0.636719

0.746394 0.636719
0.747465 0.640625

0.747637 0.640625
0.748488 0.644531

0.748313 0.644531
0.749031 0.648438

0.749116 0.648438
0.749883 0.652344

0.75 0.653075
0.749865 0.652344

0.75 0.713091
0.749663 0.714844

0.749637 0.714844
0.748672 0.71875

0.748662 0.71875
0.747556 0.722656

0.747565 0.722656
0.74629 0.726562

0.746094 0.72709
0.746286 0.726562

0.75 0.787281
0.748411 0.789062

0.746094 0.791318
0.7483 0.789062

0.75 0.6138
0.751152 0.617188

0.75115 0.617188
0.752686 0.621094

0.753906 0.623809
0.752725 0.621094

0.75 0.6532
0.750562 0.65625

0.750422 0.65625
0.751239 0.660156

0.750865 0.660156
0.751388 0.664062

0.751943 0.664062
0.752027 0.667969

0.751921 0.667969
0.752099 0.671875

0.75221 0.671875
0.75247 0.675781

0.75245 0.675781
0.752609 0.679688

0.752611 0.679688
0.752706 0.683594

0.752716 0.683594
0.75272 0.6875

0.75274 0.6875
0.752594 0.691406

0.752567 0.691406
0.752283 0.695312

0.752214 0.695312
0.751983 0.699219

0.752049 0.699219
0.751876 0.703125

0.751511 0.703125
0.750859 0.707031

0.751062 0.707031
0.750205 0.710938

0.75 0.71308
0.750412 0.710938

0.753906 0.782081
0.751772 0.785156

0.75 0.787325
0.751775 0.785156

0.753906 0.623908
0.754381 0.625

0.754406 0.625
0.756227 0.628906

0.757812 0.632262
0.7563 0.628906

0.757812 0.775255
0.75669 0.777344

0.756705 0.777344
0.754401 0.78125

0.753906 0.782085
0.754447 0.78125

0.757812 0.631957
0.758198 0.632812

0.758186 0.632812
0.759489 0.636719

0.759559 0.636719
0.760782 0.640625

0.761719 0.643839
0.760654 0.640625

0.761719 0.767204
0.760747 0.769531

0.760708 0.769531
0.758798 0.773438

0.757812 0.775221
0.758771 0.773438

0.761719 0.64424
0.761815 0.644531

0.76181 0.644531
0.762991 0.648438

0.763041 0.648438
0.764252 0.652344

0.76436 0.652344
0.765356 0.65625

0.765625 0.658063
0.765363 0.65625

0.765625 0.754
0.764636 0.757812

0.764826 0.757812
0.763762 0.761719

0.763625 0.761719
0.762404 0.765625

0.761719 0.767144
0.762353 0.765625

0.765625 0.65817
0.765912 0.660156

0.76579 0.660156
0.766109 0.664062

0.766092 0.664062
0.766457 0.667969

0.766465 0.667969
0.766894 0.671875

0.766906 0.671875
0.767357 0.675781

0.768007 0.675781
0.768603 0.679688

0.767973 0.679688
0.768978 0.683594

0.769531 0.684929
0.76924 0.683594

0.769531 0.735701
0.769025 0.738281

0.769097 0.738281
0.768196 0.742188

0.768571 0.742188
0.767742 0.746094

0.767278 0.746094
0.766488 0.75

0.765625 0.753726
0.766455 0.75

0.765625 0.753984
0.765645 0.753906

0.769531 0.685503
0.769967 0.6875

0.769841 0.6875
0.770218 0.691406

0.770195 0.691406
0.770499 0.695312

0.770507 0.695312
0.770768 0.699219

0.770761 0.699219
0.770975 0.703125

0.770975 0.703125
0.771155 0.707031

0.771163 0.707031
0.771294 0.710938

0.771304 0.710938
0.771348 0.714844

0.771353 0.714844
0.771281 0.71875

0.771277 0.71875
0.771089 0.722656

0.771089 0.722656
0.770789 0.726562

0.770799 0.726562
0.770367 0.730469

0.770369 0.730469
0.76978 0.734375

0.769531 0.735639
0.769779 0.734375

