0.511719 0.812543
0.509321 0.816406

0.50855 0.816406
0.509159 0.820312

0.511719 0.822498
0.509963 0.820312

0.515625 0.809365
0.511953 0.8125

0.511719 0.812666
0.511835 0.8125

0.511719 0.822436
0.514021 0.824219

0.515625 0.824876
0.514499 0.824219

0.519531 0.807687
0.517675 0.808594

0.515625 0.809406
0.517288 0.808594

0.515625 0.824764
0.519531 0.825962

0.519531 0.807759
0.523438 0.806666

0.519531 0.826657
0.523438 0.827213

0.523438 0.806267
0.527344 0.805523

0.523438 0.826588
0.527344 0.827304

0.527344 0.805711
0.53125 0.805206

0.527344 0.827096
0.531208 0.828125

0.53125 0.828137
0.531204 0.828125

0.53125 0.805366
0.535156 0.805021

0.535156 0.829057
0.531561 0.828125

0.535156 0.805097
0.539062 0.804856

0.535156 0.829019
0.539062 0.830266

0.539062 0.804758
0.542969 0.804781

0.539062 0.8303
0.542969 0.831825

0.542969 0.804853
0.546875 0.805242

0.542969 0.831826
0.54347 0.832031

0.546875 0.833501
0.543291 0.832031

0.546875 0.805134
0.550781 0.805915

0.546875 0.833612
0.550781 0.835217

0.550781 0.806178
0.554688 0.807115

0.550781 0.835169
0.552751 0.835938

0.554688 0.83663
0.552911 0.835938

0.554688 0.807091
0.558594 0.807961

0.554688 0.836648
0.558594 0.837951

0.558594 0.807954
0.561494 0.808594

0.5625 0.80882
0.561476 0.808594

0.558594 0.838011
0.5625 0.839269

0.5625 0.808711
0.566406 0.809776

0.5625 0.839205
0.564442 0.839844

0.566406 0.840423
0.564644 0.839844

0.566406 0.809555
0.570312 0.810544

0.566406 0.840581
0.570312 0.841571

0.574219 0.481421
0.573282 0.484375

0.574219 0.485311
0.573787 0.484375

0.570312 0.810848
0.574219 0.811608

0.570312 0.841284
0.574219 0.842306

0.578125 0.478554
0.575398 0.480469

0.574219 0.482032
0.57511 0.480469

0.574219 0.485167
0.576256 0.488281

0.578125 0.490074
0.576021 0.488281

0.574219 0.811673
0.578125 0.812404

0.574219 0.842555
0.578125 0.843687

0.578125 0.478861
0.582031 0.47821

0.578125 0.49029
0.582031 0.491482

0.578125 0.81242
0.578679 0.8125

0.582031 0.81297
0.578781 0.8125

0.578125 0.843696
0.578357 0.84375

0.582031 0.844505
0.578814 0.84375

0.582031 0.478546
0.585938 0.478805

0.582031 0.491487
0.585938 0.49125

0.582031 0.812817
0.585938 0.813322

0.582031 0.844552
0.585938 0.845354

0.585938 0.478897
0.589844 0.479211

0.585938 0.490231
0.589844 0.490173

0.585938 0.813085
0.589844 0.813511

0.585938 0.84537
0.589844 0.845957

0.589844 0.479195
0.59375 0.479415

0.589844 0.490123
0.59375 0.490316

0.589844 0.813197
0.59375 0.81358

0.589844 0.846115
0.59375 0.846892

0.59375 0.479394
0.597656 0.479592

0.59375 0.490941
0.597656 0.491426

0.59375 0.814355
0.597656 0.814578

0.59375 0.84675
0.597545 0.847656

0.597656 0.847682
0.59755 0.847656

0.597656 0.479586
0.601562 0.479818

0.597656 0.491158
0.601562 0.49169

0.597656 0.814525
0.601562 0.814412

0.601562 0.848373
0.597897 0.847656

0.601562 0.479813
0.605469 0.4801

0.601562 0.491451
0.605469 0.491955

0.601562 0.813584
0.605469 0.813247

0.601562 0.848366
0.605469 0.849123

0.605469 0.480092
0.609375 0.480464

0.605469 0.491861
0.607314 0.492188

0.609375 0.492535
0.60741 0.492188

0.605469 0.813095
0.609375 0.812958

0.605469 0.849292
0.609375 0.849722

0.609375 0.48044
0.609594 0.480469

0.613281 0.48096
0.609585 0.480469

0.609375 0.492568
0.613281 0.493496

0.609375 0.813154
0.613281 0.813483

0.609375 0.849324
0.613281 0.849883

0.613281 0.480835
0.617188 0.481628

0.613281 0.493543
0.617188 0.494563

0.613281 0.813238
0.617188 0.813489

0.613281 0.850213
0.617188 0.851185

0.617188 0.48136
0.621094 0.482029

0.617188 0.494588
0.621094 0.495697

0.617188 0.814444
0.621094 0.814495

0.617188 0.851203
0.619 0.851562

0.621094 0.851888
0.619453 0.851562

0.621094 0.482289
0.625 0.483019

0.621094 0.495658
0.622487 0.496094

0.625 0.496883
0.622477 0.496094

0.621094 0.814488
0.625 0.814617

0.621094 0.851881
0.625 0.852468

0.625 0.483161
0.628906 0.484333

0.625 0.496903
0.628906 0.498128

0.625 0.814664
0.628906 0.814791

0.625 0.852471
0.628906 0.852972

0.628906 0.484304
0.629107 0.484375

0.632812 0.485695
0.629109 0.484375

0.628906 0.498159
0.632812 0.499485

0.628906 0.814771
0.632812 0.814844

0.628906 0.852979
0.632812 0.853372

0.632812 0.48573
0.636719 0.487334

0.632812 0.499412
0.634303 0.5

0.636719 0.50093
0.634363 0.5

0.632812 0.81484
0.636719 0.814906

0.632812 0.853432
0.636719 0.853582

0.636719 0.487359
0.6388 0.488281

0.640625 0.489051
0.638888 0.488281

0.636719 0.500955
0.640625 0.502658

0.636719 0.814924
0.640625 0.814954

0.636719 0.853479
0.640625 0.853472

0.640625 0.489013
0.644531 0.490647

0.640625 0.502685
0.643284 0.503906

0.644531 0.504453
0.643341 0.503906

0.640625 0.814967
0.644531 0.814895

0.640625 0.853476
0.644531 0.853509

0.644531 0.490694
0.648289 0.492188

0.648438 0.492316
0.648114 0.492188

0.644531 0.504447
0.648438 0.506341

0.644531 0.814893
0.648438 0.814697

0.644531 0.855287
0.648438 0.855295

0.648438 0.492318
0.652344 0.493868

0.648438 0.506344
0.651252 0.507812

0.652344 0.508373
0.65127 0.507812

0.648438 0.81462
0.652344 0.814461

0.648438 0.853516
0.652344 0.853503

0.652344 0.493843
0.65625 0.495307

0.652344 0.508387
0.65625 0.510551

0.652344 0.814491
0.65625 0.814462

0.652344 0.85483
0.65625 0.854664

0.65625 0.495271
0.658325 0.496094

0.660156 0.496775
0.658438 0.496094

0.65625 0.510563
0.65825 0.511719

0.660156 0.512817
0.658256 0.511719

0.65625 0.814481
0.660156 0.814483

0.65625 0.853369
0.660156 0.852987

0.660156 0.496748
0.664062 0.498327

0.660156 0.512829
0.664062 0.515211

0.660156 0.814526
0.664062 0.814434

0.660156 0.852944
0.664062 0.852563

0.664062 0.498362
0.667958 0.5

0.667969 0.500024
0.667912 0.5

0.664062 0.515188
0.664751 0.515625

0.667969 0.517728
0.664747 0.515625

0.664062 0.813884
0.667969 0.813352

0.664062 0.852617
0.667969 0.852213

0.667969 0.500022
0.671875 0.501893

0.667969 0.517737
0.670554 0.519531

0.671875 0.520421
0.670584 0.519531

0.667969 0.813704
0.671875 0.812912

0.667969 0.852169
0.671875 0.851724

0.671875 0.501841
0.675597 0.503906

0.675781 0.504012
0.67559 0.503906

0.671875 0.52044
0.675781 0.523315

0.675781 0.812405
0.675225 0.8125

0.671875 0.813041
0.675057 0.8125

0.675781 0.851265
0.674178 0.851562

0.671875 0.851751
0.672892 0.851562

0.675781 0.504019
0.679688 0.50656

0.675781 0.52331
0.675949 0.523438

0.679688 0.526362
0.675946 0.523438

0.675781 0.812485
0.679688 0.811687

0.675781 0.851091
0.679688 0.850132

0.679688 0.506562
0.681398 0.507812

0.683594 0.509477
0.681394 0.507812

0.679688 0.526381
0.680879 0.527344

0.683594 0.529597
0.680869 0.527344

0.679688 0.811499
0.683594 0.810736

0.679688 0.849828
0.683594 0.849386

0.683594 0.509551
0.686179 0.511719

0.6875 0.512877
0.686159 0.511719

0.683594 0.529617
0.68551 0.53125

0.6875 0.532995
0.685493 0.53125

0.683594 0.810955
0.6875 0.810166

0.683594 0.851044
0.6875 0.850947

0.6875 0.512908
0.690568 0.515625

0.691406 0.516422
0.690512 0.515625

0.6875 0.533022
0.689868 0.535156

0.691406 0.536599
0.689854 0.535156

0.6875 0.810032
0.691406 0.808939

0.6875 0.849549
0.691406 0.849278

0.691406 0.516436
0.694976 0.519531

0.695312 0.519847
0.694939 0.519531

0.691406 0.536603
0.69397 0.539062

0.695312 0.540401
0.693964 0.539062

0.695312 0.807812
0.692684 0.808594

0.691406 0.808916
0.69249 0.808594

0.691406 0.849252
0.695312 0.848887

0.695312 0.519842
0.699219 0.522971

0.695312 0.540397
0.697812 0.542969

0.699219 0.544458
0.697821 0.542969

0.695312 0.807651
0.699219 0.806782

0.695312 0.848875
0.699219 0.848494

0.699219 0.522962
0.699867 0.523438

0.703125 0.525816
0.699861 0.523438

0.699219 0.544446
0.70142 0.546875

0.703125 0.548816
0.701436 0.546875

0.699219 0.806645
0.703125 0.805663

0.699219 0.848478
0.703125 0.848136

0.703125 0.52576
0.705382 0.527344

0.707031 0.52846
0.70543 0.527344

0.703125 0.548786
0.704822 0.550781

0.707031 0.553443
0.704831 0.550781

0.707031 0.804585
0.706732 0.804688

0.703125 0.805922
0.706716 0.804688

0.703125 0.848134
0.707031 0.847865

0.707031 0.528387
0.710783 0.53125

0.710938 0.531283
0.710896 0.53125

0.707031 0.553432
0.708047 0.554688

0.710938 0.558309
0.708048 0.554688

0.707031 0.804573
0.710938 0.803331

0.707031 0.847869
0.710938 0.847667

0.710938 0.53128
0.714844 0.53487

0.710938 0.558318
0.711154 0.558594

0.71115 0.558594
0.714192 0.5625

0.714844 0.563365
0.714185 0.5625

0.710938 0.803435
0.714844 0.802098

0.710938 0.847627
0.714844 0.84758

0.714844 0.534858
0.715136 0.535156

0.715135 0.535156
0.718554 0.539062

0.71875 0.539476
0.718442 0.539062

0.714844 0.563351
0.717193 0.566406

0.71875 0.56845
0.717195 0.566406

0.71875 0.800494
0.718023 0.800781

0.714844 0.802054
0.718066 0.800781

0.714844 0.847568
0.716517 0.847656

0.71875 0.847779
0.716416 0.847656

0.71875 0.539481
0.721288 0.542969

0.722656 0.545079
0.721169 0.542969

0.71875 0.56843
0.720175 0.570312

0.722656 0.573555
0.720195 0.570312

0.71875 0.800519
0.722656 0.798842

0.71875 0.848167
0.722656 0.847842

0.722656 0.545149
0.723874 0.546875

0.726562 0.550293
0.723846 0.546875

0.722656 0.573544
0.72316 0.574219

0.723196 0.574219
0.726036 0.578125

0.726562 0.578928
0.726026 0.578125

0.722656 0.798897
0.726562 0.796949

0.726562 0.846103
0.723175 0.847656

0.722656 0.848035
0.723534 0.847656

0.726562 0.550336
0.726932 0.550781

0.730469 0.554627
0.726942 0.550781

0.726562 0.578891
0.72868 0.582031

0.730469 0.584895
0.728646 0.582031

0.730469 0.794607
0.726708 0.796875

0.726562 0.796953
0.726699 0.796875

0.730469 0.84259
0.729031 0.84375

0.726562 0.846044
0.729578 0.84375

0.730469 0.554537
0.730616 0.554688

0.734375 0.558463
0.730618 0.554688

0.730469 0.584919
0.73111 0.585938

0.731088 0.585938
0.733407 0.589844

0.734375 0.591551
0.733447 0.589844

0.734375 0.791753
0.732706 0.792969

0.730469 0.794653
0.732811 0.792969

0.734375 0.839793
0.734284 0.839844

0.730469 0.842396
0.734256 0.839844

0.734375 0.55831
0.734661 0.558594

0.738281 0.562421
0.734665 0.558594

0.734375 0.591505
0.735595 0.59375

0.735568 0.59375
0.737582 0.597656

0.738281 0.59908
0.737573 0.597656

0.738281 0.788343
0.737503 0.789062

0.734375 0.791795
0.737529 0.789062

0.738281 0.838363
0.734657 0.839844

0.738281 0.562369
0.738397 0.5625

0.738397 0.5625
0.741504 0.566406

0.742188 0.56757
0.741437 0.566406

0.738281 0.59906
0.739526 0.601562

0.739498 0.601562
0.741427 0.605469

0.742188 0.607022
0.741411 0.605469

0.742188 0.784349
0.741428 0.785156

0.738281 0.788331
0.741457 0.785156

0.738281 0.838479
0.742188 0.8373

0.742188 0.567508
0.743996 0.570312

0.743887 0.570312
0.746089 0.574219

0.746094 0.574317
0.74604 0.574219

0.742188 0.606954
0.743399 0.609375

0.74341 0.609375
0.74533 0.613281

0.746094 0.61496
0.745268 0.613281

0.746094 0.780021
0.744995 0.78125

0.742188 0.784327
0.745011 0.78125

0.742188 0.837365
0.746094 0.836235

0.746094 0.574322
0.748222 0.578125

0.75 0.581135
0.748179 0.578125

0.746094 0.614893
0.747223 0.617188

0.747303 0.617188
0.749129 0.621094

0.75 0.623275
0.749057 0.621094

0.75 0.775568
0.748528 0.777344

0.746094 0.780048
0.748465 0.777344

0.75 0.83496
0.747168 0.835938

0.746094 0.83629
0.747114 0.835938

0.75 0.581142
0.750538 0.582031

0.750561 0.582031
0.753148 0.585938

0.753906 0.587017
0.753176 0.585938

0.75 0.62329
0.75074 0.625

0.750687 0.625
0.752189 0.628906

0.752256 0.628906
0.753551 0.632812

0.753906 0.633844
0.753553 0.632812

0.753906 0.770457
0.751789 0.773438

0.75 0.775606
0.751738 0.773438

0.75 0.835179
0.753906 0.833338

0.753906 0.586979
0.75589 0.589844

0.757812 0.592642
0.755932 0.589844

0.753906 0.633995
0.75484 0.636719

0.754725 0.636719
0.755836 0.640625

0.755917 0.640625
0.756895 0.644531

0.757812 0.647375
0.756956 0.644531

0.757812 0.763568
0.756825 0.765625

0.75677 0.765625
0.754481 0.769531

0.753906 0.770469
0.754532 0.769531

0.757812 0.830525
0.755608 0.832031

0.753906 0.833353
0.755919 0.832031

0.757812 0.592533
0.758614 0.59375

0.758713 0.59375
0.761046 0.597656

0.761719 0.599244
0.760938 0.597656

0.757812 0.647455
0.758109 0.648438

0.758123 0.648438
0.759318 0.652344

0.759375 0.652344
0.760483 0.65625

0.760389 0.65625
0.761565 0.660156

0.761719 0.660294
0.761673 0.660156

0.761719 0.753037
0.761463 0.753906

0.761442 0.753906
0.760154 0.757812

0.760046 0.757812
0.758523 0.761719

0.757812 0.763517
0.758676 0.761719

0.761719 0.826907
0.760396 0.828125

0.757812 0.830519
0.760566 0.828125

0.761719 0.599142
0.762909 0.601562

0.762838 0.601562
0.764408 0.605469

0.765625 0.608973
0.764375 0.605469

0.761719 0.660416
0.762924 0.664062

0.762632 0.664062
0.763392 0.667969

0.763595 0.667969
0.764008 0.671875

0.76409 0.671875
0.764681 0.675781

0.764721 0.675781
0.765245 0.679688

0.765248 0.679688
0.76562 0.683594

0.765625 0.683776
0.765611 0.683594

0.765625 0.737795
0.765541 0.738281

0.765547 0.738281
0.764671 0.742188

0.764606 0.742188
0.763599 0.746094

0.763409 0.746094
0.762371 0.75

0.761719 0.752987
0.762597 0.75

0.765625 0.823394
0.764583 0.824219

0.761719 0.826719
0.764647 0.824219

0.765625 0.609042
0.765744 0.609375

0.765733 0.609375
0.76709 0.613281

0.767088 0.613281
0.768797 0.617188

0.769531 0.618489
0.768864 0.617188

0.765625 0.684272
0.765872 0.6875

0.765808 0.6875
0.766159 0.691406

0.766012 0.691406
0.766584 0.695312

0.766398 0.695312
0.767095 0.699219

0.767626 0.699219
0.768021 0.703125

0.767915 0.703125
0.768013 0.707031

0.768006 0.707031
0.768032 0.710938

0.768058 0.710938
0.767972 0.714844

0.767955 0.714844
0.767742 0.71875

0.767657 0.71875
0.767523 0.722656

0.767684 0.722656
0.76748 0.726562

0.76695 0.726562
0.766386 0.730469

0.766674 0.730469
0.76601 0.734375

0.765625 0.737636
0.766186 0.734375

0.765625 0.823455
0.769531 0.820725

0.769531 0.618598
0.770811 0.621094

0.770816 0.621094
0.772901 0.625

0.773438 0.625974
0.772935 0.625

0.773438 0.818234
0.770555 0.820312

0.769531 0.820774
0.770233 0.820312

0.773438 0.625829
0.775026 0.628906

0.77501 0.628906
0.7768 0.632812

0.777344 0.634222
0.776795 0.632812

0.777344 0.814142
0.77563 0.816406

0.773438 0.818384
0.775595 0.816406

0.777344 0.634124
0.778354 0.636719

0.778292 0.636719
0.779437 0.640625

0.779514 0.640625
0.780607 0.644531

0.78125 0.647182
0.780583 0.644531

0.78125 0.803706
0.780792 0.804688

0.780976 0.804688
0.779695 0.808594

0.779937 0.808594
0.778319 0.8125

0.777344 0.814129
0.778416 0.8125

0.78125 0.647525
0.78148 0.648438

0.781442 0.648438
0.782233 0.652344

0.782259 0.652344
0.783005 0.65625

0.783072 0.65625
0.784261 0.660156

0.785156 0.662416
0.784238 0.660156

0.785156 0.797211
0.782525 0.800781

0.78125 0.803659
0.782598 0.800781

0.785156 0.662537
0.785776 0.664062

0.785776 0.664062
0.787237 0.667969

0.787293 0.667969
0.788681 0.671875

0.789062 0.673069
0.788738 0.671875

0.789062 0.793047
0.785762 0.796875

0.785156 0.797227
0.785443 0.796875

0.789062 0.672998
0.789819 0.675781

0.789696 0.675781
0.790417 0.679688

0.790485 0.679688
0.790965 0.683594

0.792283 0.683594
0.792403 0.6875

0.790964 0.6875
0.790968 0.691406

0.791573 0.691406
0.792074 0.695312

0.791227 0.695312
0.79271 0.699219

0.792969 0.700689
0.79239 0.699219

0.792969 0.786688
0.792011 0.789062

0.792033 0.789062
0.789372 0.792969

0.789062 0.793067
0.789146 0.792969

0.792969 0.698547
0.793224 0.699219

0.793331 0.699219
0.79487 0.703125

0.795575 0.703125
0.796037 0.707031

0.794946 0.707031
0.794884 0.710938

0.794877 0.710938
0.794966 0.714844

0.795315 0.714844
0.795997 0.71875

0.795829 0.71875
0.796757 0.722656

0.796875 0.723467
0.796807 0.722656

0.796875 0.729799
0.79687 0.730469

0.796875 0.731716
0.796858 0.730469

0.796875 0.763247
0.796562 0.765625

0.796611 0.765625
0.795903 0.769531

0.796145 0.769531
0.795546 0.773438

0.796037 0.773438
0.795605 0.777344

0.794825 0.777344
0.794248 0.78125

0.794296 0.78125
0.793413 0.785156

0.792969 0.786483
0.793504 0.785156

0.796875 0.723834
0.797105 0.726562

0.79696 0.726562
0.796929 0.730469

0.796875 0.731374
0.796917 0.734375

0.796972 0.734375
0.797133 0.738281

0.797152 0.738281
0.797269 0.742188

0.797244 0.742188
0.797332 0.746094

0.797346 0.746094
0.797426 0.75

0.797434 0.75
0.797464 0.753906

0.797499 0.753906
0.797393 0.757812

0.797394 0.757812
0.79708 0.761719

0.796875 0.763186
0.797068 0.761719

