0.609375 0.727753
0.608615 0.730469

0.608607 0.730469
0.607698 0.734375

0.607033 0.734375
0.60638 0.738281

0.606484 0.738281
0.60611 0.742188

0.606205 0.742188
0.605964 0.746094

0.606062 0.746094
0.605866 0.75

0.60585 0.75
0.605751 0.753906

0.60573 0.753906
0.605816 0.757812

0.605912 0.757812
0.606237 0.761719

0.606135 0.761719
0.606665 0.765625

0.607073 0.765625
0.607801 0.769531

0.607795 0.769531
0.608751 0.773438

0.609375 0.775478
0.608744 0.773438

0.613281 0.716321
0.612328 0.71875

0.612329 0.71875
0.610953 0.722656

0.610922 0.722656
0.609682 0.726562

0.609375 0.727741
0.609705 0.726562

0.609375 0.775473
0.609953 0.777344

0.609869 0.777344
0.611342 0.78125

0.611408 0.78125
0.61318 0.785156

0.613281 0.785353
0.613177 0.785156

0.617188 0.707584
0.615562 0.710938

0.615488 0.710938
0.61378 0.714844

0.613281 0.71631
0.613857 0.714844

0.613281 0.785351
0.615291 0.789062

0.617188 0.792053
0.615272 0.789062

0.621094 0.700451
0.619535 0.703125

0.619519 0.703125
0.617437 0.707031

0.617188 0.707572
0.61745 0.707031

0.617188 0.792039
0.617783 0.792969

0.617746 0.792969
0.620726 0.796875

0.621094 0.79733
0.620709 0.796875

0.625 0.694263
0.624299 0.695312

0.624289 0.695312
0.621808 0.699219

0.621094 0.700445
0.621809 0.699219

0.621094 0.797314
0.624281 0.800781

0.625 0.801463
0.624309 0.800781

0.628906 0.68883
0.626981 0.691406

0.625 0.694276
0.62698 0.691406

0.625 0.801459
0.628576 0.804688

0.628906 0.805121
0.628392 0.804688

0.632812 0.683905
0.629899 0.6875

0.628906 0.688826
0.629894 0.6875

0.628906 0.805136
0.632812 0.807825

0.636719 0.679428
0.63648 0.679688

0.636489 0.679688
0.633053 0.683594

0.632812 0.683899
0.633066 0.683594

0.632812 0.807721
0.634304 0.808594

0.636719 0.80954
0.635158 0.808594

0.640625 0.675405
0.640244 0.675781

0.636719 0.679432
0.640238 0.675781

0.636719 0.809481
0.640455 0.8125

0.640625 0.813597
0.639471 0.8125

0.644531 0.671742
0.644383 0.671875

0.640625 0.675405
0.644377 0.671875

0.640625 0.813637
0.644531 0.816233

0.644531 0.671742
0.648438 0.668371

0.644531 0.81606
0.646355 0.816406

0.648438 0.81676
0.646571 0.816406

0.652344 0.665267
0.64895 0.667969

0.648438 0.668407
0.648977 0.667969

0.652344 0.816291
0.650501 0.816406

0.648438 0.816527
0.650359 0.816406

0.65625 0.662394
0.653976 0.664062

0.652344 0.665284
0.65401 0.664062

0.652344 0.816217
0.65625 0.815693

0.660156 0.659714
0.659485 0.660156

0.65625 0.662407
0.659525 0.660156

0.65625 0.815897
0.660156 0.815189

0.660156 0.659706
0.664062 0.657231

0.660156 0.815548
0.664062 0.815099

0.667969 0.654976
0.665732 0.65625

0.664062 0.657253
0.665823 0.65625

0.664062 0.816098
0.667969 0.816068

0.667969 0.654933
0.671875 0.652932

0.667969 0.814629
0.671875 0.814264

0.675781 0.651174
0.673317 0.652344

0.671875 0.653049
0.673361 0.652344

0.671875 0.814222
0.675781 0.813242

0.675781 0.651017
0.679688 0.649239

0.679688 0.811807
0.677882 0.8125

0.675781 0.813163
0.677507 0.8125

0.683594 0.647638
0.681835 0.648438

0.679688 0.649462
0.68194 0.648438

0.679688 0.811806
0.683594 0.809911

0.683594 0.647589
0.6875 0.645924

0.6875 0.807663
0.685868 0.808594

0.683594 0.809745
0.685612 0.808594

0.691406 0.644463
0.691216 0.644531

0.6875 0.645922
0.691399 0.644531

0.6875 0.807603
0.691406 0.804945

0.691406 0.64444
0.695312 0.643499

0.695312 0.801825
0.691728 0.804688

0.691406 0.80488
0.691662 0.804688

0.695312 0.643515
0.699219 0.643171

0.699219 0.798267
0.696455 0.800781

0.695312 0.801767
0.696444 0.800781

0.699219 0.643316
0.703125 0.643247

0.703125 0.794252
0.700612 0.796875

0.699219 0.798219
0.700588 0.796875

0.703125 0.643311
0.707031 0.643102

0.707031 0.789858
0.70431 0.792969

0.703125 0.794233
0.704287 0.792969

0.707031 0.642988
0.710938 0.642736

0.710938 0.785094
0.710888 0.785156

0.7109 0.785156
0.707709 0.789062

0.707031 0.78984
0.707691 0.789062

0.710938 0.64274
0.714844 0.642664

0.714844 0.779953
0.713902 0.78125

0.710938 0.785093
0.713904 0.78125

0.714844 0.642721
0.71875 0.642702

0.71875 0.774537
0.716767 0.777344

0.714844 0.779962
0.71677 0.777344

0.71875 0.64265
0.722656 0.642681

0.722656 0.768818
0.722193 0.769531

0.722224 0.769531
0.719554 0.773438

0.71875 0.774541
0.719508 0.773438

0.722656 0.642649
0.726562 0.642898

0.726562 0.762876
0.72478 0.765625

0.722656 0.768824
0.724782 0.765625

0.726562 0.642899
0.730469 0.643428

0.730469 0.756736
0.729797 0.757812

0.729866 0.757812
0.72738 0.761719

0.726562 0.762872
0.727304 0.761719

0.730469 0.643448
0.734375 0.644214

0.734375 0.750437
0.73224 0.753906

0.730469 0.756731
0.732237 0.753906

0.734375 0.644183
0.735654 0.644531

0.738281 0.645217
0.735761 0.644531

0.738281 0.743966
0.737011 0.746094

0.737007 0.746094
0.734641 0.75

0.734375 0.750421
0.734629 0.75

0.738281 0.645133
0.742188 0.646517

0.742188 0.73733
0.741639 0.738281

0.741689 0.738281
0.739396 0.742188

0.738281 0.743951
0.739334 0.742188

0.742188 0.646576
0.746094 0.648349

0.746094 0.73047
0.74389 0.734375

0.742188 0.73732
0.743885 0.734375

0.746094 0.648367
0.746219 0.648438

0.75 0.650645
0.746225 0.648438

0.75 0.723295
0.748254 0.726562

0.748245 0.726562
0.746094 0.730469

0.75 0.650603
0.752364 0.652344

0.753906 0.653469
0.752428 0.652344

0.753906 0.715613
0.752364 0.71875

0.752352 0.71875
0.750339 0.722656

0.75 0.723263
0.750324 0.722656

0.753906 0.653536
0.75677 0.65625

0.757812 0.657427
0.756785 0.65625

0.757812 0.707007
0.757803 0.707031

0.757803 0.707031
0.756102 0.710938

0.756095 0.710938
0.754279 0.714844

0.753906 0.715573
0.754265 0.714844

0.757812 0.657407
0.760009 0.660156

0.761719 0.663084
0.759953 0.660156

0.761719 0.696694
0.760854 0.699219

0.761016 0.699219
0.759553 0.703125

0.757812 0.707
0.759381 0.703125

0.761719 0.662986
0.762347 0.664062

0.762252 0.664062
0.764034 0.667969

0.764103 0.667969
0.765365 0.671875

0.765625 0.673548
0.7654 0.671875

0.765625 0.679805
0.765166 0.683594

0.765268 0.683594
0.764526 0.6875

0.764778 0.6875
0.763768 0.691406

0.763393 0.691406
0.762193 0.695312

0.761719 0.696635
0.762172 0.695312

0.765625 0.673504
0.765931 0.675781

0.765824 0.675781
0.765692 0.679688

0.765625 0.679734
0.765631 0.679688

