0.515625 0.7622
0.515052 0.765625

0.515061 0.765625
0.514488 0.769531

0.514436 0.769531
0.514028 0.773438

0.514035 0.773438
0.513882 0.777344

0.513931 0.777344
0.513923 0.78125

0.513941 0.78125
0.513944 0.785156

0.51392 0.785156
0.513948 0.789062

0.513879 0.789062
0.51412 0.792969

0.514171 0.792969
0.514658 0.796875

0.514765 0.796875
0.515182 0.800781

0.515047 0.800781
0.515453 0.804688

0.515625 0.805927
0.51533 0.804688

0.519531 0.746623
0.518518 0.75

0.518469 0.75
0.517459 0.753906

0.517281 0.753906
0.516339 0.757812

0.516506 0.757812
0.515654 0.761719

0.515625 0.762126
0.515693 0.761719

0.515625 0.805982
0.516246 0.808594

0.516197 0.808594
0.517815 0.8125

0.519531 0.81544
0.517954 0.8125

0.523438 0.735258
0.522281 0.738281

0.522268 0.738281
0.520911 0.742188

0.520921 0.742188
0.519677 0.746094

0.519531 0.746546
0.519667 0.746094

0.519531 0.815291
0.520129 0.816406

0.520053 0.816406
0.522427 0.820312

0.523438 0.821781
0.522467 0.820312

0.527344 0.725856
0.527022 0.726562

0.527002 0.726562
0.525336 0.730469

0.525333 0.730469
0.523759 0.734375

0.523438 0.735175
0.523743 0.734375

0.523438 0.821772
0.52508 0.824219

0.527344 0.827227
0.525051 0.824219

0.53125 0.717605
0.53067 0.71875

0.530659 0.71875
0.528785 0.722656

0.527344 0.725853
0.528798 0.722656

0.527344 0.827218
0.528051 0.828125

0.53125 0.831806
0.528008 0.828125

0.535156 0.710176
0.534729 0.710938

0.534719 0.710938
0.532636 0.714844

0.53125 0.7176
0.532645 0.714844

0.53125 0.831777
0.531488 0.832031

0.535156 0.835684
0.531451 0.832031

0.539062 0.703388
0.5369 0.707031

0.535156 0.710172
0.536918 0.707031

0.535156 0.835653
0.535469 0.835938

0.539062 0.839044
0.535473 0.835938

0.542969 0.697244
0.541679 0.699219

0.541679 0.699219
0.539231 0.703125

0.539062 0.703369
0.539206 0.703125

0.539062 0.839038
0.540099 0.839844

0.542969 0.842015
0.540132 0.839844

0.546875 0.691454
0.544224 0.695312

0.542969 0.697239
0.544227 0.695312

0.542969 0.842023
0.545512 0.84375

0.546875 0.844658
0.545511 0.84375

0.550781 0.686049
0.549726 0.6875

0.549722 0.6875
0.546919 0.691406

0.546875 0.691463
0.546914 0.691406

0.546875 0.844729
0.550781 0.847078

0.554688 0.680978
0.552631 0.683594

0.550781 0.686071
0.552634 0.683594

0.550781 0.847016
0.551979 0.847656

0.554688 0.849081
0.552023 0.847656

0.558594 0.676243
0.555694 0.679688

0.554688 0.680961
0.555691 0.679688

0.554688 0.849136
0.558594 0.851031

0.56249 0.671875
0.558987 0.675781

0.558594 0.676232
0.558982 0.675781

0.558594 0.850961
0.559918 0.851562

0.5625 0.852715
0.559962 0.851562

0.566406 0.667752
0.566204 0.667969

0.56616 0.667969
0.562528 0.671875

0.5625 0.671905
0.562528 0.671875

0.5625 0.852899
0.566406 0.854626

0.570312 0.66348
0.569791 0.664062

0.566406 0.667751
0.569801 0.664062

0.566406 0.854426
0.568749 0.855469

0.570312 0.856152
0.568778 0.855469

0.574219 0.659007
0.573198 0.660156

0.570312 0.663477
0.573276 0.660156

0.570312 0.856153
0.574219 0.857919

0.578125 0.654856
0.576678 0.65625

0.574219 0.659007
0.576804 0.65625

0.574219 0.85794
0.577396 0.859375

0.578125 0.859698
0.57741 0.859375

0.582031 0.65177
0.581232 0.652344

0.578125 0.654861
0.581241 0.652344

0.578125 0.859722
0.582031 0.861406

0.582031 0.651815
0.585938 0.649371

0.582031 0.861443
0.585938 0.86299

0.589844 0.647247
0.587919 0.648438

0.585938 0.649549
0.587742 0.648438

0.585938 0.863077
0.586588 0.863281

0.589844 0.864264
0.586712 0.863281

0.59375 0.644179
0.593306 0.644531

0.589844 0.647231
0.59346 0.644531

0.589844 0.86435
0.59375 0.86493

0.597656 0.640553
0.597566 0.640625

0.59375 0.644126
0.597656 0.640973

0.59375 0.864769
0.597656 0.864868

0.597656 0.640547
0.601562 0.638359

0.597656 0.640738
0.59785 0.640625

0.597656 0.864835
0.601562 0.864838

0.601562 0.63812
0.605469 0.637454

0.601562 0.864814
0.605469 0.864834

0.605469 0.637051
0.609375 0.637104

0.605469 0.864857
0.609375 0.864897

0.609375 0.637359
0.613281 0.63761

0.609375 0.864906
0.613281 0.864899

0.613281 0.637454
0.617188 0.637713

0.617188 0.727553
0.616923 0.730469

0.616992 0.730469
0.616701 0.734375

0.616862 0.734375
0.616629 0.738281

0.616803 0.738281
0.616616 0.742188

0.616775 0.742188
0.616622 0.746094

0.616788 0.746094
0.616679 0.75

0.616897 0.75
0.616853 0.753906

0.616767 0.753906
0.616837 0.757812

0.616683 0.757812
0.616796 0.761719

0.61669 0.761719
0.616809 0.765625

0.616635 0.765625
0.616807 0.769531

0.616619 0.769531
0.616851 0.773438

0.616668 0.773438
0.616988 0.777344

0.617188 0.779834
0.616925 0.777344

0.613281 0.86489
0.617188 0.864835

0.617188 0.638489
0.621094 0.639144

0.621094 0.698388
0.620948 0.699219

0.620951 0.699219
0.620266 0.703125

0.620509 0.703125
0.61986 0.707031

0.620234 0.707031
0.619674 0.710938

0.619042 0.710938
0.618561 0.714844

0.618553 0.714844
0.61811 0.71875

0.618124 0.71875
0.617703 0.722656

0.617692 0.722656
0.617286 0.726562

0.617188 0.727565
0.617278 0.726562

0.617188 0.779862
0.617334 0.78125

0.617356 0.78125
0.617823 0.785156

0.617829 0.785156
0.618296 0.789062

0.618265 0.789062
0.618781 0.792969

0.61875 0.792969
0.619439 0.796875

0.619776 0.796875
0.620503 0.800781

0.620261 0.800781
0.620896 0.804688

0.621094 0.80618
0.620815 0.804688

0.617188 0.864838
0.621094 0.864749

0.621094 0.638875
0.624262 0.640625

0.625 0.640935
0.624493 0.640625

0.625 0.677771
0.624621 0.679688

0.624678 0.679688
0.623877 0.683594

0.624204 0.683594
0.623426 0.6875

0.623019 0.6875
0.622297 0.691406

0.622304 0.691406
0.621621 0.695312

0.621094 0.69839
0.621633 0.695312

0.621094 0.806265
0.621529 0.808594

0.62157 0.808594
0.622447 0.8125

0.622392 0.8125
0.623455 0.816406

0.62362 0.816406
0.62472 0.820312

0.625 0.821667
0.62466 0.820312

0.621094 0.864856
0.625 0.864515

0.625 0.640947
0.628051 0.644531

0.628906 0.647887
0.627839 0.644531

0.628906 0.651125
0.628753 0.648438

0.628906 0.654007
0.628843 0.65625

0.628861 0.65625
0.628432 0.660156

0.628504 0.660156
0.627813 0.664062

0.628085 0.664062
0.627309 0.667969

0.626866 0.667969
0.626113 0.671875

0.626129 0.671875
0.625388 0.675781

0.625 0.677774
0.625394 0.675781

0.625 0.821847
0.625596 0.824219

0.625566 0.824219
0.626628 0.828125

0.626881 0.828125
0.628117 0.832031

0.628906 0.835027
0.627995 0.832031

0.625 0.864769
0.628906 0.863455

0.628906 0.648044
0.62903 0.648438

0.628906 0.65113
0.628975 0.652344

0.628906 0.654031
0.628954 0.652344

0.628906 0.835414
0.629065 0.835938

0.629079 0.835938
0.630169 0.839844

0.630101 0.839844
0.631395 0.84375

0.632812 0.847528
0.631571 0.84375

0.632812 0.860159
0.629643 0.863281

0.628906 0.863734
0.629661 0.863281

0.632812 0.847575
0.632839 0.847656

0.632884 0.847656
0.633745 0.851562

0.633832 0.851562
0.634039 0.855469

0.634314 0.855469
0.633143 0.859375

0.632812 0.860142
0.633286 0.859375

