0.480469 0.808063
0.480362 0.808594

0.480364 0.808594
0.479844 0.8125

0.479878 0.8125
0.479552 0.816406

0.479547 0.816406
0.479355 0.820312

0.47934 0.820312
0.479323 0.824219

0.479332 0.824219
0.479502 0.828125

0.479517 0.828125
0.479826 0.832031

0.479733 0.832031
0.480336 0.835938

0.480469 0.836479
0.480319 0.835938

0.484375 0.790097
0.483526 0.792969

0.483439 0.792969
0.4826 0.796875

0.482766 0.796875
0.482098 0.800781

0.481896 0.800781
0.481057 0.804688

0.480469 0.808055
0.481149 0.804688

0.480469 0.836403
0.481421 0.839844

0.481311 0.839844
0.482467 0.84375

0.482702 0.84375
0.483678 0.847656

0.484375 0.850191
0.483543 0.847656

0.488281 0.777353
0.487014 0.78125

0.487012 0.78125
0.485852 0.785156

0.485864 0.785156
0.484703 0.789062

0.484375 0.790171
0.484703 0.789062

0.484375 0.850552
0.484706 0.851562

0.484641 0.851562
0.486833 0.855469

0.488281 0.857342
0.486856 0.855469

0.492188 0.765539
0.492157 0.765625

0.492119 0.765625
0.490821 0.769531

0.490891 0.769531
0.489642 0.773438

0.489626 0.773438
0.488318 0.777344

0.488281 0.777458
0.488319 0.777344

0.488281 0.856966
0.490204 0.859375

0.492188 0.861552
0.490263 0.859375

0.496094 0.755114
0.49503 0.757812

0.495027 0.757812
0.493553 0.761719

0.492188 0.76554
0.493567 0.761719

0.492188 0.861573
0.493724 0.863281

0.496094 0.865751
0.493723 0.863281

0.5 0.744541
0.499279 0.746094

0.499328 0.746094
0.497961 0.75

0.497995 0.75
0.496578 0.753906

0.496094 0.755187
0.496599 0.753906

0.496094 0.86582
0.497525 0.867188

0.5 0.869338
0.497533 0.867188

0.503906 0.737794
0.503434 0.738281

0.503757 0.738281
0.500789 0.742188

0.5 0.744224
0.500946 0.742188

0.5 0.869368
0.502263 0.871094

0.503906 0.87228
0.502284 0.871094

0.503906 0.73771
0.507812 0.735365

0.503906 0.872282
0.507812 0.874875

0.507812 0.735
0.511719 0.735281

0.507812 0.874906
0.507973 0.875

0.511719 0.877178
0.508029 0.875

0.511719 0.736189
0.515625 0.738011

0.511719 0.877143
0.515006 0.878906

0.515625 0.879223
0.515034 0.878906

0.515625 0.738171
0.515799 0.738281

0.519531 0.740871
0.515909 0.738281

0.515625 0.879246
0.519531 0.881187

0.519531 0.740975
0.520945 0.742188

0.523438 0.744485
0.520998 0.742188

0.519531 0.881162
0.523074 0.882812

0.523438 0.882974
0.52309 0.882812

0.523438 0.744597
0.524836 0.746094

0.527344 0.749036
0.52492 0.746094

0.523438 0.883018
0.527344 0.884695

0.527344 0.749136
0.528006 0.75

0.528108 0.75
0.530809 0.753906

0.53125 0.754686
0.53078 0.753906

0.527344 0.884717
0.53125 0.886267

0.53125 0.754793
0.533071 0.757812

0.535156 0.761647
0.533072 0.757812

0.53125 0.886288
0.532442 0.886719

0.535156 0.887644
0.532593 0.886719

0.535156 0.761758
0.537172 0.765625

0.539062 0.769224
0.537197 0.765625

0.535156 0.887638
0.539062 0.888854

0.539062 0.769368
0.539147 0.769531

0.539178 0.769531
0.541229 0.773438

0.542969 0.776603
0.541266 0.773438

0.539062 0.888895
0.542969 0.890107

0.542969 0.776716
0.543306 0.777344

0.543332 0.777344
0.545479 0.78125

0.546875 0.783652
0.545515 0.78125

0.542969 0.890113
0.5447 0.890625

0.546875 0.891231
0.544828 0.890625

0.546875 0.783747
0.547673 0.785156

0.547797 0.785156
0.550078 0.789062

0.550781 0.790321
0.550016 0.789062

0.546875 0.891191
0.550781 0.892213

0.550781 0.790425
0.552329 0.792969

0.554688 0.796662
0.552343 0.792969

0.550781 0.892626
0.554688 0.893624

0.554688 0.796677
0.554811 0.796875

0.554804 0.796875
0.55744 0.800781

0.558594 0.802383
0.557459 0.800781

0.554688 0.893228
0.558594 0.894248

0.558594 0.802378
0.560257 0.804688

0.5625 0.807628
0.56026 0.804688

0.558594 0.894243
0.559702 0.894531

0.5625 0.895263
0.559686 0.894531

0.5625 0.807625
0.563239 0.808594

0.563236 0.808594
0.566372 0.8125

0.566406 0.81254
0.566373 0.8125

0.5625 0.895286
0.566406 0.896177

0.566406 0.812543
0.569672 0.816406

0.570312 0.817131
0.569681 0.816406

0.566406 0.896742
0.570312 0.897498

0.570312 0.817134
0.573149 0.820312

0.574219 0.82146
0.573158 0.820312

0.570312 0.897001
0.574219 0.897865

0.574219 0.821446
0.576838 0.824219

0.578125 0.825515
0.576848 0.824219

0.574219 0.897798
0.576889 0.898438

0.578125 0.898726
0.576919 0.898438

0.578125 0.825524
0.580786 0.828125

0.582031 0.8293
0.580792 0.828125

0.578125 0.898711
0.582031 0.899518

0.582031 0.829324
0.585011 0.832031

0.585938 0.832852
0.585011 0.832031

0.582031 0.899555
0.585938 0.900201

0.585938 0.832866
0.589535 0.835938

0.589844 0.836193
0.589536 0.835938

0.585938 0.900787
0.589844 0.901412

0.589844 0.836186
0.59375 0.839327

0.589844 0.900971
0.59375 0.901747

0.59375 0.839359
0.594385 0.839844

0.597656 0.842291
0.594431 0.839844

0.59375 0.901577
0.597656 0.90234

0.597656 0.842305
0.599671 0.84375

0.601562 0.845079
0.599696 0.84375

0.597656 0.902339
0.597681 0.902344

0.601562 0.902987
0.597777 0.902344

0.601562 0.845089
0.605339 0.847656

0.605469 0.847743
0.605337 0.847656

0.601562 0.902972
0.605469 0.903602

0.605469 0.847736
0.609375 0.850274

0.605469 0.903661
0.609375 0.90417

0.609375 0.8503
0.611424 0.851562

0.613281 0.852683
0.611463 0.851562

0.609375 0.905014
0.613281 0.905407

0.613281 0.852691
0.617188 0.854947

0.613281 0.904898
0.617188 0.905488

0.617188 0.854943
0.618135 0.855469

0.621094 0.857081
0.618191 0.855469

0.617188 0.905214
0.621094 0.905914

0.621094 0.857121
0.625 0.859196

0.621094 0.905822
0.624066 0.90625

0.625 0.906373
0.624145 0.90625

0.625 0.859209
0.625333 0.859375

0.628906 0.861124
0.625399 0.859375

0.625 0.906359
0.628906 0.906857

0.628906 0.861124
0.632812 0.862985

0.628906 0.906858
0.632812 0.907334

0.632812 0.862992
0.633437 0.863281

0.636719 0.864776
0.633493 0.863281

0.632812 0.907328
0.636719 0.907791

0.636719 0.864811
0.640625 0.866539

0.636719 0.90786
0.640625 0.908181

0.640625 0.866549
0.642163 0.867188

0.644531 0.868121
0.642282 0.867188

0.640625 0.90813
0.644531 0.908275

0.644531 0.867974
0.648438 0.869441

0.644531 0.908968
0.648438 0.909351

0.648438 0.869575
0.652344 0.870953

0.648438 0.909005
0.652344 0.909562

0.652344 0.870965
0.652692 0.871094

0.65625 0.872398
0.652728 0.871094

0.652344 0.90935
0.65625 0.909794

0.65625 0.872431
0.660156 0.873882

0.65625 0.909669
0.660156 0.910063

0.660156 0.873936
0.663386 0.875

0.664062 0.875215
0.663409 0.875

0.660156 0.910051
0.661375 0.910156

0.664062 0.910379
0.661487 0.910156

0.664062 0.875125
0.667969 0.876322

0.664062 0.910376
0.667969 0.910683

0.667969 0.876362
0.671875 0.877579

0.667969 0.910684
0.671875 0.910971

0.671875 0.877623
0.675781 0.878706

0.671875 0.910972
0.675781 0.911237

0.675781 0.878696
0.676615 0.878906

0.679688 0.879613
0.676887 0.878906

0.675781 0.911236
0.679688 0.911479

0.679688 0.879496
0.683594 0.880382

0.679688 0.911478
0.683594 0.9117

0.683594 0.880481
0.6875 0.881339

0.683594 0.911699
0.6875 0.911904

0.6875 0.881384
0.691406 0.88232

0.6875 0.911924
0.691406 0.912074

0.691406 0.882344
0.693496 0.882812

0.695312 0.883217
0.693507 0.882812

0.691406 0.912078
0.695312 0.912126

0.695312 0.883076
0.699219 0.884058

0.695312 0.912092
0.699219 0.912098

0.699219 0.883773
0.703125 0.8846

0.699219 0.913837
0.703125 0.91385

0.703125 0.884968
0.707031 0.885544

0.703125 0.913608
0.707031 0.913661

0.707031 0.885577
0.710938 0.886215

0.707031 0.913364
0.710938 0.913497

0.710938 0.886252
0.714197 0.886719

0.714844 0.88682
0.714139 0.886719

0.710938 0.913513
0.714844 0.913603

0.71875 0.887409
0.715406 0.886719

0.714844 0.913659
0.71875 0.913708

0.71875 0.887428
0.722656 0.888255

0.71875 0.913681
0.722656 0.913727

0.722656 0.887578
0.726562 0.887996

0.722656 0.913767
0.726562 0.913795

0.726562 0.888807
0.730469 0.88916

0.726562 0.913755
0.730469 0.913786

0.730469 0.889179
0.734375 0.889569

0.730469 0.913732
0.734375 0.913768

0.734375 0.88957
0.738281 0.889955

0.734375 0.913655
0.738281 0.913712

0.738281 0.889958
0.742188 0.89033

0.738281 0.91348
0.742188 0.913602

0.742188 0.890346
0.745568 0.890625

0.746094 0.890667
0.745584 0.890625

0.742188 0.91363
0.746094 0.913499

0.746094 0.89069
0.75 0.890866

0.746094 0.913327
0.75 0.912961

0.75 0.890686
0.753906 0.891021

0.75 0.913651
0.753906 0.913595

0.753906 0.890973
0.757812 0.891802

0.753906 0.913257
0.757812 0.91344

0.757812 0.891524
0.761719 0.892097

0.757812 0.913385
0.761719 0.913531

0.761719 0.892602
0.765625 0.892611

0.761719 0.913664
0.765625 0.913588

0.765625 0.890754
0.769531 0.890749

0.765625 0.913391
0.769531 0.91315

0.769531 0.892627
0.773438 0.892568

0.769531 0.912042
0.773438 0.912162

0.773438 0.891742
0.777344 0.891394

0.773438 0.913345
0.777344 0.912853

0.777344 0.891707
0.78125 0.891248

0.78125 0.909345
0.779701 0.910156

0.777344 0.912298
0.78125 0.910259

0.78125 0.891453
0.785156 0.89106

0.78125 0.909496
0.785156 0.907749

0.78125 0.910225
0.781394 0.910156

0.785156 0.891217
0.789062 0.890859

0.785156 0.907911
0.789062 0.907335

0.792969 0.890619
0.792894 0.890625

0.789062 0.890949
0.792884 0.890625

0.789062 0.907426
0.792969 0.90727

0.792969 0.890551
0.796875 0.890355

0.792969 0.907323
0.796875 0.907299

0.796875 0.890169
0.800781 0.890615

0.796875 0.90734
0.800781 0.907258

0.800781 0.890955
0.804688 0.891555

0.800781 0.907288
0.804688 0.907007

0.804688 0.891343
0.808594 0.891076

0.804688 0.907115
0.808594 0.90636

0.8125 0.890385
0.811435 0.890625

0.808594 0.891246
0.811349 0.890625

0.8125 0.904968
0.808721 0.90625

0.808594 0.906384
0.80899 0.90625

0.8125 0.890358
0.816406 0.889304

0.8125 0.904984
0.816406 0.903191

0.816406 0.889339
0.820312 0.888068

0.820312 0.900977
0.817633 0.902344

0.816406 0.903183
0.818051 0.902344

0.824219 0.886641
0.823986 0.886719

0.820312 0.887944
0.823966 0.886719

0.820312 0.900757
0.824219 0.899448

0.824219 0.886323
0.828125 0.885845

0.824219 0.899725
0.828125 0.899145

0.828125 0.885445
0.831173 0.886719

0.832031 0.887445
0.830833 0.886719

0.832031 0.89788
0.83119 0.898438

0.828125 0.899886
0.831179 0.898438

0.832031 0.886976
0.834761 0.890625

0.835688 0.890625
0.835662 0.894531

0.832031 0.898091
0.834662 0.894531

