0.546875 0.866037
0.545788 0.867188

0.545663 0.867188
0.543494 0.871094

0.543118 0.871094
0.543105 0.875

0.543719 0.875
0.545106 0.878906

0.546875 0.8814
0.545483 0.878906

0.546875 0.86605
0.550781 0.863368

0.546875 0.881361
0.547685 0.882812

0.5477 0.882812
0.550249 0.886719

0.550781 0.887495
0.550224 0.886719

0.554688 0.862967
0.553287 0.863281

0.550781 0.863724
0.552752 0.863281

0.550781 0.887556
0.553207 0.890625

0.554688 0.89214
0.553263 0.890625

0.554688 0.863082
0.558594 0.862831

0.554688 0.892258
0.557228 0.894531

0.558594 0.895504
0.557383 0.894531

0.558594 0.86283
0.5625 0.86284

0.558594 0.895612
0.5625 0.898276

0.5625 0.862754
0.566406 0.8632

0.5625 0.898284
0.562776 0.898438

0.566406 0.900351
0.56298 0.898438

0.566406 0.863166
0.566848 0.863281

0.570312 0.864241
0.566636 0.863281

0.566406 0.900364
0.570312 0.902247

0.570312 0.864131
0.574219 0.865264

0.570312 0.902253
0.570544 0.902344

0.574219 0.903805
0.570498 0.902344

0.574219 0.86549
0.578125 0.866492

0.574219 0.90392
0.578125 0.905364

0.578125 0.866557
0.580766 0.867188

0.582031 0.867483
0.580791 0.867188

0.578125 0.905267
0.580932 0.90625

0.582031 0.906529
0.581235 0.90625

0.582031 0.867413
0.585938 0.868235

0.582031 0.906563
0.585938 0.907647

0.585938 0.867927
0.589844 0.868683

0.585938 0.907644
0.589844 0.908543

0.589844 0.86903
0.59375 0.869707

0.589844 0.9086
0.59375 0.909566

0.59375 0.869679
0.597656 0.870362

0.59375 0.909534
0.596145 0.910156

0.597656 0.910505
0.596314 0.910156

0.597656 0.870361
0.601492 0.871094

0.601562 0.871108
0.60149 0.871094

0.597656 0.910466
0.601562 0.9114

0.601562 0.871112
0.605469 0.871912

0.601562 0.911601
0.605469 0.912187

0.605469 0.871698
0.609375 0.87253

0.605469 0.911828
0.609375 0.912384

0.609375 0.872788
0.613281 0.873564

0.609375 0.912665
0.613281 0.91359

0.613281 0.873537
0.617188 0.874236

0.613281 0.913568
0.615643 0.914062

0.617188 0.914328
0.615923 0.914062

0.617188 0.874202
0.621094 0.874949

0.617188 0.914321
0.621094 0.914968

0.621094 0.874949
0.621342 0.875

0.625 0.875782
0.621198 0.875

0.621094 0.914932
0.625 0.91557

0.625 0.875577
0.628906 0.876369

0.625 0.915735
0.628906 0.916107

0.628906 0.876565
0.632812 0.877361

0.628906 0.915896
0.632812 0.916093

0.632812 0.877412
0.636719 0.878136

0.632812 0.916533
0.636719 0.917156

0.636719 0.878099
0.640625 0.878721

0.636719 0.916895
0.640625 0.917687

0.640625 0.878694
0.641916 0.878906

0.644531 0.879341
0.64189 0.878906

0.640625 0.917638
0.642929 0.917969

0.644531 0.918148
0.643283 0.917969

0.644531 0.879193
0.648438 0.88011

0.644531 0.918136
0.648438 0.918587

0.648438 0.879841
0.652344 0.880464

0.648438 0.918588
0.652344 0.919016

0.652344 0.880785
0.65625 0.881102

0.652344 0.919009
0.65625 0.919426

0.65625 0.881185
0.660156 0.88179

0.65625 0.919464
0.660156 0.919811

0.660156 0.881834
0.664062 0.882474

0.660156 0.919843
0.664062 0.919976

0.664062 0.882498
0.666306 0.882812

0.667969 0.883038
0.666361 0.882812

0.664062 0.9199
0.667969 0.919907

0.667969 0.882983
0.671875 0.883453

0.667969 0.921614
0.671875 0.921631

0.671875 0.883246
0.675781 0.883874

0.671875 0.920674
0.675781 0.921047

0.675781 0.883623
0.679688 0.884158

0.675781 0.920672
0.679688 0.921272

0.679688 0.88466
0.683594 0.884897

0.679688 0.921075
0.683594 0.921509

0.683594 0.884827
0.6875 0.88513

0.683594 0.921393
0.6875 0.921736

0.6875 0.885187
0.691406 0.885582

0.6875 0.921707
0.690201 0.921875

0.691406 0.921936
0.690425 0.921875

0.691406 0.885597
0.695312 0.885939

0.691406 0.92193
0.695312 0.922116

0.695312 0.885934
0.699219 0.886202

0.695312 0.922114
0.699219 0.922281

0.699219 0.886184
0.703125 0.886425

0.699219 0.922281
0.703125 0.922432

0.703125 0.886425
0.707031 0.886672

0.703125 0.922433
0.707031 0.922567

0.707031 0.886664
0.70773 0.886719

0.710938 0.886947
0.708047 0.886719

0.707031 0.922567
0.710938 0.922683

0.710938 0.886937
0.714844 0.887098

0.710938 0.922683
0.714844 0.922782

0.714844 0.886856
0.71875 0.887346

0.714844 0.922782
0.71875 0.922864

0.71875 0.88681
0.722656 0.886813

0.71875 0.922864
0.722656 0.92293

0.722656 0.887382
0.726562 0.886843

0.722656 0.92293
0.726562 0.922979

0.730469 0.887423
0.726599 0.886719

0.726562 0.922979
0.730469 0.923011

0.730469 0.887556
0.734375 0.888014

0.730469 0.923011
0.734375 0.923026

0.734375 0.887987
0.738281 0.887351

0.734375 0.923026
0.738281 0.923022

0.738281 0.887523
0.742188 0.886945

0.738281 0.923022
0.742188 0.923

0.742188 0.886688
0.742841 0.886719

0.742188 0.886736
0.746094 0.886922

0.742188 0.923
0.746094 0.922957

0.746094 0.887157
0.75 0.887423

0.746094 0.922957
0.75 0.922892

0.75 0.887429
0.753906 0.887036

0.75 0.922892
0.753906 0.922802

0.757812 0.886684
0.757475 0.886719

0.753906 0.887064
0.757221 0.886719

0.753906 0.922803
0.757812 0.922686

0.757812 0.886711
0.761719 0.886381

0.757812 0.922689
0.761719 0.922539

0.761719 0.886387
0.765625 0.886021

0.761719 0.922539
0.765625 0.922348

0.765625 0.886012
0.769531 0.885618

0.765625 0.922331
0.769531 0.922135

0.769531 0.885621
0.773438 0.88521

0.769531 0.922168
0.773438 0.921932

0.773438 0.885157
0.777344 0.884829

0.777344 0.921447
0.775126 0.921875

0.773438 0.92198
0.77398 0.921875

0.777344 0.88346
0.78125 0.883352

0.777344 0.92123
0.78125 0.920305

0.785156 0.599682
0.782637 0.601562

0.783068 0.601562
0.781402 0.605469

0.78227 0.605469
0.784619 0.609375

0.785156 0.609502
0.785042 0.609375

0.78125 0.885033
0.785156 0.884523

0.78125 0.920084
0.785156 0.919739

0.785156 0.599933
0.789062 0.599831

0.785156 0.609498
0.788845 0.613281

0.789062 0.613323
0.789018 0.613281

0.785156 0.884145
0.789062 0.883188

0.785156 0.919877
0.789062 0.919826

0.789062 0.600548
0.790711 0.601562

0.792969 0.602972
0.790776 0.601562

0.789062 0.61332
0.792969 0.617058

0.792969 0.882451
0.791344 0.882812

0.789062 0.883279
0.79116 0.882812

0.789062 0.919819
0.792969 0.919799

0.792969 0.603174
0.795617 0.605469

0.796875 0.606731
0.79555 0.605469

0.792969 0.616999
0.793163 0.617188

0.796875 0.620951
0.793162 0.617188

0.792969 0.882465
0.796875 0.881536

0.792969 0.919814
0.796875 0.919807

0.796875 0.606783
0.799468 0.609375

0.800781 0.610746
0.799446 0.609375

0.796875 0.620957
0.797004 0.621094

0.797 0.621094
0.80054 0.625

0.800781 0.625324
0.800502 0.625

0.796875 0.881499
0.800781 0.880511

0.796875 0.919779
0.800781 0.919808

0.800781 0.610719
0.803221 0.613281

0.804688 0.614846
0.803244 0.613281

0.800781 0.625322
0.803827 0.628906

0.804688 0.629991
0.803799 0.628906

0.800781 0.880487
0.804688 0.879371

0.800781 0.920039
0.804688 0.919698

0.804688 0.614817
0.806794 0.617188

0.808594 0.619296
0.806783 0.617188

0.804688 0.629967
0.807013 0.632812

0.808594 0.634822
0.807012 0.632812

0.808594 0.87814
0.806257 0.878906

0.804688 0.879404
0.806207 0.878906

0.804688 0.919573
0.808594 0.918651

0.808594 0.619297
0.810134 0.621094

0.8125 0.623769
0.810114 0.621094

0.808594 0.634775
0.81011 0.636719

0.8125 0.639809
0.810126 0.636719

0.808594 0.878133
0.8125 0.876796

0.8125 0.917544
0.811064 0.917969

0.808594 0.918523
0.81047 0.917969

0.8125 0.623819
0.813607 0.625

0.816406 0.627739
0.813608 0.625

0.8125 0.639781
0.813133 0.640625

0.81315 0.640625
0.815982 0.644531

0.816406 0.6452
0.815959 0.644531

0.8125 0.876824
0.816406 0.875312

0.8125 0.91745
0.816406 0.916419

0.816406 0.627736
0.817725 0.628906

0.820312 0.631095
0.817726 0.628906

0.816406 0.64517
0.818617 0.648438

0.820312 0.651106
0.818593 0.648438

0.820312 0.873567
0.817082 0.875

0.816406 0.875334
0.817159 0.875

0.816406 0.916371
0.820312 0.915556

0.820312 0.631015
0.822533 0.632812

0.824219 0.634177
0.822555 0.632812

0.820312 0.651099
0.821109 0.652344

0.821149 0.652344
0.823505 0.65625

0.824219 0.657623
0.823436 0.65625

0.820312 0.873568
0.824219 0.871583

0.820312 0.915578
0.824219 0.91477

0.824219 0.634089
0.827067 0.636719

0.828125 0.637877
0.827056 0.636719

0.824219 0.657585
0.825684 0.660156

0.825688 0.660156
0.827871 0.664062

0.828125 0.664519
0.827881 0.664062

0.828125 0.86933
0.825091 0.871094

0.824219 0.871611
0.825114 0.871094

0.828125 0.913911
0.827429 0.914062

0.824219 0.914773
0.827486 0.914062

0.828125 0.637825
0.830433 0.640625

0.832031 0.643213
0.830349 0.640625

0.828125 0.664508
0.829972 0.667969

0.829958 0.667969
0.831941 0.671875

0.832031 0.67204
0.831952 0.671875

0.832031 0.866794
0.831434 0.867188

0.828125 0.86938
0.83146 0.867188

0.828125 0.914027
0.832031 0.912923

0.832031 0.643205
0.832866 0.644531

0.83279 0.644531
0.834955 0.648438

0.835938 0.650399
0.834887 0.648438

0.832031 0.672038
0.833838 0.675781

0.833819 0.675781
0.835623 0.679688

0.835938 0.680369
0.835637 0.679688

0.832031 0.866834
0.835938 0.86383

0.832031 0.9131
0.835938 0.912121

0.835938 0.650354
0.837003 0.652344

0.837033 0.652344
0.839245 0.65625

0.839844 0.657276
0.839259 0.65625

0.835938 0.680354
0.837366 0.683594

0.837352 0.683594
0.838977 0.6875

0.839844 0.689636
0.838971 0.6875

0.839844 0.860299
0.836593 0.863281

0.835938 0.863837
0.836595 0.863281

0.835938 0.911807
0.839844 0.911225

0.839844 0.657285
0.841481 0.660156

0.841435 0.660156
0.843601 0.664062

0.84375 0.664308
0.843614 0.664062

0.839844 0.689717
0.840534 0.691406

0.84048 0.691406
0.841958 0.695312

0.841992 0.695312
0.843428 0.699219

0.84375 0.699885
0.843494 0.699219

0.84375 0.85594
0.840756 0.859375

0.839844 0.8603
0.840749 0.859375

0.839844 0.911203
0.84375 0.910745

0.84375 0.664312
0.845789 0.667969

0.847656 0.671347
0.845771 0.667969

0.84375 0.699941
0.844974 0.703125

0.845106 0.703125
0.846318 0.707031

0.846104 0.707031
0.847197 0.710938

0.847656 0.712042
0.847303 0.710938

0.847656 0.850391
0.846932 0.851562

0.846909 0.851562
0.844088 0.855469

0.84375 0.855939
0.844125 0.855469

0.84375 0.910812
0.847656 0.91039

0.847656 0.671251
0.848004 0.671875

0.848007 0.671875
0.850114 0.675781

0.851562 0.678708
0.850108 0.675781

0.847656 0.712177
0.84851 0.714844

0.848383 0.714844
0.849396 0.71875

0.849448 0.71875
0.850396 0.722656

0.851562 0.726499
0.850514 0.722656

0.851562 0.726742
0.851512 0.726562

0.851562 0.843433
0.851409 0.84375

0.851406 0.84375
0.849296 0.847656

0.847656 0.850295
0.849289 0.847656

0.851562 0.909624
0.849463 0.910156

0.847656 0.910633
0.849536 0.910156

0.851562 0.678674
0.852066 0.679688

0.852037 0.679688
0.85385 0.683594

0.855469 0.687172
0.853797 0.683594

0.851562 0.726781
0.852604 0.730469

0.852407 0.730469
0.853202 0.734375

0.853302 0.734375
0.853986 0.738281

0.854171 0.738281
0.855069 0.742188

0.855469 0.744191
0.855009 0.742188

0.855469 0.834694
0.854954 0.835938

0.854971 0.835938
0.853295 0.839844

0.851562 0.843353
0.853261 0.839844

0.851562 0.909665
0.855469 0.907698

0.855469 0.687166
0.855625 0.6875

0.85563 0.6875
0.857559 0.691406

0.859375 0.695024
0.857601 0.691406

0.855469 0.744359
0.855867 0.746094

0.855843 0.746094
0.856844 0.75

0.857182 0.75
0.857701 0.753906

0.857289 0.753906
0.857615 0.757812

0.857783 0.757812
0.858404 0.761719

0.858408 0.761719
0.858981 0.765625

0.859375 0.768538
0.858986 0.765625

0.859375 0.819565
0.85926 0.820312

0.859261 0.820312
0.858567 0.824219

0.858536 0.824219
0.857764 0.828125

0.857639 0.828125
0.8564 0.832031

0.855469 0.834348
0.856429 0.832031

0.859375 0.904699
0.857201 0.90625

0.855469 0.907681
0.857525 0.90625

0.859375 0.694849
0.859602 0.695312

0.859589 0.695312
0.86126 0.699219

0.861215 0.699219
0.862769 0.703125

0.863281 0.704387
0.862816 0.703125

0.859375 0.768797
0.859473 0.769531

0.859454 0.769531
0.860009 0.773438

0.859827 0.773438
0.860613 0.777344

0.860266 0.777344
0.860768 0.78125

0.861364 0.78125
0.861344 0.785156

0.859532 0.785156
0.859539 0.789062

0.861347 0.789062
0.86139 0.792969

0.861368 0.792969
0.861343 0.796875

0.859643 0.796875
0.859625 0.800781

0.86027 0.800781
0.860064 0.804688

0.860404 0.804688
0.860058 0.808594

0.860369 0.808594
0.859974 0.8125

0.860272 0.8125
0.859728 0.816406

0.859375 0.819378
0.859832 0.816406

0.863281 0.901427
0.862148 0.902344

0.859375 0.904648
0.862213 0.902344

0.863281 0.704404
0.864251 0.707031

0.864172 0.707031
0.865411 0.710938

0.865403 0.710938
0.866754 0.714844

0.867188 0.715935
0.866777 0.714844

0.867188 0.898204
0.866912 0.898438

0.863281 0.901481
0.866908 0.898438

0.867188 0.716005
0.868221 0.71875

0.868221 0.71875
0.869679 0.722656

0.871094 0.72655
0.869721 0.722656

0.867188 0.898257
0.871094 0.894734

0.871094 0.726497
0.871117 0.726562

0.871115 0.726562
0.872293 0.730469

0.872226 0.730469
0.873308 0.734375

0.873316 0.734375
0.874568 0.738281

0.875 0.739402
0.874643 0.738281

0.875 0.890832
0.871322 0.894531

0.871094 0.894732
0.871305 0.894531

0.875 0.739371
0.875897 0.742188

0.875883 0.742188
0.876828 0.746094

0.87689 0.746094
0.878055 0.75

0.878906 0.75258
0.878056 0.75

0.878906 0.886364
0.878633 0.886719

0.878619 0.886719
0.875224 0.890625

0.875 0.890834
0.875197 0.890625

0.878906 0.752696
0.879305 0.753906

0.879263 0.753906
0.880213 0.757812

0.880208 0.757812
0.880966 0.761719

0.881043 0.761719
0.882047 0.765625

0.882812 0.768273
0.88212 0.765625

0.882812 0.880559
0.881566 0.882812

0.878906 0.886339
0.881475 0.882812

0.882812 0.768841
0.882993 0.769531

0.882959 0.769531
0.883631 0.773438

0.883646 0.773438
0.88423 0.777344

0.88426 0.777344
0.884665 0.78125

0.884664 0.78125
0.884832 0.785156

0.885374 0.785156
0.885845 0.789062

0.885545 0.789062
0.886214 0.792969

0.885968 0.792969
0.886451 0.796875

0.886719 0.799196
0.886456 0.796875

0.886719 0.856668
0.88649 0.859375

0.886534 0.859375
0.886257 0.863281

0.88641 0.863281
0.886126 0.867188

0.886242 0.867188
0.88576 0.871094

0.885931 0.871094
0.885237 0.875

0.885007 0.875
0.883745 0.878906

0.882812 0.88041
0.883642 0.878906

0.886719 0.799829
0.886827 0.800781

0.886798 0.800781
0.887241 0.804688

0.887207 0.804688
0.887874 0.808594

0.888071 0.808594
0.888638 0.8125

0.889868 0.8125
0.890015 0.816406

0.88865 0.816406
0.888646 0.820312

0.888669 0.820312
0.888666 0.824219

0.888623 0.824219
0.888659 0.828125

0.890427 0.828125
0.890415 0.832031

0.888657 0.832031
0.888578 0.835938

0.888693 0.835938
0.888468 0.839844

0.888369 0.839844
0.887968 0.84375

0.887977 0.84375
0.887581 0.847656

0.887573 0.847656
0.88718 0.851562

0.887173 0.851562
0.886813 0.855469

0.886719 0.856705
0.886823 0.855469

