0.429688 0.579099
0.428858 0.582031

0.428736 0.582031
0.427821 0.585938

0.427051 0.585938
0.426604 0.589844

0.426219 0.589844
0.428465 0.59375

0.429688 0.59481
0.428313 0.59375

0.433594 0.560218
0.433234 0.5625

0.433303 0.5625
0.432705 0.566406

0.432731 0.566406
0.431959 0.570312

0.4315 0.570312
0.430573 0.574219

0.430968 0.574219
0.429946 0.578125

0.429688 0.579144
0.429976 0.578125

0.429688 0.594808
0.433594 0.595352

0.437447 0.546875
0.435674 0.550781

0.435496 0.550781
0.434333 0.554688

0.434609 0.554688
0.433805 0.558594

0.433594 0.560204
0.433848 0.558594

0.4375 0.591754
0.435231 0.59375

0.433594 0.594866
0.435355 0.59375

0.441406 0.540645
0.439915 0.542969

0.439849 0.542969
0.437539 0.546875

0.4375 0.546935
0.437527 0.546875

0.441406 0.58095
0.441175 0.582031

0.441334 0.582031
0.440294 0.585938

0.440595 0.585938
0.438793 0.589844

0.4375 0.591598
0.438772 0.589844

0.445312 0.534448
0.444912 0.535156

0.444916 0.535156
0.442496 0.539062

0.441406 0.540692
0.442452 0.539062

0.445312 0.566231
0.445251 0.566406

0.445215 0.566406
0.443922 0.570312

0.443876 0.570312
0.442835 0.574219

0.442924 0.574219
0.442042 0.578125

0.441406 0.580947
0.44201 0.578125

0.449219 0.527233
0.449161 0.527344

0.44917 0.527344
0.447082 0.53125

0.445312 0.534455
0.447126 0.53125

0.449219 0.55565
0.44808 0.558594

0.448322 0.558594
0.446877 0.5625

0.445312 0.566236
0.44663 0.5625

0.453125 0.519868
0.451211 0.523438

0.449219 0.527237
0.451229 0.523438

0.453125 0.546349
0.452863 0.546875

0.452909 0.546875
0.451164 0.550781

0.451141 0.550781
0.449545 0.554688

0.449219 0.555585
0.449566 0.554688

0.457031 0.512223
0.455394 0.515625

0.45539 0.515625
0.453354 0.519531

0.453125 0.519899
0.453322 0.519531

0.457031 0.538965
0.456974 0.539062

0.456994 0.539062
0.454823 0.542969

0.453125 0.546345
0.454804 0.542969

0.460938 0.503637
0.460769 0.503906

0.460938 0.503907
0.458881 0.507812

0.459026 0.507812
0.457237 0.511719

0.457031 0.51219
0.457258 0.511719

0.460938 0.53289
0.459376 0.535156

0.457031 0.538969
0.459376 0.535156

0.464844 0.498848
0.463698 0.5

0.460938 0.503655
0.463772 0.5

0.464844 0.52764
0.462062 0.53125

0.460938 0.532854
0.462045 0.53125

0.464844 0.498888
0.468465 0.496094

0.46875 0.523034
0.468398 0.523438

0.468371 0.523438
0.46509 0.527344

0.464844 0.527645
0.465083 0.527344

0.472656 0.494122
0.468834 0.496094

0.46875 0.496135
0.468831 0.496094

0.472656 0.518677
0.471884 0.519531

0.46875 0.523038
0.471861 0.519531

0.472656 0.49436
0.476562 0.492343

0.476562 0.514402
0.475443 0.515625

0.472656 0.518684
0.475433 0.515625

0.480469 0.489749
0.476939 0.492188

0.476562 0.492402
0.476914 0.492188

0.480469 0.510199
0.479027 0.511719

0.476562 0.514408
0.479036 0.511719

0.484375 0.486027
0.482196 0.488281

0.480469 0.489723
0.482136 0.488281

0.484375 0.50629
0.482784 0.507812

0.480469 0.510197
0.482832 0.507812

0.488281 0.480213
0.4881 0.480469

0.488281 0.480749
0.485604 0.484375

0.484375 0.485941
0.485673 0.484375

0.488281 0.502859
0.487025 0.503906

0.484375 0.50629
0.487097 0.503906

0.492188 0.475622
0.491174 0.476562

0.488281 0.480222
0.491482 0.476562

0.492188 0.499933
0.492092 0.5

0.488281 0.502862
0.492056 0.5

0.492188 0.475632
0.496094 0.473181

0.492188 0.499934
0.496094 0.497356

0.496094 0.473539
0.499472 0.472656

0.5 0.495032
0.498244 0.496094

0.496094 0.497415
0.498279 0.496094

0.503906 0.472002
0.500914 0.472656

0.5 0.472826
0.500775 0.472656

0.5 0.495017
0.503906 0.492822

0.503906 0.472121
0.507812 0.470537

0.507812 0.490839
0.505119 0.492188

0.503906 0.492852
0.505233 0.492188

0.511719 0.467986
0.510471 0.46875

0.507812 0.47048
0.510639 0.46875

0.507812 0.490863
0.511719 0.489154

0.511719 0.467878
0.515625 0.465176

0.515625 0.48763
0.514032 0.488281

0.511719 0.489209
0.513988 0.488281

0.519531 0.462819
0.515661 0.464844

0.515625 0.465039
0.515999 0.464844

0.515625 0.487675
0.519531 0.486201

0.519531 0.462904
0.523438 0.461634

0.519531 0.486199
0.523438 0.484738

0.527344 0.460902
0.527217 0.460938

0.523438 0.461839
0.52667 0.460938

0.527344 0.483051
0.524279 0.484375

0.523438 0.484723
0.524244 0.484375

0.527344 0.460899
0.53125 0.459664

0.527344 0.482952
0.53125 0.481236

0.53125 0.459496
0.535156 0.457816

0.535156 0.479643
0.533091 0.480469

0.53125 0.481275
0.533265 0.480469

0.539062 0.456059
0.536542 0.457031

0.535156 0.457815
0.537189 0.457031

0.535156 0.479755
0.539062 0.478642

0.539062 0.456218
0.542969 0.455435

0.539062 0.478561
0.542969 0.477907

0.542969 0.45555
0.546875 0.455159

0.542969 0.477919
0.546875 0.477403

0.546875 0.454644
0.550781 0.454043

0.546875 0.477423
0.550781 0.476978

0.550781 0.454412
0.554688 0.453606

0.550781 0.477029
0.554267 0.476562

0.554688 0.453504
0.558594 0.453271

0.558594 0.475738
0.554722 0.476562

0.558594 0.453395
0.5625 0.453577

0.558594 0.475836
0.5625 0.475052

0.5625 0.453621
0.566406 0.453438

0.5625 0.47472
0.566406 0.474453

0.566406 0.453468
0.570312 0.453166

0.566406 0.474593
0.570312 0.474556

0.570312 0.453249
0.574219 0.453135

0.570312 0.47455
0.574219 0.474477

0.578125 0.453045
0.574833 0.453125

0.574219 0.45314
0.574838 0.453125

0.574219 0.474436
0.578125 0.47442

0.578125 0.453035
0.582031 0.452969

0.578125 0.474441
0.582031 0.47452

0.582031 0.452962
0.585938 0.452957

0.582031 0.474556
0.585938 0.474616

0.585938 0.452953
0.589844 0.45303

0.585938 0.474511
0.589844 0.474689

0.589844 0.453004
0.591741 0.453125

0.59375 0.453221
0.592244 0.453125

0.589844 0.474959
0.59375 0.475753

0.59375 0.453194
0.597656 0.453777

0.59375 0.475729
0.597268 0.476562

0.597656 0.453685
0.601562 0.454484

0.597656 0.476461
0.598279 0.476562

0.601562 0.477113
0.59817 0.476562

0.601562 0.454815
0.605469 0.455361

0.601562 0.477117
0.605469 0.477794

0.605469 0.455041
0.609375 0.455702

0.605469 0.477793
0.609375 0.4785

0.609375 0.455922
0.613281 0.456897

0.609375 0.478576
0.613281 0.479695

0.613281 0.456822
0.614053 0.457031

0.617188 0.457844
0.614186 0.457031

0.613281 0.479776
0.615366 0.480469

0.617188 0.480979
0.615653 0.480469

0.617188 0.45776
0.621094 0.458762

0.617188 0.480953
0.621094 0.481975

0.621094 0.458858
0.625 0.459796

0.621094 0.482277
0.625 0.483408

0.625 0.459849
0.628851 0.460938

0.625 0.483045
0.628831 0.484375

0.628906 0.484446
0.628703 0.484375

0.628906 0.46092
0.62896 0.460938

0.632812 0.46216
0.628992 0.460938

0.628906 0.484451
0.632812 0.48583

0.632812 0.462308
0.636719 0.463494

0.632812 0.485923
0.636719 0.487468

0.636719 0.463237
0.640625 0.464579

0.636719 0.487372
0.638728 0.488281

0.640625 0.48909
0.638838 0.488281

0.640625 0.46471
0.640922 0.464844

0.644531 0.466467
0.64094 0.464844

0.640625 0.489088
0.644531 0.490944

0.644531 0.4665
0.648438 0.468378

0.644531 0.490955
0.646943 0.492188

0.648438 0.49293
0.646986 0.492188

0.648438 0.468391
0.649185 0.46875

0.652344 0.470281
0.649157 0.46875

0.648438 0.492944
0.652344 0.495073

0.652344 0.470279
0.65625 0.472107

0.652344 0.4951
0.654127 0.496094

0.65625 0.497304
0.654079 0.496094

0.65625 0.472088
0.657472 0.472656

0.660156 0.473906
0.65747 0.472656

0.65625 0.497299
0.660156 0.499528

0.660156 0.47389
0.664062 0.475764

0.660156 0.499516
0.660977 0.5

0.664062 0.501815
0.660996 0.5

0.664062 0.475743
0.665638 0.476562

0.667969 0.477752
0.665684 0.476562

0.664062 0.501805
0.667527 0.503906

0.667969 0.504153
0.667558 0.503906

0.667969 0.477775
0.671875 0.48001

0.667969 0.504156
0.671875 0.506643

0.671875 0.480024
0.672611 0.480469

0.675781 0.482406
0.672606 0.480469

0.671875 0.50665
0.673591 0.507812

0.675781 0.509277
0.673633 0.507812

0.675781 0.482439
0.678873 0.484375

0.679688 0.484868
0.678893 0.484375

0.675781 0.509294
0.679086 0.511719

0.679688 0.512146
0.67911 0.511719

0.679688 0.484856
0.683594 0.48726

0.679688 0.512176
0.683594 0.515253

0.683594 0.487293
0.685228 0.488281

0.6875 0.489645
0.685245 0.488281

0.683594 0.51525
0.684052 0.515625

0.6875 0.518511
0.684048 0.515625

0.6875 0.489611
0.691406 0.492051

0.6875 0.518538
0.68866 0.519531

0.691406 0.521913
0.688653 0.519531

0.691406 0.492014
0.691673 0.492188

0.695312 0.494692
0.69167 0.492188

0.691406 0.521934
0.693121 0.523438

0.695312 0.525385
0.693101 0.523438

0.695312 0.494718
0.697137 0.496094

0.699219 0.497708
0.697137 0.496094

0.695312 0.525399
0.697481 0.527344

0.699219 0.528944
0.697464 0.527344

0.699219 0.497771
0.701886 0.5

0.703125 0.501072
0.701864 0.5

0.699219 0.528948
0.701683 0.53125

0.703125 0.532641
0.701677 0.53125

0.703125 0.501093
0.706389 0.503906

0.707031 0.504501
0.706341 0.503906

0.703125 0.532643
0.705658 0.535156

0.707031 0.536557
0.705666 0.535156

0.707031 0.504505
0.710938 0.507787

0.707031 0.536555
0.709387 0.539062

0.710938 0.540753
0.709417 0.539062

0.710938 0.507783
0.710974 0.507812

0.714844 0.510911
0.710974 0.507812

0.710938 0.540742
0.71287 0.542969

0.714844 0.545329
0.712887 0.542969

0.714844 0.510869
0.715938 0.511719

0.71875 0.513953
0.715948 0.511719

0.714844 0.545315
0.71611 0.546875

0.71875 0.550178
0.716112 0.546875

0.71875 0.513905
0.720784 0.515625

0.722656 0.517317
0.720811 0.515625

0.71875 0.550194
0.719211 0.550781

0.719217 0.550781
0.722272 0.554688

0.722656 0.555195
0.722265 0.554688

0.722656 0.517328
0.724773 0.519531

0.726562 0.521666
0.724779 0.519531

0.722656 0.555192
0.725296 0.558594

0.726562 0.560259
0.725303 0.558594

0.726562 0.521667
0.727965 0.523438

0.730469 0.526768
0.727914 0.523438

0.726562 0.560215
0.728313 0.5625

0.730469 0.565365
0.728333 0.5625

0.730469 0.52688
0.730818 0.527344

0.730794 0.527344
0.733979 0.53125

0.734375 0.531749
0.733936 0.53125

0.730469 0.565341
0.731239 0.566406

0.731256 0.566406
0.734 0.570312

0.734375 0.570892
0.734002 0.570312

0.734375 0.808149
0.734175 0.808594

0.734211 0.808594
0.732963 0.8125

0.732902 0.8125
0.732269 0.816406

0.730599 0.816406
0.730595 0.820312

0.732214 0.820312
0.732939 0.824219

0.734375 0.827268
0.732715 0.824219

0.734375 0.531743
0.737632 0.535156

0.738281 0.535716
0.737694 0.535156

0.734375 0.570878
0.736554 0.574219

0.738281 0.577076
0.73653 0.574219

0.738281 0.800756
0.738264 0.800781

0.738267 0.800781
0.735941 0.804688

0.734375 0.808216
0.735964 0.804688

0.734375 0.827331
0.734825 0.828125

0.738281 0.831334
0.734747 0.828125

0.738281 0.535681
0.741983 0.539062

0.742188 0.539068
0.742181 0.539062

0.738281 0.577103
0.738904 0.578125

0.738866 0.578125
0.741117 0.582031

0.742188 0.583927
0.741175 0.582031

0.742188 0.795742
0.741228 0.796875

0.738281 0.80076
0.741201 0.796875

0.738281 0.831293
0.740108 0.832031

0.742188 0.83259
0.740783 0.832031

0.746094 0.542762
0.74219 0.539062

0.742188 0.583904
0.743274 0.585938

0.743256 0.585938
0.745228 0.589844

0.746094 0.591638
0.745217 0.589844

0.746094 0.791527
0.744748 0.792969

0.742188 0.795837
0.744713 0.792969

0.742188 0.832485
0.746094 0.832886

0.746094 0.542656
0.746402 0.542969

0.746408 0.542969
0.749789 0.546875

0.75 0.547268
0.749737 0.546875

0.746094 0.591652
0.747119 0.59375

0.747132 0.59375
0.748986 0.597656

0.75 0.599838
0.748984 0.597656

0.75 0.787392
0.748486 0.789062

0.746094 0.791603
0.74845 0.789062

0.746094 0.832746
0.75 0.832775

0.75 0.547256
0.752286 0.550781

0.753906 0.554238
0.752192 0.550781

0.75 0.599929
0.750761 0.601562

0.750685 0.601562
0.752445 0.605469

0.753906 0.608525
0.75249 0.605469

0.753906 0.782776
0.752031 0.785156

0.75 0.787447
0.751981 0.785156

0.75 0.832769
0.753906 0.83272

0.753906 0.554304
0.754096 0.554688

0.75405 0.554688
0.755735 0.558594

0.755752 0.558594
0.757405 0.5625

0.757812 0.563569
0.75735 0.5625

0.753906 0.608519
0.754303 0.609375

0.754336 0.609375
0.756202 0.613281

0.757812 0.616693
0.756188 0.613281

0.757812 0.777232
0.757746 0.777344

0.757745 0.777344
0.755079 0.78125

0.753906 0.782797
0.755062 0.78125

0.753906 0.832907
0.757812 0.832418

0.757812 0.56355
0.759047 0.566406

0.759138 0.566406
0.760974 0.570312

0.761719 0.571931
0.760828 0.570312

0.757812 0.616551
0.758116 0.617188

0.758134 0.617188
0.759885 0.621094

0.75986 0.621094
0.761399 0.625

0.761719 0.625841
0.7614 0.625

0.761719 0.770359
0.760074 0.773438

0.757812 0.777187
0.760068 0.773438

0.761719 0.830945
0.758956 0.832031

0.757812 0.832634
0.759346 0.832031

0.761719 0.572029
0.762924 0.574219

0.762892 0.574219
0.765522 0.578125

0.765625 0.578252
0.765528 0.578125

0.761719 0.625923
0.762849 0.628906

0.762619 0.628906
0.763951 0.632812

0.764207 0.632812
0.765352 0.636719

0.765625 0.637796
0.765295 0.636719

0.765625 0.761394
0.765506 0.761719

0.765507 0.761719
0.763944 0.765625

0.763926 0.765625
0.762119 0.769531

0.761719 0.770305
0.762132 0.769531

0.761719 0.830796
0.765625 0.828388

0.765625 0.578249
0.768742 0.582031

0.769531 0.5828
0.768836 0.582031

0.765625 0.637861
0.766471 0.640625

0.766381 0.640625
0.767401 0.644531

0.767504 0.644531
0.768332 0.648438

0.768377 0.648438
0.769278 0.652344

0.769531 0.65348
0.769264 0.652344

0.769531 0.750034
0.768292 0.753906

0.768262 0.753906
0.7669 0.757812

0.765625 0.761313
0.766904 0.757812

0.769531 0.825706
0.765702 0.828125

0.765625 0.828355
0.765983 0.828125

0.769531 0.582736
0.772409 0.585938

0.773438 0.587017
0.772555 0.585938

0.769531 0.65349
0.770181 0.65625

0.770077 0.65625
0.770893 0.660156

0.770418 0.660156
0.771053 0.664062

0.771603 0.664062
0.772272 0.667969

0.772324 0.667969
0.773064 0.671875

0.773438 0.67393
0.773084 0.671875

0.773438 0.733912
0.773321 0.734375

0.773395 0.734375
0.772513 0.738281

0.77238 0.738281
0.771546 0.742188

0.771349 0.742188
0.770407 0.746094

0.769531 0.749856
0.770672 0.746094

0.769531 0.750033
0.769542 0.75

0.773438 0.823712
0.772409 0.824219

0.769531 0.825613
0.772352 0.824219

0.773438 0.586908
0.775678 0.589844

0.777344 0.593113
0.77565 0.589844

0.773438 0.673966
0.77375 0.675781

0.773697 0.675781
0.77426 0.679688

0.773989 0.679688
0.774494 0.683594

0.774178 0.683594
0.774591 0.6875

0.7741 0.6875
0.774286 0.691406

0.775348 0.691406
0.775493 0.695312

0.775549 0.695312
0.775769 0.699219

0.775775 0.699219
0.775945 0.703125

0.775948 0.703125
0.776049 0.707031

0.776058 0.707031
0.776067 0.710938

0.776123 0.710938
0.775908 0.714844

0.775803 0.714844
0.775461 0.71875

0.774135 0.71875
0.774007 0.722656

0.774337 0.722656
0.774128 0.726562

0.774997 0.726562
0.774173 0.730469

0.773438 0.73351
0.7742 0.730469

0.773438 0.823838
0.777344 0.822439

0.777344 0.593
0.77772 0.59375

0.7776 0.59375
0.77881 0.597656

0.778536 0.597656
0.779647 0.601562

0.779723 0.601562
0.781138 0.605469

0.78125 0.605718
0.781151 0.605469

0.777344 0.822599
0.78125 0.821115

0.78125 0.60572
0.782693 0.609375

0.782743 0.609375
0.784513 0.613281

0.785156 0.614634
0.784469 0.613281

0.785156 0.818822
0.782875 0.820312

0.78125 0.821385
0.783015 0.820312

0.785156 0.614627
0.786456 0.617188

0.786532 0.617188
0.788553 0.621094

0.789062 0.622103
0.788604 0.621094

0.789062 0.814694
0.787436 0.816406

0.785156 0.818679
0.787571 0.816406

0.789062 0.622061
0.790398 0.625

0.790462 0.625
0.79208 0.628906

0.792969 0.631438
0.791986 0.628906

0.792969 0.810598
0.790925 0.8125

0.789062 0.814495
0.790998 0.8125

0.792969 0.631464
0.793492 0.632812

0.793459 0.632812
0.79466 0.636719

0.794778 0.636719
0.796047 0.640625

0.796875 0.643367
0.795905 0.640625

0.796875 0.807641
0.795553 0.808594

0.792969 0.81063
0.795572 0.808594

0.796875 0.64334
0.797296 0.644531

0.797336 0.644531
0.798474 0.648438

0.798693 0.648438
0.799836 0.652344

0.799627 0.652344
0.800755 0.65625

0.800781 0.656607
0.800704 0.65625

0.796875 0.807911
0.800781 0.804858

0.800781 0.656602
0.801554 0.660156

0.80153 0.660156
0.802248 0.664062

0.802155 0.664062
0.802975 0.667969

0.803259 0.667969
0.804141 0.671875

0.804688 0.675418
0.80389 0.671875

0.804688 0.800913
0.801191 0.804688

0.800781 0.804911
0.801037 0.804688

0.804688 0.675547
0.80474 0.675781

0.804742 0.675781
0.805837 0.679688

0.805819 0.679688
0.807217 0.683594

0.808594 0.686879
0.807274 0.683594

0.808594 0.793195
0.806934 0.796875

0.804688 0.80066
0.807019 0.796875

0.804688 0.800886
0.804765 0.800781

0.808594 0.68655
0.808975 0.6875

0.809015 0.6875
0.810296 0.691406

0.810535 0.691406
0.811576 0.695312

0.811465 0.695312
0.812167 0.699219

0.811993 0.699219
0.812279 0.703125

0.812147 0.703125
0.812473 0.707031

0.8125 0.707075
0.812495 0.707031

0.8125 0.780799
0.812381 0.78125

0.812368 0.78125
0.811143 0.785156

0.811016 0.785156
0.809813 0.789062

0.809992 0.789062
0.808691 0.792969

0.808594 0.793118
0.808661 0.792969

0.8125 0.707084
0.81291 0.710938

0.812946 0.710938
0.813333 0.714844

0.813353 0.714844
0.813602 0.71875

0.813571 0.71875
0.813701 0.722656

0.813674 0.722656
0.813801 0.726562

0.813802 0.726562
0.813975 0.730469

0.813962 0.730469
0.814205 0.734375

0.814291 0.734375
0.814459 0.738281

0.81441 0.738281
0.814427 0.742188

0.814418 0.742188
0.814402 0.746094

0.814399 0.746094
0.814377 0.75

0.814374 0.75
0.814358 0.753906

0.814361 0.753906
0.814349 0.757812

0.814333 0.757812
0.81435 0.761719

0.814363 0.761719
0.814413 0.765625

0.814449 0.765625
0.814433 0.769531

0.814512 0.769531
0.814199 0.773438

0.814188 0.773438
0.813442 0.777344

0.8125 0.780654
0.813376 0.777344

