0.00390625 0.503906 2.91556e-05 0.0195372 2.71213e-05 0.0195981 0.00858234
0.0117188 0.503906 0.000252817 0.0542901 0.000221574 0.0543999 0.00861563
0.0195312 0.503906 0.0005469 0.0848884 0.000461966 0.0849907 0.00859447
0.0273438 0.503906 0.000783612 0.111505 0.00062998 0.111551 0.00856751
0.0351562 0.503906 0.000877845 0.134403 0.000645289 0.13436 0.0084836
0.0429688 0.503906 0.000792695 0.153927 0.000456095 0.153781 0.00839642
0.0507812 0.503906 0.0004621 0.170405 -9.96042e-06 0.170092 0.00820536
0.0585938 0.503906 -0.000130853 0.18412 -0.000744331 0.183681 0.00800213
0.0664062 0.503906 -0.00102499 0.195643 -0.00175411 0.195087 0.00766061
0.0742188 0.503906 -0.00214425 0.205272 -0.00298129 0.204623 0.00736605
0.0820312 0.503906 -0.00341473 0.213478 -0.0043638 0.212754 0.00693065
0.0898438 0.503906 -0.00481479 0.220456 -0.00586848 0.21969 0.0065084
0.0976562 0.503906 -0.00628253 0.226558 -0.00743688 0.225762 0.00597055
0.105469 0.503906 -0.00779976 0.231871 -0.00904978 0.231068 0.00542655
0.113281 0.503906 -0.00930742 0.236593 -0.0106538 0.23579 0.00479459
0.121094 0.503906 -0.0108286 0.240758 -0.0122639 0.239963 0.00411624
0.128906 0.503906 -0.0123151 0.244399 -0.013838 0.243623 0.00339252
0.136719 0.503906 -0.0137629 0.24757 -0.0153727 0.246813 0.00260372
0.144531 0.503906 -0.0151741 0.250252 -0.0168674 0.249518 0.00177035
0.152344 0.503906 -0.016537 0.252455 -0.018312 0.251745 0.00088387
0.160156 0.503906 -0.0178575 0.254166 -0.0197107 0.253481 -5.21669e-05
0.167969 0.503906 -0.0191235 0.255375 -0.0210532 0.254718 -0.00102614
0.175781 0.503906 -0.0203354 0.256094 -0.0223399 0.255464 -0.00205027
0.183594 0.503906 -0.021496 0.25631 -0.0235724 0.255708 -0.003108
0.191406 0.503906 -0.0226019 0.256032 -0.0247479 0.255458 -0.00420573
0.199219 0.503906 -0.0236559 0.255261 -0.0258685 0.254714 -0.00533365
0.207031 0.503906 -0.0246564 0.254005 -0.0269329 0.253486 -0.00649161
0.214844 0.503906 -0.0256049 0.252274 -0.0279424 0.251782 -0.00767356
0.222656 0.503906 -0.0265018 0.250079 -0.0288971 0.249614 -0.00887649
0.230469 0.503906 -0.0273481 0.247435 -0.0297981 0.246997 -0.0100956
0.238281 0.503906 -0.028145 0.244359 -0.0306465 0.243947 -0.0113268
0.246094 0.503906 -0.0288941 0.240869 -0.0314439 0.240481 -0.0125657
0.253906 0.503906 -0.0295971 0.236985 -0.0321919 0.236622 -0.013808
0.261719 0.503906 -0.0302561 0.232729 -0.0328926 0.232389 -0.0150494
0.269531 0.503906 -0.0308732 0.228124 -0.0335482 0.227805 -0.0162858
0.277344 0.503906 -0.0314512 0.223194 -0.0341614 0.222895 -0.0175133
0.285156 0.503906 -0.0319925 0.217963 -0.0347346 0.217684 -0.0187277
0.292969 0.503906 -0.0325004 0.212457 -0.0352712 0.212196 -0.0199264
0.300781 0.503906 -0.032977 0.206702 -0.0357735 0.206456 -0.0211041
0.308594 0.503906 -0.0334255 0.200725 -0.0362447 0.200494 -0.0222602
0.316406 0.503906 -0.0338495 0.194551 -0.0366886 0.194333 -0.0233898
0.324219 0.503906 -0.0342519 0.188207 -0.0371083 0.188 -0.0244918
0.332031 0.503906 -0.0346365 0.181718 -0.0375074 0.18152 -0.025563
0.339844 0.503906 -0.0350063 0.175107 -0.0378894 0.174917 -0.026602
0.347656 0.503906 -0.0353646 0.168397 -0.0382576 0.168213 -0.0276066
0.355469 0.503906 -0.0357145 0.16161 -0.0386154 0.16143 -0.0285757
0.363281 0.503906 -0.0360591 0.154766 -0.0389659 0.154589 -0.0295079
0.371094 0.503906 -0.0364011 0.147882 -0.0393122 0.147706 -0.0304023
0.378906 0.503906 -0.0367432 0.140975 -0.039657 0.140799 -0.0312581
0.386719 0.503906 -0.0370878 0.134058 -0.0400029 0.133881 -0.0320747
0.394531 0.503906 -0.037437 0.127144 -0.0403522 0.126965 -0.0328518
0.402344 0.503906 -0.0377928 0.120241 -0.0407071 0.120059 -0.033589
0.410156 0.503906 -0.0381567 0.113358 -0.0410692 0.113172 -0.0342864
0.417969 0.503906 -0.0385302 0.1065 -0.0414402 0.106309 -0.0349438
0.425781 0.503906 -0.0389143 0.0996704 -0.0418211 0.0994742 -0.0355614
0.433594 0.503906 -0.0393099 0.0928708 -0.0422129 0.0926691 -0.0361391
0.441406 0.503906 -0.0397176 0.0861018 -0.0426162 0.0858943 -0.0366775
0.449219 0.503906 -0.0401374 0.0793617 -0.0430313 0.0791483 -0.0371759
0.457031 0.503906 -0.0405697 0.0726489 -0.0434582 0.0724297 -0.0376357
0.464844 0.503906 -0.0410135 0.0659592 -0.0438964 0.0657346 -0.0380555
0.472656 0.503906 -0.0414683 0.059291 -0.0443451 0.0590611 -0.0384371
0.480469 0.503906 -0.0419338 0.0526394 -0.0448042 0.0524046 -0.0387794
0.488281 0.503906 -0.042409 0.0460012 -0.0452725 0.0457619 -0.0390834
0.496094 0.503906 -0.0428936 0.0393724 -0.0457495 0.039129 -0.0393488
0.503906 0.503906 -0.0433863 0.0327495 -0.046234 0.0325026 -0.0395758
0.511719 0.503906 -0.0438867 0.0261295 -0.0467253 0.0258795 -0.0397649
0.519531 0.503906 -0.0443929 0.0195102 -0.0472215 0.0192576 -0.0399148
0.527344 0.503906 -0.0449059 0.0128898 -0.0477227 0.0126355 -0.0400289
0.535156 0.503906 -0.0454194 0.00626786 -0.0482243 0.00601195 -0.0400984
0.542969 0.503906 -0.0459455 -0.000356483 -0.048732 -0.000607917 -0.0401463
0.550781 0.503906 -0.0464399 -0.00697801 -0.0492207 -0.00722515 -0.0401578
0.558594 0.503906 -0.0469468 -0.0135952 -0.049715 -0.0138438 -0.0401186
0.566406 0.503906 -0.0474526 -0.0202109 -0.0502082 -0.0204598 -0.0400497
0.574219 0.503906 -0.0479618 -0.0268242 -0.0507028 -0.0270736 -0.0399435
0.582031 0.503906 -0.0484722 -0.033434 -0.0511977 -0.0336838 -0.0398034
0.589844 0.503906 -0.0489842 -0.0400389 -0.0516932 -0.0402889 -0.0396284
0.597656 0.503906 -0.0494977 -0.0466361 -0.0521894 -0.0468866 -0.03942
0.605469 0.503906 -0.0500132 -0.0532239 -0.0526868 -0.0534751 -0.0391779
0.613281 0.503906 -0.0505312 -0.0597993 -0.0531862 -0.0600518 -0.0389039
0.621094 0.503906 -0.0510533 -0.0663611 -0.0536891 -0.0666155 -0.038598
0.628906 0.503906 -0.0515802 -0.0729082 -0.0541964 -0.0731652 -0.0382613
0.636719 0.503906 -0.0521139 -0.0794393 -0.0547102 -0.0797 -0.0378949
0.644531 0.503906 -0.0526561 -0.0859555 -0.0552326 -0.0862211 -0.037499
0.652344 0.503906 -0.0532096 -0.0924565 -0.0557665 -0.0927287 -0.0370757
0.660156 0.503906 -0.0537782 -0.098946 -0.0563159 -0.0992269 -0.0366251
0.667969 0.503906 -0.0543655 -0.105429 -0.0568849 -0.105721 -0.0361483
0.675781 0.503906 -0.0549766 -0.111912 -0.0574788 -0.112217 -0.0356468
0.683594 0.503906 -0.055617 -0.118404 -0.0581036 -0.118727 -0.0351204
0.691406 0.503906 -0.0562943 -0.124916 -0.0587672 -0.12526 -0.0345714
0.699219 0.503906 -0.0570179 -0.131465 -0.0594792 -0.131837 -0.0339994
0.707031 0.503906 -0.057798 -0.138074 -0.0602504 -0.138478 -0.033406
0.714844 0.503906 -0.0586464 -0.144769 -0.0610926 -0.145212 -0.0327905
0.722656 0.503906 -0.0595774 -0.151584 -0.0620205 -0.152074 -0.0321553
0.730469 0.503906 -0.0606048 -0.158563 -0.0630479 -0.159107 -0.0314974
0.738281 0.503906 -0.0617453 -0.165752 -0.0641914 -0.166357 -0.0308204
0.746094 0.503906 -0.0630151 -0.173211 -0.0654669 -0.173887 -0.0301195
0.753906 0.503906 -0.0644307 -0.181003 -0.0668906 -0.181757 -0.029398
0.761719 0.503906 -0.0660077 -0.189205 -0.0684769 -0.190044 -0.0286505
0.769531 0.503906 -0.0677583 -0.197894 -0.0702371 -0.198822 -0.0278788
0.777344 0.503906 -0.0696913 -0.207156 -0.0721784 -0.208174 -0.027077
0.785156 0.503906 -0.0718089 -0.217069 -0.0743013 -0.218177 -0.026245
0.792969 0.503906 -0.0741059 -0.227715 -0.0765984 -0.228906 -0.0253767
0.800781 0.503906 -0.0765663 -0.239156 -0.0790514 -0.240418 -0.02447
0.808594 0.503906 -0.0791622 -0.251443 -0.0816297 -0.252756 -0.0235186
0.816406 0.503906 -0.0818501 -0.264594 -0.0842872 -0.265932 -0.0225186
0.824219 0.503906 -0.084571 -0.278589 -0.0869626 -0.279917 -0.0214643
0.832031 0.503906 -0.0872484 -0.293362 -0.089577 -0.294635 -0.0203512
0.839844 0.503906 -0.089788 -0.308784 -0.0920345 -0.309951 -0.0191753
0.847656 0.503906 -0.0920787 -0.324656 -0.0942226 -0.325657 -0.0179341
0.855469 0.503906 -0.0939937 -0.340698 -0.0960141 -0.341466 -0.0166274
0.863281 0.503906 -0.0953938 -0.356537 -0.0972702 -0.357 -0.0152582
0.871094 0.503906 -0.0961309 -0.371702 -0.097844 -0.371786 -0.0138339
0.878906 0.503906 -0.0960541 -0.385617 -0.097587 -0.385249 -0.0123667
0.886719 0.503906 -0.0950162 -0.397602 -0.0963551 -0.396712 -0.0108753
0.894531 0.503906 -0.0928821 -0.406872 -0.0940177 -0.405402 -0.00938409
0.902344 0.503906 -0.0895403 -0.412557 -0.0904686 -0.410462 -0.00792537
0.910156 0.503906 -0.0849135 -0.413722 -0.0856369 -0.410979 -0.00653438
0.917969 0.503906 -0.078976 -0.409407 -0.0795037 -0.406022 -0.00525462
0.925781 0.503906 -0.071764 -0.398693 -0.0721126 -0.39471 -0.00412226
0.933594 0.503906 -0.0634011 -0.380784 -0.0635942 -0.37629 -0.00318388
0.941406 0.503906 -0.0540963 -0.35514 -0.0541641 -0.350273 -0.00245325
0.949219 0.503906 -0.0441833 -0.321587 -0.0441603 -0.316538 -0.00197188
0.957031 0.503906 -0.034072 -0.280536 -0.0339948 -0.275544 -0.0016927
0.964844 0.503906 -0.0243195 -0.233017 -0.0242227 -0.228357 -0.00166842
0.972656 0.503906 -0.0154529 -0.180891 -0.0153654 -0.176852 -0.00173554
0.980469 0.503906 -0.00816 -0.12653 -0.00809974 -0.12339 -0.00205208
0.988281 0.503906 -0.0028146 -0.0728485 -0.00278833 -0.0708394 -0.00222845
0.996094 0.503906 -0.000113758 -0.0224567 -0.000111381 -0.0217505 -0.00279478
