0.503906 0.00390625 -0.0158708 6.06291e-05 -0.01566 6.16775e-05 0.0194937
0.503906 0.0117188 -0.0450337 0.000770405 -0.0445314 0.000801707 0.0196205
0.503906 0.0195312 -0.0716078 0.00196128 -0.070923 0.00205421 0.0196184
0.503906 0.0273438 -0.095588 0.00336208 -0.0948104 0.00354129 0.0196291
0.503906 0.0351562 -0.117054 0.00486471 -0.116251 0.00515253 0.0195593
0.503906 0.0429688 -0.136157 0.00633534 -0.135376 0.00674836 0.0194519
0.503906 0.0507812 -0.153096 0.00771666 -0.152367 0.00826789 0.0192706
0.503906 0.0585938 -0.168119 0.00895837 -0.167456 0.00965703 0.0190255
0.503906 0.0664062 -0.181468 0.0100614 -0.180875 0.0109113 0.0187082
0.503906 0.0742188 -0.19337 0.0110189 -0.192845 0.0120221 0.0183071
0.503906 0.0820312 -0.204073 0.0118461 -0.203605 0.0130035 0.0178316
0.503906 0.0898438 -0.213752 0.0125793 -0.213325 0.0138881 0.0172708
0.503906 0.0976562 -0.222546 0.0132454 -0.222145 0.0147021 0.0166249
0.503906 0.105469 -0.230524 0.0138877 -0.230136 0.0154849 0.0158994
0.503906 0.113281 -0.237709 0.0145112 -0.237332 0.0162431 0.0150747
0.503906 0.121094 -0.244181 0.0151248 -0.243805 0.0169875 0.0141761
0.503906 0.128906 -0.249933 0.0157536 -0.249552 0.0177404 0.0131863
0.503906 0.136719 -0.254962 0.0163989 -0.254575 0.018504 0.0121181
0.503906 0.144531 -0.259249 0.0170663 -0.258855 0.019284 0.0109685
0.503906 0.152344 -0.262777 0.0177521 -0.262377 0.0200767 0.0097446
0.503906 0.160156 -0.265531 0.018453 -0.265128 0.0208791 0.00844956
0.503906 0.167969 -0.267501 0.0191628 -0.267098 0.0216849 0.00708969
0.503906 0.175781 -0.268686 0.0198753 -0.268286 0.022488 0.00567082
0.503906 0.183594 -0.269089 0.0205836 -0.268697 0.0232813 0.00419999
0.503906 0.191406 -0.268724 0.021281 -0.268342 0.0240581 0.00268446
0.503906 0.199219 -0.26761 0.021961 -0.267242 0.0248118 0.00113201
0.503906 0.207031 -0.265774 0.0226173 -0.265422 0.025536 -0.000449374
0.503906 0.214844 -0.263248 0.0232443 -0.262915 0.0262251 -0.0020516
0.503906 0.222656 -0.260071 0.0238369 -0.25976 0.0268741 -0.00366655
0.503906 0.230469 -0.256288 0.0243906 -0.256 0.0274786 -0.00528639
0.503906 0.238281 -0.251948 0.0249019 -0.251685 0.0280352 -0.00690337
0.503906 0.246094 -0.247103 0.0253679 -0.246865 0.0285413 -0.00851055
0.503906 0.253906 -0.241807 0.0257875 -0.241595 0.0289959 -0.0101006
0.503906 0.261719 -0.236115 0.0261599 -0.235929 0.0293986 -0.0116686
0.503906 0.269531 -0.23008 0.0264891 -0.229919 0.0297528 -0.0132061
0.503906 0.277344 -0.223749 0.0267709 -0.223614 0.0300555 -0.0147143
0.503906 0.285156 -0.217195 0.0270046 -0.217083 0.0303069 -0.0161814
0.503906 0.292969 -0.210468 0.0271976 -0.210379 0.0305137 -0.0176096
0.503906 0.300781 -0.203621 0.0273521 -0.20355 0.030679 -0.0189929
0.503906 0.308594 -0.196697 0.0274739 -0.196643 0.0308087 -0.0203312
0.503906 0.316406 -0.189737 0.0275674 -0.189698 0.0309077 -0.0216221
0.503906 0.324219 -0.182779 0.027638 -0.18275 0.0309819 -0.0228651
0.503906 0.332031 -0.175854 0.0276913 -0.175833 0.0310372 -0.0240597
0.503906 0.339844 -0.168986 0.0277331 -0.16897 0.0310797 -0.0252061
0.503906 0.347656 -0.162199 0.0277693 -0.162184 0.0311155 -0.0263046
0.503906 0.355469 -0.155506 0.0278056 -0.15549 0.0311507 -0.0273559
0.503906 0.363281 -0.148919 0.0278476 -0.148899 0.0311911 -0.0283609
0.503906 0.371094 -0.142444 0.0279004 -0.142418 0.031242 -0.0293207
0.503906 0.378906 -0.136082 0.0279686 -0.136047 0.0313082 -0.0302362
0.503906 0.386719 -0.129833 0.0280566 -0.129787 0.031394 -0.0311087
0.503906 0.394531 -0.123692 0.0281677 -0.123633 0.0315031 -0.0319393
0.503906 0.402344 -0.11765 0.028305 -0.117578 0.0316385 -0.0327289
0.503906 0.410156 -0.1117 0.0284707 -0.111613 0.0318024 -0.0334787
0.503906 0.417969 -0.10583 0.0286664 -0.105728 0.0319966 -0.0341896
0.503906 0.425781 -0.10003 0.0288932 -0.0999117 0.032222 -0.0348623
0.503906 0.433594 -0.0942869 0.0291514 -0.0941529 0.032479 -0.0354974
0.503906 0.441406 -0.0885894 0.0294411 -0.0884398 0.0327676 -0.0360957
0.503906 0.449219 -0.0829258 0.0297616 -0.082761 0.0330869 -0.0366574
0.503906 0.457031 -0.0772847 0.0301119 -0.0771054 0.0334361 -0.0371828
0.503906 0.464844 -0.0716559 0.0304906 -0.0714627 0.0338136 -0.0376721
0.503906 0.472656 -0.0660295 0.0308963 -0.0658235 0.0342179 -0.0381254
0.503906 0.480469 -0.0603969 0.0313269 -0.060179 0.0346468 -0.0385427
0.503906 0.488281 -0.0547501 0.0317809 -0.0545215 0.0350986 -0.0389235
0.503906 0.496094 -0.0490817 0.0322556 -0.0488436 0.0355706 -0.0392685
0.503906 0.503906 -0.0433863 0.0327495 -0.04314 0.0360609 -0.0395758
0.503906 0.511719 -0.037656 0.0332585 -0.0374034 0.0365657 -0.039848
0.503906 0.519531 -0.0318917 0.033779 -0.031634 0.0370815 -0.0400815
0.503906 0.527344 -0.0260903 0.0343096 -0.0258286 0.0376065 -0.0402782
0.503906 0.535156 -0.0202512 0.0348478 -0.0199867 0.0381382 -0.0404365
0.503906 0.542969 -0.0143729 0.0353919 -0.0141064 0.0386748 -0.0405569
0.503906 0.550781 -0.00845584 0.0359401 -0.00818842 0.0392145 -0.0406386
0.503906 0.558594 -0.00249966 0.0364903 -0.00223175 0.039755 -0.0406824
0.503906 0.566406 0.00349237 0.0370429 0.00376004 0.040297 -0.0406855
0.503906 0.574219 0.00951237 0.0375941 0.009779 0.0408367 -0.0406477
0.503906 0.582031 0.0155605 0.0381443 0.0158256 0.0413741 -0.0405725
0.503906 0.589844 0.0216345 0.038692 0.0218977 0.0419078 -0.0404581
0.503906 0.597656 0.0277349 0.039237 0.0279956 0.0424373 -0.0403058
0.503906 0.605469 0.0338608 0.0397783 0.0341188 0.0429616 -0.0401151
0.503906 0.613281 0.0400125 0.0403149 0.0402671 0.0434799 -0.0398871
0.503906 0.621094 0.0461891 0.0408462 0.0464399 0.0439912 -0.0396214
0.503906 0.628906 0.0523907 0.0413705 0.0526371 0.0444941 -0.0393197
0.503906 0.636719 0.0586154 0.0418872 0.0588567 0.0449878 -0.0389808
0.503906 0.644531 0.0648636 0.0423942 0.065099 0.0454702 -0.0386079
0.503906 0.652344 0.0711307 0.0428907 0.0713598 0.0459405 -0.0381984
0.503906 0.660156 0.0774175 0.0433757 0.0776394 0.0463974 -0.0377564
0.503906 0.667969 0.0837202 0.0438474 0.083934 0.0468391 -0.0372797
0.503906 0.675781 0.0900382 0.0443036 0.0902427 0.0472633 -0.0367723
0.503906 0.683594 0.0963659 0.0447425 0.0965601 0.0476681 -0.0362314
0.503906 0.691406 0.102703 0.0451609 0.102885 0.0480505 -0.0356624
0.503906 0.699219 0.10904 0.0455568 0.109209 0.0484082 -0.0350614
0.503906 0.707031 0.115376 0.045928 0.115531 0.048739 -0.0344349
0.503906 0.714844 0.121702 0.0462719 0.121842 0.0490401 -0.0337796
0.503906 0.722656 0.128016 0.0465854 0.128138 0.0493084 -0.0331023
0.503906 0.730469 0.134307 0.0468654 0.134411 0.0495407 -0.0323999
0.503906 0.738281 0.14057 0.0471094 0.140654 0.0497345 -0.0316791
0.503906 0.746094 0.146797 0.0473137 0.146859 0.0498859 -0.0309377
0.503906 0.753906 0.15298 0.0474756 0.153019 0.0499923 -0.0301813
0.503906 0.761719 0.15911 0.0475907 0.159123 0.0500494 -0.0294094
0.503906 0.769531 0.165176 0.0476568 0.165163 0.0500546 -0.0286259
0.503906 0.777344 0.171171 0.04767 0.171129 0.0500043 -0.0278322
0.503906 0.785156 0.177084 0.047627 0.177012 0.049895 -0.0270314
0.503906 0.792969 0.182904 0.0475249 0.1828 0.0497239 -0.0262255
0.503906 0.800781 0.188622 0.0473603 0.188485 0.0494877 -0.0254186
0.503906 0.808594 0.194226 0.0471302 0.194054 0.0491832 -0.0246127
0.503906 0.816406 0.199706 0.0468318 0.199498 0.0488078 -0.0238119
0.503906 0.824219 0.205051 0.0464622 0.204806 0.0483585 -0.0230187
0.503906 0.832031 0.210252 0.0460189 0.209968 0.0478329 -0.0222366
0.503906 0.839844 0.215297 0.0454992 0.214974 0.0472285 -0.0214686
0.503906 0.847656 0.220179 0.0449006 0.219814 0.0465427 -0.0207181
0.503906 0.855469 0.224892 0.04422 0.224485 0.0457727 -0.0199887
0.503906 0.863281 0.229437 0.0434539 0.228984 0.0449149 -0.0192838
0.503906 0.871094 0.233825 0.0425969 0.233325 0.0439646 -0.0186064
0.503906 0.878906 0.238093 0.0416409 0.237539 0.0429138 -0.0179594
0.503906 0.886719 0.242316 0.0405727 0.241701 0.0417501 -0.0173456
0.503906 0.894531 0.246649 0.0393719 0.24596 0.0404537 -0.0167672
0.503906 0.902344 0.251372 0.0380064 0.25059 0.0389936 -0.0162275
0.503906 0.910156 0.256974 0.0364299 0.256072 0.0373244 -0.0157281
0.503906 0.917969 0.264264 0.0345778 0.263204 0.0353825 -0.0152712
0.503906 0.925781 0.274504 0.0323694 0.273245 0.0330876 -0.0148506
0.503906 0.933594 0.289581 0.0297117 0.288077 0.030347 -0.014466
0.503906 0.941406 0.312127 0.0265224 0.310345 0.0270761 -0.0140955
0.503906 0.949219 0.345609 0.0227426 0.343538 0.0232171 -0.0137605
0.503906 0.957031 0.394129 0.0184167 0.391817 0.0188057 -0.0133911
0.503906 0.964844 0.461999 0.0136602 0.459567 0.0139667 -0.013102
0.503906 0.972656 0.55243 0.0089013 0.550104 0.0091113 -0.0126375
0.503906 0.980469 0.666005 0.00450467 0.664093 0.00462961 -0.0124713
0.503906 0.988281 0.797782 0.00148816 0.796687 0.00153657 -0.0118558
0.503906 0.996094 0.932679 0.000178218 0.932257 0.000172447 -0.0117393
