0.453125 0.532072
0.452756 0.53125

0.460938 0.512626
0.458732 0.515625

0.458435 0.515625
0.454463 0.523438

0.453439 0.523438
0.453566 0.53125

0.453125 0.532065
0.460079 0.539062

0.460938 0.539513
0.459945 0.539062

0.46875 0.504942
0.465459 0.507812

0.460938 0.512662
0.4652 0.507812

0.460938 0.538786
0.46875 0.538024

0.476562 0.499683
0.476114 0.5

0.46875 0.505172
0.475586 0.5

0.476562 0.523437
0.476562 0.523438

0.476562 0.530412
0.475711 0.53125

0.46875 0.537183
0.476307 0.53125

0.476562 0.499701
0.484375 0.493721

0.484375 0.520829
0.482269 0.523438

0.476562 0.530272
0.482621 0.523438

0.492188 0.486685
0.486227 0.492188

0.484375 0.49384
0.486324 0.492188

0.492188 0.511683
0.488602 0.515625

0.484375 0.520828
0.48872 0.515625

0.5 0.478583
0.493746 0.484375

0.492188 0.486266
0.494066 0.484375

0.5 0.504369
0.496028 0.507812

0.492188 0.511676
0.496144 0.507812

0.507812 0.473056
0.502001 0.476562

0.5 0.478427
0.503013 0.476562

0.507812 0.49878
0.506067 0.5

0.5 0.504449
0.505887 0.5

0.507812 0.473287
0.515625 0.470635

0.507812 0.498832
0.515625 0.493646

0.515625 0.471365
0.523438 0.469178

0.523438 0.488744
0.517807 0.492188

0.515625 0.493641
0.518002 0.492188

0.53125 0.466914
0.525982 0.46875

0.523438 0.469426
0.526267 0.46875

0.53125 0.484235
0.530942 0.484375

0.523438 0.488681
0.53125 0.484428

0.53125 0.466917
0.539062 0.462822

0.53125 0.484226
0.539062 0.481108

0.546875 0.457635
0.540672 0.460938

0.539062 0.462848
0.54265 0.460938

0.539062 0.481173
0.546875 0.479213

0.546875 0.456476
0.554688 0.454837

0.546875 0.479473
0.554688 0.478013

0.554688 0.454044
0.5625 0.454202

0.5625 0.460938
0.5625 0.460938

0.554688 0.477861
0.5625 0.476686

0.5625 0.453707
0.570312 0.453761

0.570312 0.460938
0.570312 0.460938

0.570312 0.476049
0.565123 0.476562

0.5625 0.476622
0.5631 0.476562

0.570312 0.453564
0.578125 0.453593

0.570312 0.476229
0.578125 0.475354

0.578125 0.453725
0.585938 0.453782

0.585938 0.460938
0.585937 0.460938

0.578125 0.475987
0.585938 0.475858

0.585938 0.453724
0.59375 0.453779

0.585938 0.475246
0.59375 0.476038

0.59375 0.457029
0.601562 0.457042

0.59375 0.475764
0.600559 0.476562

0.601562 0.47673
0.600135 0.476562

0.601562 0.456928
0.609375 0.457144

0.601562 0.476741
0.609375 0.47786

0.609375 0.45718
0.617188 0.457756

0.609375 0.47775
0.617188 0.479188

0.617188 0.457739
0.625 0.458636

0.625 0.460938
0.625 0.460938

0.617188 0.479089
0.625 0.481263

0.625 0.458602
0.632812 0.45992

0.625 0.48157
0.632812 0.484097

0.632812 0.459894
0.637215 0.460938

0.640625 0.461752
0.63719 0.460938

0.632812 0.483939
0.634113 0.484375

0.640625 0.486535
0.634173 0.484375

0.640625 0.461787
0.648438 0.463781

0.640625 0.486446
0.648438 0.489654

0.648438 0.462862
0.65625 0.465116

0.648438 0.489796
0.653367 0.492188

0.65625 0.493466
0.653615 0.492188

0.65625 0.465986
0.663517 0.46875

0.664062 0.468953
0.663529 0.46875

0.65625 0.493449
0.664062 0.497815

0.664062 0.468964
0.671875 0.47253

0.671875 0.476563
0.671875 0.476562

0.664062 0.497882
0.66734 0.5

0.671875 0.502895
0.667418 0.5

0.671875 0.472433
0.679315 0.476562

0.679688 0.476807
0.679247 0.476562

0.671875 0.502957
0.678579 0.507812

0.679688 0.508587
0.678633 0.507812

0.679688 0.47683
0.6875 0.482006

0.679688 0.508585
0.6875 0.514809

0.6875 0.482035
0.690701 0.484375

0.695312 0.487916
0.690636 0.484375

0.6875 0.514833
0.68844 0.515625

0.695312 0.521649
0.688432 0.515625

0.695312 0.488053
0.700379 0.492188

0.703125 0.494483
0.700336 0.492188

0.703125 0.5
0.703125 0.5

0.695312 0.52168
0.697216 0.523438

0.703125 0.529127
0.697216 0.523438

0.703125 0.494517
0.709659 0.5

0.710938 0.501072
0.709658 0.5

0.703125 0.529117
0.705213 0.53125

0.710938 0.537504
0.705218 0.53125

0.710938 0.501058
0.71875 0.50768

0.71875 0.507813
0.71875 0.507812

0.710938 0.537419
0.712376 0.539062

0.71236 0.539062
0.718736 0.546875

0.71875 0.546956
0.718689 0.546875

0.71875 0.5076
0.718998 0.507812

0.726562 0.514483
0.718996 0.507812

0.71875 0.54696
0.724417 0.554688

0.726562 0.557982
0.724325 0.554688

0.726562 0.514397
0.7279 0.515625

0.734375 0.521947
0.727892 0.515625

0.726562 0.554687
0.726563 0.554688

0.726562 0.557911
0.729683 0.5625

0.734375 0.569805
0.729647 0.5625

0.734375 0.814408
0.732019 0.820312

0.731736 0.820312
0.730416 0.828125

0.730025 0.828125
0.731866 0.835938

0.734375 0.839766
0.731658 0.835938

0.734375 0.52189
0.735846 0.523438

0.742188 0.530764
0.735833 0.523438

0.734375 0.569734
0.734734 0.570312

0.734735 0.570312
0.739479 0.578125

0.742188 0.582915
0.739426 0.578125

0.742188 0.800185
0.739302 0.804688

0.739296 0.804688
0.735173 0.8125

0.734375 0.81449
0.735169 0.8125

0.734375 0.835937
0.734375 0.835938

0.734375 0.839983
0.738723 0.84375

0.742188 0.844943
0.740151 0.84375

0.742188 0.530807
0.742544 0.53125

0.742536 0.53125
0.748363 0.539062

0.75 0.541714
0.74824 0.539062

0.742188 0.582962
0.743903 0.585938

0.74407 0.585938
0.748186 0.59375

0.75 0.59784
0.747956 0.59375

0.75 0.789504
0.744331 0.796875

0.742188 0.80028
0.744372 0.796875

0.742188 0.84375
0.742188 0.84375

0.742188 0.844867
0.75 0.846649

0.75 0.541635
0.753487 0.546875

0.757812 0.553928
0.753398 0.546875

0.757812 0.554688
0.757812 0.554688

0.75 0.597875
0.751843 0.601562

0.752167 0.601562
0.755703 0.609375

0.757812 0.615517
0.755459 0.609375

0.757812 0.780456
0.757148 0.78125

0.757106 0.78125
0.750546 0.789062

0.75 0.789504
0.750357 0.789062

0.75 0.835937
0.75 0.835938

0.757812 0.84375
0.757812 0.84375

0.75 0.846518
0.757812 0.846323

0.757812 0.553868
0.75831 0.554688

0.758315 0.554688
0.762987 0.5625

0.765625 0.567211
0.76295 0.5625

0.765625 0.570313
0.765625 0.570312

0.757812 0.601562
0.757813 0.601562

0.757812 0.615334
0.758523 0.617188

0.75848 0.617188
0.761201 0.625

0.761139 0.625
0.763688 0.632812

0.765625 0.638586
0.763717 0.632812

0.765625 0.770652
0.763802 0.773438

0.757812 0.78069
0.76358 0.773438

0.757812 0.828125
0.757813 0.828125

0.757812 0.846678
0.765625 0.844058

0.765625 0.567119
0.767438 0.570312

0.767394 0.570312
0.771651 0.578125

0.773438 0.581603
0.771621 0.578125

0.773438 0.59375
0.773437 0.59375

0.765625 0.638446
0.766345 0.640625

0.766333 0.640625
0.768602 0.648438

0.768805 0.648438
0.770313 0.65625

0.769963 0.65625
0.771223 0.664062

0.771463 0.664062
0.772696 0.671875

0.773438 0.678838
0.772586 0.671875

0.773438 0.755184
0.77263 0.757812

0.772547 0.757812
0.768814 0.765625

0.765625 0.770456
0.768776 0.765625

0.773438 0.804688
0.773437 0.804688

0.765625 0.843725
0.773438 0.83861

0.765625 0.844105
0.766247 0.84375

0.773438 0.581462
0.775775 0.585938

0.775789 0.585938
0.779972 0.59375

0.78125 0.596307
0.779964 0.59375

0.78125 0.609375
0.78125 0.609375

0.773438 0.679424
0.77347 0.679688

0.77347 0.679688
0.774508 0.6875

0.774224 0.6875
0.775598 0.695312

0.774621 0.695312
0.774982 0.703125

0.774877 0.703125
0.774449 0.710938

0.774541 0.710938
0.77512 0.71875

0.774943 0.71875
0.775592 0.726562

0.774204 0.726562
0.774126 0.734375

0.775847 0.734375
0.774999 0.742188

0.775963 0.742188
0.774403 0.75

0.773438 0.754718
0.774887 0.75

0.773438 0.757813
0.773438 0.757812

0.773438 0.773438
0.773438 0.773438

0.78125 0.78125
0.78125 0.78125

0.773438 0.804687
0.773438 0.804688

0.78125 0.831768
0.776311 0.835938

0.773438 0.838481
0.776613 0.835938

0.78125 0.595907
0.784094 0.601562

0.784142 0.601562
0.78758 0.609375

0.789062 0.61353
0.787422 0.609375

0.789062 0.617188
0.789062 0.617188

0.789062 0.648438
0.789062 0.648438

0.78125 0.703125
0.78125 0.703125

0.78125 0.71875
0.78125 0.71875

0.78125 0.726562
0.78125 0.726562

0.78125 0.726563
0.78125 0.726562

0.78125 0.742188
0.78125 0.742188

0.78125 0.75
0.78125 0.75

0.78125 0.78125
0.78125 0.78125

0.78125 0.78125
0.78125 0.78125

0.78125 0.789063
0.78125 0.789062

0.78125 0.796875
0.78125 0.796875

0.789062 0.823943
0.785126 0.828125

0.78125 0.831802
0.785103 0.828125

0.789062 0.613644
0.790461 0.617188

0.790323 0.617188
0.793097 0.625

0.793137 0.625
0.796071 0.632812

0.796875 0.63466
0.796266 0.632812

0.796875 0.640625
0.796875 0.640625

0.789062 0.71875
0.789063 0.71875

0.789062 0.78125