0.671875 0.741935
0.671855 0.742188

0.671824 0.742188
0.671583 0.746094

0.671557 0.746094
0.67146 0.75

0.67146 0.75
0.671557 0.753906

0.671583 0.753906
0.671824 0.757812

0.671875 0.758065
0.671855 0.757812

0.675781 0.724173
0.675102 0.726562

0.675029 0.726562
0.67394 0.730469

0.673574 0.730469
0.672675 0.734375

0.672934 0.734375
0.672242 0.738281

0.671875 0.742133
0.672322 0.738281

0.671875 0.757867
0.672322 0.761719

0.672242 0.761719
0.672934 0.765625

0.672675 0.765625
0.673574 0.769531

0.67394 0.769531
0.675029 0.773438

0.675781 0.775827
0.675102 0.773438

0.679688 0.714847
0.678022 0.71875

0.677847 0.71875
0.676302 0.722656

0.675781 0.724527
0.676327 0.722656

0.675781 0.775473
0.676327 0.777344

0.676302 0.777344
0.677847 0.78125

0.679688 0.785153
0.678022 0.78125

0.683594 0.70799
0.681928 0.710938

0.681808 0.710938
0.679822 0.714844

0.679688 0.715024
0.679763 0.714844

0.679688 0.784976
0.679763 0.785156

0.679822 0.785156
0.681808 0.789062

0.683594 0.79201
0.681928 0.789062

0.6875 0.702448
0.686989 0.703125

0.686922 0.703125
0.684327 0.707031

0.683594 0.708126
0.684239 0.707031

0.683594 0.791874
0.684239 0.792969

0.684327 0.792969
0.686922 0.796875

0.6875 0.797552
0.686989 0.796875

0.691406 0.697716
0.6901 0.699219

0.6875 0.702539
0.690028 0.699219

0.6875 0.797461
0.690028 0.800781

0.691406 0.802284
0.6901 0.800781

0.695312 0.693644
0.693644 0.695312

0.691406 0.697738
0.693627 0.695312

0.691406 0.802262
0.693627 0.804688

0.695312 0.806356
0.693644 0.804688

0.699219 0.6901
0.697716 0.691406

0.695312 0.693627
0.697738 0.691406

0.695312 0.806373
0.697738 0.808594

0.699219 0.8099
0.697716 0.808594

0.703125 0.686989
0.702448 0.6875

0.699219 0.690028
0.702539 0.6875

0.699219 0.809972
0.702539 0.8125

0.703125 0.813011
0.702448 0.8125

0.703125 0.686922
0.707031 0.684327

0.703125 0.813078
0.707031 0.815673

0.710938 0.681928
0.70799 0.683594

0.707031 0.684239
0.708126 0.683594

0.707031 0.815761
0.708126 0.816406

0.710938 0.818072
0.70799 0.816406

0.710938 0.681808
0.714844 0.679822

0.710938 0.818192
0.714844 0.820178

0.71875 0.678022
0.714847 0.679688

0.714844 0.679763
0.715024 0.679688

0.714844 0.820237
0.715024 0.820312

0.71875 0.821978
0.714847 0.820312

0.71875 0.677847
0.722656 0.676302

0.71875 0.822153
0.722656 0.823698

0.726562 0.675102
0.724173 0.675781

0.722656 0.676327
0.724527 0.675781

0.722656 0.823673
0.724527 0.824219

0.726562 0.824898
0.724173 0.824219

0.726562 0.675029
0.730469 0.67394

0.726562 0.824971
0.730469 0.82606

0.730469 0.673574
0.734375 0.672675

0.730469 0.826426
0.734375 0.827325

0.734375 0.672934
0.738281 0.672242

0.734375 0.827066
0.738281 0.827758

0.742188 0.671855
0.741935 0.671875

0.738281 0.672322
0.742133 0.671875

0.738281 0.827678
0.742133 0.828125

0.742188 0.828145
0.741935 0.828125

0.742188 0.671824
0.746094 0.671583

0.742188 0.828176
0.746094 0.828417

0.746094 0.671557
0.75 0.67146

0.746094 0.828443
0.75 0.82854

0.75 0.67146
0.753906 0.671557

0.75 0.82854
0.753906 0.828443

0.753906 0.671583
0.757812 0.671824

0.753906 0.828417
0.757812 0.828176

0.757812 0.671855
0.758065 0.671875

0.761719 0.672322
0.757867 0.671875

0.761719 0.827678
0.757867 0.828125

0.757812 0.828145
0.758065 0.828125

0.761719 0.672242
0.765625 0.672934

0.761719 0.827758
0.765625 0.827066

0.765625 0.672675
0.769531 0.673574

0.765625 0.827325
0.769531 0.826426

0.769531 0.67394
0.773438 0.675029

0.769531 0.82606
0.773438 0.824971

0.773438 0.675102
0.775827 0.675781

0.777344 0.676327
0.775473 0.675781

0.777344 0.823673
0.775473 0.824219

0.773438 0.824898
0.775827 0.824219

0.777344 0.676302
0.78125 0.677847

0.777344 0.823698
0.78125 0.822153

0.78125 0.678022
0.785153 0.679688

0.785156 0.679763
0.784976 0.679688

0.785156 0.820237
0.784976 0.820312

0.78125 0.821978
0.785153 0.820312

0.785156 0.679822
0.789062 0.681808

0.785156 0.820178
0.789062 0.818192

0.789062 0.681928
0.79201 0.683594

0.792969 0.684239
0.791874 0.683594

0.792969 0.815761
0.791874 0.816406

0.789062 0.818072
0.79201 0.816406

0.792969 0.684327
0.796875 0.686922

0.792969 0.815673
0.796875 0.813078

0.796875 0.686989
0.797552 0.6875

0.800781 0.690028
0.797461 0.6875

0.800781 0.809972
0.797461 0.8125

0.796875 0.813011
0.797552 0.8125

0.800781 0.6901
0.802284 0.691406

0.804688 0.693627
0.802262 0.691406

0.804688 0.806373
0.802262 0.808594

0.800781 0.8099
0.802284 0.808594

0.804688 0.693644
0.806356 0.695312

0.808594 0.697738
0.806373 0.695312

0.808594 0.802262
0.806373 0.804688

0.804688 0.806356
0.806356 0.804688

0.808594 0.697716
0.8099 0.699219

0.8125 0.702539
0.809972 0.699219

0.8125 0.797461
0.809972 0.800781

0.808594 0.802284
0.8099 0.800781

0.8125 0.702448
0.813011 0.703125

0.813078 0.703125
0.815673 0.707031

0.816406 0.708126
0.815761 0.707031

0.816406 0.791874
0.815761 0.792969

0.815673 0.792969
0.813078 0.796875

0.8125 0.797552
0.813011 0.796875

0.816406 0.70799
0.818072 0.710938

0.818192 0.710938
0.820178 0.714844

0.820312 0.715024
0.820237 0.714844

0.820312 0.784976
0.820237 0.785156

0.820178 0.785156
0.818192 0.789062

0.816406 0.79201
0.818072 0.789062

0.820312 0.714847
0.821978 0.71875

0.822153 0.71875
0.823698 0.722656

0.824219 0.724527
0.823673 0.722656

0.824219 0.775473
0.823673 0.777344

0.823698 0.777344
0.822153 0.78125

0.820312 0.785153
0.821978 0.78125

0.824219 0.724173
0.824898 0.726562

0.824971 0.726562
0.82606 0.730469

0.826426 0.730469
0.827325 0.734375

0.827066 0.734375
0.827758 0.738281

0.828125 0.742133
0.827678 0.738281

0.828125 0.757867
0.827678 0.761719

0.827758 0.761719
0.827066 0.765625

0.827325 0.765625
0.826426 0.769531

0.82606 0.769531
0.824971 0.773438

0.824219 0.775827
0.824898 0.773438

0.828125 0.741935
0.828145 0.742188

0.828176 0.742188
0.828417 0.746094

0.828443 0.746094
0.82854 0.75

0.82854 0.75
0.828443 0.753906

0.828417 0.753906
0.828176 0.757812

0.828125 0.758065
0.828145 0.757812

