0.539062 0.589677
0.539015 0.589844

0.538935 0.589844
0.537982 0.59375

0.53767 0.59375
0.537406 0.597656

0.536877 0.597656
0.538936 0.601562

0.539062 0.60173
0.538853 0.601562

0.542969 0.580891
0.54243 0.582031

0.542195 0.582031
0.540409 0.585938

0.539062 0.589704
0.540337 0.585938

0.539062 0.601078
0.539933 0.601562

0.539062 0.601736
0.542969 0.60247

0.546875 0.572913
0.546383 0.574219

0.54631 0.574219
0.544491 0.578125

0.542969 0.580974
0.544317 0.578125

0.546875 0.59983
0.544085 0.601562

0.542969 0.602071
0.544194 0.601562

0.550781 0.564891
0.549791 0.566406

0.549607 0.566406
0.547689 0.570312

0.546875 0.572946
0.547885 0.570312

0.550781 0.593337
0.550615 0.59375

0.550744 0.59375
0.5485 0.597656

0.546875 0.599601
0.548592 0.597656

0.554688 0.560477
0.552648 0.5625

0.550781 0.564895
0.552539 0.5625

0.554688 0.585113
0.554261 0.585938

0.554215 0.585938
0.552377 0.589844

0.550781 0.593382
0.552267 0.589844

0.558594 0.557479
0.557168 0.558594

0.554688 0.560549
0.557065 0.558594

0.558594 0.578529
0.556498 0.582031

0.554688 0.585147
0.556331 0.582031

0.5625 0.554381
0.562168 0.554688

0.558594 0.557567
0.562079 0.554688

0.5625 0.573203
0.56174 0.574219

0.561619 0.574219
0.559003 0.578125

0.558594 0.57871
0.558966 0.578125

0.566406 0.549928
0.565811 0.550781

0.5625 0.554379
0.565756 0.550781

0.566406 0.568366
0.564769 0.570312

0.5625 0.573196
0.564666 0.570312

0.570312 0.543057
0.568359 0.546875

0.566406 0.549927
0.568344 0.546875

0.570312 0.564093
0.568167 0.566406

0.566406 0.568369
0.568126 0.566406

0.574219 0.536202
0.572181 0.539062

0.572365 0.539062
0.57037 0.542969

0.570312 0.543076
0.570366 0.542969

0.574219 0.560146
0.571871 0.5625

0.570312 0.564111
0.571868 0.5625

0.578125 0.532919
0.57514 0.535156

0.574219 0.536238
0.575249 0.535156

0.578125 0.556396
0.575809 0.558594

0.574219 0.56016
0.575829 0.558594

0.578125 0.533162
0.581894 0.53125

0.582031 0.552791
0.579937 0.554688

0.578125 0.556408
0.57999 0.554688

0.585938 0.528928
0.582331 0.53125

0.582031 0.531389
0.582283 0.53125

0.585938 0.549333
0.584227 0.550781

0.582031 0.552805
0.584373 0.550781

0.589844 0.524648
0.587494 0.527344

0.585938 0.528824
0.587538 0.527344

0.589844 0.54621
0.588975 0.546875

0.585938 0.549336
0.589153 0.546875

0.59375 0.519758
0.590202 0.523438

0.589844 0.524569
0.59073 0.523438

0.589844 0.546198
0.59375 0.54348

0.597656 0.517658
0.593773 0.519531

0.59375 0.51995
0.594472 0.519531

0.597656 0.540825
0.594283 0.542969

0.59375 0.543429
0.594437 0.542969

0.597656 0.517595
0.601562 0.516525

0.601562 0.53499
0.601365 0.535156

0.601562 0.538234
0.600081 0.539062

0.597656 0.540725
0.600591 0.539062

0.601562 0.516802
0.605469 0.515995

0.601562 0.538417
0.605469 0.536547

0.609375 0.515553
0.608696 0.515625

0.605469 0.516087
0.60891 0.515625

0.609375 0.53482
0.608372 0.535156

0.605469 0.536363
0.60872 0.535156

0.609375 0.515525
0.613281 0.515057

0.609375 0.534805
0.613281 0.533665

0.613281 0.515021
0.617188 0.51457

0.613281 0.533572
0.617188 0.532745

0.617188 0.514576
0.621094 0.514199

0.621094 0.523257
0.619533 0.523438

0.621094 0.526303
0.620639 0.527344

0.621094 0.531198
0.620808 0.53125

0.617188 0.532966
0.621094 0.532092

0.621094 0.514196
0.625 0.513887

0.625 0.527036
0.624599 0.527344

0.625 0.530655
0.623088 0.53125

0.621094 0.532011
0.623661 0.53125

0.625 0.513865
0.628906 0.513673

0.625 0.530617
0.628906 0.529076

0.628906 0.5135
0.632812 0.512682

0.628906 0.528775
0.632812 0.527605

0.636719 0.510443
0.634895 0.511719

0.632812 0.513359
0.635641 0.511719

0.636719 0.527101
0.634907 0.527344

0.632812 0.527631
0.63472 0.527344

0.640625 0.506141
0.638746 0.507812

0.636719 0.510285
0.639388 0.507812

0.636719 0.527176
0.640625 0.526436

0.644531 0.503769
0.644249 0.503906

0.640625 0.506202
0.644439 0.503906

0.640625 0.526608
0.644531 0.525665

0.644531 0.503779
0.648438 0.502714

0.644531 0.504054
0.645051 0.503906

0.644531 0.525323
0.648438 0.52448

0.648438 0.502744
0.652344 0.502233

0.648438 0.524525
0.652344 0.523803

0.652344 0.502304
0.65625 0.502157

0.65625 0.52309
0.654203 0.523438

0.652344 0.523746
0.65426 0.523438

0.65625 0.502188
0.660156 0.502199

0.65625 0.523111
0.660156 0.522089

0.660156 0.502191
0.664062 0.502313

0.664062 0.51433
0.662394 0.515625

0.664062 0.519433
0.663668 0.519531

0.660156 0.521785
0.664062 0.520923

0.664062 0.502317
0.667969 0.502558

0.664062 0.519454
0.667558 0.519531

0.664062 0.520866
0.667969 0.520825

0.667969 0.502588
0.671875 0.502882

0.667969 0.520977
0.671875 0.521562

0.671875 0.502901
0.675781 0.503153

0.671875 0.521839
0.675781 0.522725

0.675781 0.503139
0.679688 0.503338

0.675781 0.522585
0.679626 0.523438

0.679688 0.523682
0.678414 0.523438

0.679688 0.503305
0.683594 0.503543

0.683594 0.503917
0.683377 0.503906

0.683594 0.508292
0.683558 0.507812

0.683594 0.511733
0.683579 0.511719

0.679688 0.523155
0.68187 0.523438

0.679688 0.523709
0.683594 0.524347

0.683594 0.503644
0.6875 0.503761

0.6875 0.503962
0.684314 0.503906

0.6875 0.508152
0.684175 0.507812

0.683594 0.523167
0.686032 0.523438

0.683594 0.524248
0.6875 0.524817

0.691406 0.503305
0.688112 0.503906

0.6875 0.504005
0.688318 0.503906

0.6875 0.52339
0.68772 0.523438

0.6875 0.524686
0.691406 0.525535

0.691406 0.503026
0.695312 0.501557

0.695312 0.511524
0.695036 0.511719

0.695312 0.514953
0.695163 0.511719

0.691406 0.52573
0.695312 0.526847

0.695312 0.501051
0.699219 0.500284

0.695312 0.511645
0.696276 0.511719

0.695312 0.513983
0.696151 0.511719

0.695312 0.526814
0.697229 0.527344

0.699219 0.528019
0.696881 0.527344

0.699219 0.500343
0.703125 0.500524

0.699219 0.511664
0.699283 0.511719

0.699219 0.515175
0.699288 0.511719

0.699219 0.528197
0.703125 0.529428

0.703125 0.500515
0.707031 0.501322

0.703125 0.529517
0.707031 0.530648

0.707031 0.500929
0.710938 0.503816

0.710938 0.503916
0.710933 0.503906

0.710938 0.508642
0.710926 0.507812

0.710938 0.511965
0.710875 0.511719

0.707031 0.530553
0.709639 0.53125

0.710938 0.531682
0.709309 0.53125

0.710938 0.503876
0.710959 0.503906

0.710955 0.503906
0.711945 0.507812

0.711381 0.507812
0.711478 0.511719

0.710938 0.511983
0.712456 0.515625

0.714844 0.518003
0.712412 0.515625

0.710938 0.531141
0.711406 0.53125

0.710938 0.531854
0.714844 0.532989

0.714844 0.517801
0.718545 0.519531

0.714844 0.531043
0.715468 0.53125

0.714844 0.53321
0.71875 0.53433

0.71875 0.519229
0.720808 0.519531

0.722656 0.519787
0.720716 0.519531

0.71875 0.530869
0.719355 0.53125

0.71875 0.534089
0.722403 0.535156

0.722656 0.535291
0.722154 0.535156

0.722656 0.519789
0.726562 0.519938

0.722656 0.530897
0.722972 0.53125

0.722656 0.535379
0.726562 0.536712

0.730469 0.519419
0.729337 0.519531

0.726562 0.520028
0.730469 0.519647

0.726562 0.523565
0.726909 0.523438

0.726562 0.536907
0.730469 0.538391

0.730469 0.519242
0.734375 0.518927

0.730469 0.519633
0.73181 0.519531

0.730469 0.523993
0.73124 0.523438

0.730469 0.538363
0.732453 0.539062

0.734375 0.539783
0.732351 0.539062

0.734375 0.519036
0.738281 0.519085

0.738281 0.519532
0.737953 0.519531

0.734375 0.525021
0.734565 0.523438

0.734375 0.539838
0.738281 0.541602

0.738281 0.519062
0.742188 0.519319

0.742188 0.523643
0.742163 0.523438

0.742188 0.527704
0.742127 0.527344

0.738281 0.541661
0.74096 0.542969

0.742188 0.543796
0.74053 0.542969

0.742188 0.519295
0.743793 0.519531

0.746094 0.520053
0.743521 0.519531

0.742188 0.530555
0.742524 0.527344

0.742188 0.544001
0.746094 0.546155

0.746094 0.520054
0.75 0.521566

0.746094 0.546188
0.747426 0.546875

0.75 0.54821
0.747385 0.546875

0.75 0.521728
0.753532 0.523438

0.753906 0.523828
0.753134 0.523438

0.75 0.548289
0.753906 0.550467

0.753906 0.523951
0.757812 0.526105

0.753906 0.550587
0.754214 0.550781

0.757812 0.553044
0.754209 0.550781

0.757812 0.526261
0.760023 0.527344

0.761719 0.528195
0.759972 0.527344

0.757812 0.553169
0.759958 0.554688

0.761719 0.556016
0.759911 0.554688

0.761719 0.528191
0.765625 0.530464

0.761719 0.549764
0.762736 0.550781

0.761719 0.55608
0.7649 0.558594

0.765625 0.55933
0.76476 0.558594

0.765625 0.530618
0.76652 0.53125

0.769531 0.533424
0.766529 0.53125

0.765625 0.558049
0.766268 0.558594

0.765625 0.559334
0.769252 0.5625

0.769531 0.562848
0.769149 0.5625

0.769531 0.533533
0.771405 0.535156

0.773438 0.537062
0.771393 0.535156

0.769531 0.557828
0.770253 0.558594

0.769531 0.56285
0.773438 0.566396

0.773438 0.566465
0.773374 0.566406

0.773438 0.537129
0.775377 0.539062

0.777344 0.541106
0.775265 0.539062

0.773438 0.566464
0.777344 0.570125

0.777344 0.541272
0.77943 0.542969

0.78125 0.544441
0.779241 0.542969

0.777344 0.570129
0.777535 0.570312

0.78125 0.573986
0.777534 0.570312

0.78125 0.544305
0.785156 0.546592

0.785156 0.556185
0.785092 0.558594

0.78125 0.573913
0.78155 0.574219

0.781566 0.574219
0.78509 0.578125

0.785156 0.546779
0.785348 0.546875

0.789062 0.548691
0.785327 0.546875

0.785156 0.557987
0.789062 0.558395

0.789062 0.558697
0.787188 0.558594

0.789062 0.562801
0.788828 0.5625

0.785156 0.578067
0.785207 0.578125

0.785207 0.578125
0.78824 0.582031

0.789062 0.583158
0.788223 0.582031

0.789062 0.548765
0.792969 0.550456

0.792969 0.550812
0.792885 0.550781

0.789062 0.554899
0.789295 0.554688

0.789062 0.559031
0.789413 0.558594

0.789062 0.562913
0.7895 0.5625

0.792969 0.569938
0.792762 0.570312

0.792969 0.571082
0.792832 0.570312

0.789062 0.583112
0.791111 0.585938

0.792969 0.588375
0.791212 0.585938

0.792969 0.550503
0.79372 0.550781

0.796875 0.552037
0.793671 0.550781

0.792969 0.570093
0.793762 0.570312

0.792969 0.571064
0.79408 0.570312

0.792969 0.588256
0.794124 0.589844

0.796875 0.593732
0.794148 0.589844

0.796875 0.551933
0.800781 0.554108

0.796875 0.59352
0.797045 0.59375

0.797039 0.59375
0.799848 0.597656

0.800781 0.598731
0.799962 0.597656

0.800781 0.554082
0.801562 0.554688

0.804688 0.557902
0.801569 0.554688

0.804688 0.568133
0.804599 0.570312

0.804688 0.584751
0.804519 0.585938

0.804287 0.585938
0.804507 0.589844

0.804688 0.590993
0.80423 0.589844

0.800781 0.598701
0.802914 0.601562

0.804688 0.60381
0.803034 0.601562

0.804688 0.557663
0.805373 0.558594

0.805456 0.558594
0.806856 0.5625

0.807901 0.5625
0.808027 0.566406

0.806507 0.566406
0.806335 0.570312

0.806417 0.570312
0.806291 0.574219

0.806229 0.574219
0.80607 0.578125

0.806193 0.578125
0.805614 0.582031

0.804688 0.585775
0.805458 0.582031

0.804688 0.590777
0.807963 0.59375

0.808594 0.593959
0.808015 0.59375

0.804688 0.603633
0.806026 0.605469

0.808594 0.609341
0.806045 0.605469

0.808594 0.578089
0.81192 0.578125

0.812289 0.578125
0.812158 0.582031

0.8125 0.592885
0.810602 0.59375

0.808594 0.594096
0.810271 0.59375

0.808594 0.609098
0.808779 0.609375

0.808776 0.609375
0.811174 0.613281

0.8125 0.615435
0.811287 0.613281

0.8125 0.577746
0.816406 0.576411

0.8125 0.579914
0.813521 0.578125

0.813217 0.582031
0.814376 0.585938

0.814994 0.585938
0.814059 0.589844

0.8125 0.592123
0.814259 0.589844

0.8125 0.615269
0.813573 0.617188

0.813629 0.617188
0.815806 0.621094

0.816406 0.621992
0.815919 0.621094

0.816406 0.884497
0.815414 0.886719

0.81522 0.886719
0.815412 0.890625

0.816406 0.891976
0.815628 0.890625

0.816406 0.576732
0.818805 0.578125

0.820312 0.581347
0.818426 0.578125

0.819816 0.582031
0.81935 0.585938

0.820312 0.588231
0.818604 0.585938

0.816406 0.598818
0.817568 0.597656

0.816406 0.621909
0.818057 0.625

0.820312 0.628903
0.818196 0.625

0.820312 0.880529
0.817814 0.882812

0.816406 0.884549
0.817439 0.882812

0.816406 0.892292
0.818699 0.894531

0.820312 0.895044
0.819385 0.894531

0.820312 0.589467
0.820479 0.589844

0.824219 0.593152
0.820549 0.589844

0.824219 0.616123
0.824101 0.617188

0.824219 0.61824
0.824008 0.617188

0.820312 0.628616
0.820462 0.628906

0.820471 0.628906
0.822573 0.632812

0.824219 0.635783
0.822701 0.632812

0.824219 0.878225
0.823043 0.878906

0.820312 0.880519
0.82294 0.878906

0.820312 0.895125
0.824219 0.89599

0.824219 0.592889
0.826268 0.59375

0.828125 0.594358
0.826515 0.59375

0.828125 0.607929
0.827189 0.609375

0.827034 0.609375
0.825133 0.613281

0.824936 0.613281
0.824264 0.617188

0.824219 0.618204
0.825678 0.621094

0.828125 0.623349
0.825283 0.621094

0.824219 0.635567
0.824807 0.636719

0.82481 0.636719
0.826775 0.640625

0.828125 0.643296
0.826887 0.640625

0.824219 0.878279
0.828125 0.876129

0.824219 0.879014
0.824417 0.878906

0.824219 0.882858
0.824265 0.882812

0.824219 0.895832
0.828125 0.896009

0.828125 0.593544
0.828614 0.59375

0.832031 0.596566
0.828566 0.59375

0.832031 0.602294
0.830295 0.605469

0.828125 0.608132
0.829854 0.605469

0.828125 0.623665
0.832031 0.623107

0.828125 0.643035
0.828822 0.644531

0.828849 0.644531
0.830716 0.648438

0.832031 0.651297
0.830845 0.648438

0.832031 0.873496
0.829722 0.875

0.828125 0.876157
0.829958 0.875

0.828125 0.895904
0.832031 0.895918

0.832031 0.5958
0.833216 0.597656

0.833007 0.597656
0.833053 0.601562

0.832031 0.602767
0.832619 0.601562

0.835938 0.613093
0.835787 0.613281

0.835938 0.614085
0.834497 0.617188

0.835423 0.617188
0.833306 0.621094

0.832031 0.62279
0.833744 0.621094

0.835938 0.632726
0.834262 0.632812

0.835938 0.633779
0.834695 0.632812

0.832031 0.650895
0.832625 0.652344

0.83266 0.652344
0.834221 0.65625

0.834306 0.65625
0.835619 0.660156

0.835938 0.661006
0.835679 0.660156

0.835938 0.870185
0.834949 0.871094

0.832031 0.873499
0.834983 0.871094

0.832031 0.89601
0.835938 0.895889

0.835938 0.613002
0.839844 0.611326

0.835938 0.613807
0.836474 0.613281

0.835938 0.632716
0.83603 0.632812

0.835938 0.634134
0.836022 0.632812

0.839844 0.652164
0.839503 0.652344

0.835938 0.660924
0.836989 0.664062

0.837215 0.664062
0.838573 0.667969

0.838461 0.667969
0.839652 0.671875

0.839844 0.865747
0.838738 0.867188

0.835938 0.870209
0.838727 0.867188

0.835938 0.88279
0.839844 0.882771

0.835938 0.882816
0.839844 0.882817

0.835938 0.895818
0.839844 0.895519

0.839844 0.611435
0.84375 0.613193

0.84375 0.613806
0.8432 0.613281

0.839844 0.651968
0.84375 0.650698

0.84375 0.654243
0.839986 0.652344

0.84375 0.656296
0.843614 0.65625

0.839844 0.671826
0.839857 0.671875

0.839861 0.671875
0.841148 0.675781

0.841266 0.675781
0.842499 0.679688

0.842415 0.679688
0.843516 0.683594

0.84375 0.683939
0.843654 0.683594

0.84375 0.859864
0.841679 0.863281

0.839844 0.865714
0.841584 0.863281

0.839844 0.882754
0.839848 0.882812

0.839844 0.882819
0.839849 0.882812

0.839844 0.895614
0.84375 0.895088

0.84375 0.614106
0.84529 0.617188

0.844937 0.617188
0.845927 0.621094

0.845881 0.621094
0.847056 0.625

0.847656 0.626498
0.847093 0.625

0.84375 0.650759
0.844622 0.652344

0.84375 0.655279
0.844763 0.652344

0.84375 0.656986
0.84543 0.65625

0.847656 0.661544
0.846249 0.660156

0.84375 0.679022
0.843958 0.679688

0.84375 0.683852
0.844901 0.6875

0.84472 0.6875
0.845742 0.691406

0.845899 0.691406
0.846773 0.695312

0.847656 0.698135
0.846963 0.695312

0.847656 0.853145
0.846457 0.855469

0.846307 0.855469
0.844112 0.859375

0.84375 0.859867
0.844049 0.859375

0.847656 0.894127
0.845863 0.894531

0.84375 0.894999
0.846068 0.894531

0.847656 0.626252
0.848711 0.628906

0.848941 0.628906
0.85087 0.632812

0.851562 0.634157
0.850937 0.632812

0.847656 0.657629
0.848141 0.660156

0.847656 0.661452
0.848595 0.660156

0.847656 0.687011
0.847971 0.6875

0.847656 0.697866
0.84797 0.699219

0.848012 0.699219
0.849059 0.703125

0.849202 0.703125
0.85009 0.707031

0.849961 0.707031
0.850786 0.710938

0.851562 0.714199
0.850902 0.710938

0.851562 0.845868
0.850771 0.847656

0.850662 0.847656
0.848646 0.851562

0.847656 0.85328
0.848538 0.851562

0.851562 0.871074
0.851443 0.871094

0.851534 0.871094
0.851536 0.875

0.851562 0.875016
0.851512 0.875

0.851534 0.878906
0.851561 0.882812

0.847656 0.894073
0.851562 0.892685

0.851562 0.633947
0.852837 0.636719

0.85293 0.636719
0.854867 0.640625

0.855469 0.641705
0.854969 0.640625

0.851562 0.659907
0.851645 0.660156

0.855469 0.671875
0.855469 0.675781

0.851562 0.71365
0.851664 0.714844

0.851761 0.714844
0.852617 0.71875

0.852512 0.71875
0.853211 0.722656

0.853349 0.722656
0.853874 0.726562

0.854128 0.726562
0.854985 0.730469

0.855469 0.733228
0.854949 0.730469

0.855469 0.83609
0.854373 0.839844

0.854323 0.839844
0.852721 0.84375

0.851562 0.846083
0.852581 0.84375

0.851562 0.871066
0.851611 0.871094

0.851584 0.871094
0.851588 0.875

0.851562 0.875057
0.851629 0.875

0.851562 0.88225
0.851678 0.878906

0.851562 0.892479
0.855469 0.891034

0.855469 0.641479
0.856864 0.644531

0.856984 0.644531
0.858794 0.648438

0.859375 0.649723
0.858879 0.648438

0.855469 0.671875
0.855469 0.675781

0.859375 0.695921
0.858264 0.699219

0.858933 0.699219
0.858649 0.703125

0.858881 0.703125
0.858535 0.707031

0.85919 0.707031
0.8592 0.710938

0.857736 0.710938
0.859092 0.714844

0.859375 0.715056
0.859192 0.714844

0.855469 0.730445
0.855472 0.730469

0.855469 0.732737
0.855783 0.734375

0.855822 0.734375
0.856826 0.738281

0.857151 0.738281
0.8577 0.742188

0.857287 0.742188
0.857682 0.746094

0.857904 0.746094
0.858527 0.75

0.858486 0.75
0.858971 0.753906

0.859375 0.75766
0.858977 0.753906

0.859375 0.817648
0.858976 0.820312

0.858899 0.820312
0.858155 0.824219

0.858091 0.824219
0.857462 0.828125

0.857263 0.828125
0.856368 0.832031

0.855469 0.83588
0.85652 0.832031

0.855469 0.836121
0.855512 0.835938

0.859375 0.855277
0.859326 0.855469

0.859375 0.855961
0.859239 0.855469

0.859375 0.859607
0.859086 0.859375

0.859375 0.88971
0.856311 0.890625

0.855469 0.890902
0.856426 0.890625

0.859375 0.649499
0.860458 0.652344

0.860515 0.652344
0.86194 0.65625

0.861946 0.65625
0.863186 0.660156

0.859375 0.695236
0.863281 0.692645

0.859375 0.695955
0.859777 0.695312

0.859375 0.715418
0.863281 0.718209

0.863281 0.718779
0.863216 0.71875

0.863245 0.722656
0.863267 0.726562

0.859375 0.757311
0.85942 0.757812

0.859427 0.757812
0.859979 0.761719

0.859839 0.761719
0.860638 0.765625

0.860263 0.765625
0.860762 0.769531

0.861358 0.769531
0.861383 0.773438

0.861359 0.773438
0.861349 0.777344

0.861342 0.777344
0.861359 0.78125

0.861387 0.78125
0.861391 0.785156

0.861357 0.785156
0.861357 0.789062

0.861379 0.789062
0.861396 0.792969

0.861396 0.792969
0.861375 0.796875

0.861359 0.796875
0.861333 0.800781

0.861348 0.800781
0.861332 0.804688

0.860793 0.804688
0.860275 0.808594

0.860513 0.808594
0.859816 0.8125

0.860102 0.8125
0.85962 0.816406

0.859375 0.817962
0.859583 0.816406

0.863281 0.84561
0.863262 0.84375

0.863281 0.848481
0.86304 0.847656

0.863281 0.852474
0.862643 0.851562

0.863281 0.856111
0.862424 0.855469

0.859375 0.889926
0.863281 0.888485

0.863281 0.660012
0.863321 0.660156

0.863313 0.660156
0.864544 0.664062

0.864818 0.664062
0.866284 0.667969

0.867188 0.670897
0.866133 0.667969

0.863281 0.693301
0.867188 0.692723

0.863281 0.718694
0.867188 0.717168

0.86332 0.722656
0.863302 0.726562

0.867188 0.736756
0.865761 0.738281

0.867188 0.738916
0.865669 0.738281

0.867188 0.743237
0.866888 0.742188

0.867188 0.746446
0.86404 0.746094

0.863281 0.785748
0.863286 0.789062

0.863281 0.790185
0.863298 0.792969

0.863286 0.792969
0.863299 0.796875

0.863281 0.799389
0.863304 0.796875

0.867188 0.834088
0.866097 0.835938

0.866332 0.835938
0.865016 0.839844

0.864846 0.839844
0.864184 0.84375

0.864037 0.84375
0.864114 0.847656

0.863898 0.847656
0.865466 0.851562

0.867188 0.853588
0.865405 0.851562

0.867188 0.855687
0.866881 0.855469

0.867188 0.869596
0.866758 0.871094

0.867188 0.886384
0.86657 0.886719

0.863281 0.888373
0.866618 0.886719

0.867188 0.670371
0.867706 0.671875

0.867809 0.671875
0.869102 0.675781

0.869325 0.675781
0.870379 0.679688

0.87037 0.679688
0.870864 0.683594

0.870887 0.683594
0.870801 0.6875

0.871094 0.688056
0.869453 0.691406

0.867188 0.694378
0.870598 0.691406

0.871094 0.696198
0.868046 0.699219

0.86871 0.699219
0.867691 0.703125

0.868973 0.703125
0.869862 0.707031

0.870135 0.707031
0.870047 0.710938

0.870084 0.710938
0.868431 0.714844

0.867188 0.716224
0.86829 0.714844

0.867188 0.722656
0.867188 0.726562

0.867188 0.736571
0.8678 0.738281

0.867188 0.739007
0.867835 0.738281

0.867188 0.742341
0.867229 0.742188

0.867188 0.746595
0.867252 0.746094

0.871094 0.774718
0.870355 0.777344

0.871094 0.777607
0.870905 0.777344

0.871094 0.799535
0.870899 0.796875

0.871094 0.830228
0.868453 0.832031

0.867188 0.833723
0.868701 0.832031

0.867188 0.853765
0.870428 0.855469

0.871094 0.855504
0.870972 0.855469

0.867188 0.870199
0.867195 0.871094

0.871094 0.874922
0.871022 0.875

0.867188 0.886316
0.871094 0.882994

0.871094 0.696542
0.875 0.699

0.875 0.699552
0.874642 0.699219

0.875 0.704336
0.874894 0.707031

0.871094 0.707493
0.871398 0.707031

0.871094 0.711085
0.871249 0.710938

0.875 0.7724
0.874757 0.773438

0.874746 0.773438
0.874376 0.777344

0.875 0.780975
0.874028 0.777344

0.875 0.798607
0.874703 0.800781

0.875 0.800845
0.874799 0.800781

0.871094 0.830013
0.875 0.829963

0.875 0.854399
0.872049 0.855469

0.871094 0.855531
0.871364 0.855469

0.875 0.877844
0.874209 0.878906

0.874308 0.878906
0.871124 0.882812

0.871094 0.882984
0.871255 0.882812

0.875 0.700428
0.876069 0.703125

0.875958 0.703125
0.876811 0.707031

0.876969 0.707031
0.877988 0.710938

0.877917 0.710938
0.878875 0.714844

0.878906 0.716102
0.878756 0.714844

0.878906 0.761941
0.877273 0.765625

0.877295 0.765625
0.87601 0.769531

0.876078 0.769531
0.875095 0.773438

0.875 0.774771
0.875138 0.773438

0.875 0.780026
0.875423 0.78125

0.878906 0.784978
0.875339 0.78125

0.878906 0.785312
0.878687 0.785156

0.875 0.798693
0.875537 0.800781

0.875 0.800975
0.875833 0.800781

0.878906 0.810689
0.878889 0.808594

0.875 0.830064
0.877808 0.832031

0.878906 0.833919
0.877539 0.832031

0.878906 0.849019
0.877402 0.851562

0.875 0.853915
0.877336 0.851562

0.878906 0.872746
0.877135 0.875

0.875 0.877864
0.877105 0.875

0.878906 0.715856
0.879283 0.71875

0.879341 0.71875
0.879923 0.722656

0.879901 0.722656
0.880492 0.726562

0.880636 0.726562
0.88099 0.730469

0.882122 0.730469
0.882247 0.734375

0.882334 0.734375
0.88224 0.738281

0.880811 0.738281
0.880622 0.742188

0.880621 0.742188
0.880752 0.746094

0.880882 0.746094
0.881898 0.75

0.882812 0.752702
0.882081 0.75

0.882812 0.755703
0.882208 0.757812

0.88179 0.757812
0.879374 0.761719

0.878906 0.761787
0.878941 0.761719

0.882812 0.784968
0.882226 0.785156

0.878906 0.785927
0.882812 0.785471

0.878906 0.804707
0.878916 0.804688

0.878906 0.810076
0.878914 0.808594

0.878906 0.834301
0.879593 0.835938

0.879253 0.835938
0.880163 0.839844

0.879582 0.839844
0.879818 0.84375

0.880552 0.84375
0.879542 0.847656

0.878906 0.848511
0.879346 0.847656

0.882812 0.867849
0.880554 0.871094

0.878906 0.872892
0.880341 0.871094

0.882812 0.750905
0.883466 0.753906

0.88372 0.753906
0.883089 0.757812

0.883059 0.757812
0.882961 0.761719

0.886719 0.762219
0.885097 0.765625

0.885648 0.765625
0.885224 0.769531

0.885451 0.769531
0.885435 0.773438

0.885575 0.773438
0.885335 0.777344

0.885491 0.777344
0.884435 0.78125

0.882812 0.783876
0.88442 0.78125

0.886719 0.819179
0.88564 0.820312

0.886719 0.86085
0.885745 0.863281

0.885559 0.863281
0.883367 0.867188

0.882812 0.86789
0.883287 0.867188

0.886719 0.761536
0.887468 0.761719

0.890625 0.762845
0.887258 0.761719

0.890625 0.766986
0.890034 0.765625

0.890625 0.769577
0.890605 0.769531

0.890625 0.796244
0.89062 0.796875

0.890625 0.820073
0.890614 0.820312

0.890625 0.822275
0.890573 0.824219

0.890625 0.838276
0.890525 0.839844

0.890523 0.839844
0.890021 0.84375

0.89016 0.84375
0.889375 0.847656

0.889733 0.847656
0.889231 0.851562

0.888823 0.851562
0.888427 0.855469

0.888396 0.855469
0.887406 0.859375

0.886719 0.860959
0.887292 0.859375

0.890625 0.769628
0.891247 0.773438

0.891538 0.773438
0.892145 0.777344

0.892115 0.777344
0.892166 0.78125

0.892025 0.78125
0.891864 0.785156

0.89189 0.785156
0.891749 0.789062

0.891727 0.789062
0.891596 0.792969

0.891581 0.792969
0.891532 0.796875

0.891528 0.796875
0.8916 0.800781

0.891619 0.800781
0.891782 0.804688

0.891815 0.804688
0.891963 0.808594

0.891985 0.808594
0.892008 0.8125

0.892002 0.8125
0.891866 0.816406

0.891842 0.816406
0.891606 0.820312

0.891589 0.820312
0.891349 0.824219

0.891346 0.824219
0.891142 0.828125

0.891148 0.828125
0.890962 0.832031

0.89097 0.832031
0.890775 0.835938

0.890625 0.838588
0.890774 0.835938

