0.464844 0.583504
0.463105 0.585938

0.462865 0.585938
0.461847 0.589844

0.461651 0.589844
0.462031 0.59375

0.462788 0.59375
0.464265 0.597656

0.464844 0.598447
0.464451 0.597656

0.46875 0.581306
0.467226 0.582031

0.464844 0.583552
0.466815 0.582031

0.464844 0.58645
0.464998 0.585938

0.464844 0.597626
0.464856 0.597656

0.464856 0.597656
0.46675 0.601562

0.467043 0.601562
0.468221 0.605469

0.468101 0.605469
0.468169 0.609375

0.467966 0.609375
0.467572 0.613281

0.467527 0.613281
0.467167 0.617188

0.467174 0.617188
0.466926 0.621094

0.46691 0.621094
0.466793 0.625

0.466823 0.625
0.466809 0.628906

0.466805 0.628906
0.466843 0.632812

0.466793 0.632812
0.466992 0.636719

0.466923 0.636719
0.467519 0.640625

0.467503 0.640625
0.46864 0.644531

0.46875 0.644779
0.468637 0.644531

0.46875 0.581724
0.472656 0.580233

0.46875 0.586471
0.469257 0.585938

0.46875 0.597618
0.468792 0.597656

0.46875 0.601379
0.46886 0.601562

0.46875 0.605271
0.468797 0.605469

0.46875 0.64375
0.468984 0.644531

0.468909 0.644531
0.470874 0.648438

0.472656 0.651267
0.470833 0.648438

0.476562 0.57704
0.475803 0.578125

0.472656 0.580715
0.47604 0.578125

0.472656 0.597595
0.473716 0.597656

0.472656 0.597936
0.473334 0.597656

0.476479 0.609375
0.476498 0.613281

0.476562 0.636668
0.476377 0.632812

0.476562 0.636796
0.476433 0.636719

0.472656 0.650622
0.473837 0.652344

0.476562 0.656177
0.473817 0.652344

0.480469 0.54298
0.479865 0.546875

0.479821 0.546875
0.479372 0.550781

0.479404 0.550781
0.479146 0.554688

0.479152 0.554688
0.479009 0.558594

0.479056 0.558594
0.47892 0.5625

0.478914 0.5625
0.478701 0.566406

0.478688 0.566406
0.478435 0.570312

0.478232 0.570312
0.477428 0.574219

0.476562 0.576896
0.477892 0.574219

0.476562 0.609339
0.476607 0.609375

0.476576 0.609375
0.476572 0.613281

0.480469 0.628526
0.479749 0.628906

0.480469 0.632571
0.479425 0.632812

0.480469 0.634216
0.478837 0.632812

0.476562 0.65576
0.476923 0.65625

0.477279 0.65625
0.47866 0.660156

0.477428 0.660156
0.477228 0.664062

0.477456 0.664062
0.477121 0.667969

0.477137 0.667969
0.47751 0.671875

0.477435 0.671875
0.477888 0.675781

0.478456 0.675781
0.478886 0.679688

0.478899 0.679688
0.479827 0.683594

0.480469 0.685649
0.479781 0.683594

0.484375 0.533032
0.483117 0.535156

0.482886 0.535156
0.4813 0.539062

0.481551 0.539062
0.480547 0.542969

0.480469 0.543791
0.480588 0.542969

0.480469 0.570953
0.480636 0.570312

0.484375 0.629644
0.484197 0.632812

0.484375 0.636392
0.484126 0.632812

0.480469 0.684642
0.481527 0.6875

0.481664 0.6875
0.483408 0.691406

0.484375 0.693746
0.483506 0.691406

0.488281 0.528544
0.485717 0.53125

0.484375 0.533045
0.485561 0.53125

0.484375 0.543439
0.484913 0.542969

0.488281 0.581729
0.487931 0.582031

0.488281 0.585153
0.487856 0.585938

0.488281 0.589001
0.488056 0.589844

0.488281 0.593104
0.488167 0.59375

0.488281 0.597138
0.488221 0.597656

0.488281 0.60122
0.488245 0.601562

0.488281 0.605263
0.488255 0.605469

0.488281 0.606726
0.487872 0.609375

0.487967 0.609375
0.487145 0.613281

0.487426 0.613281
0.486797 0.617188

0.486445 0.617188
0.48603 0.621094

0.485939 0.621094
0.485463 0.625

0.485473 0.625
0.485099 0.628906

0.485059 0.628906
0.484924 0.632812

0.484903 0.632812
0.485248 0.636719

0.485228 0.636719
0.486036 0.640625

0.486367 0.640625
0.487472 0.644531

0.488281 0.648242
0.487355 0.644531

0.488281 0.648519
0.488265 0.648438

0.484375 0.693596
0.484995 0.695312

0.484904 0.695312
0.486639 0.699219

0.488281 0.702032
0.486507 0.699219

0.492188 0.525319
0.489823 0.527344

0.488281 0.528648
0.48974 0.527344

0.488282 0.542969
0.488282 0.546875

0.492188 0.581342
0.492091 0.582031

0.492066 0.582031
0.4915 0.585938

0.491705 0.585938
0.491157 0.589844

0.491443 0.589844
0.490889 0.59375

0.490344 0.59375
0.489862 0.597656

0.489974 0.597656
0.489423 0.601562

0.48936 0.601562
0.488636 0.605469

0.488281 0.607081
0.488527 0.605469

0.488281 0.648592
0.489256 0.652344

0.489294 0.652344
0.490774 0.65625

0.492188 0.659586
0.491055 0.65625

0.492188 0.66452
0.491999 0.664062

0.492188 0.672035
0.49203 0.671875

0.488281 0.701644
0.489383 0.703125

0.492188 0.705856
0.489314 0.703125

0.496094 0.521628
0.494515 0.523438

0.492188 0.525443
0.494393 0.523438

0.496094 0.56564
0.495889 0.566406

0.49581 0.566406
0.494675 0.570312

0.494545 0.570312
0.493569 0.574219

0.493656 0.574219
0.492854 0.578125

0.492188 0.581671
0.492783 0.578125

0.492188 0.65969
0.492323 0.660156

0.492336 0.660156
0.49352 0.664062

0.49374 0.664062
0.495245 0.667969

0.496094 0.67037
0.495289 0.667969

0.496094 0.672106
0.496038 0.671875

0.496094 0.680123
0.495757 0.679688

0.492188 0.705464
0.494008 0.707031

0.496094 0.708956
0.494013 0.707031

0.5 0.514942
0.499792 0.515625

0.499712 0.515625
0.497734 0.519531

0.496094 0.521836
0.497814 0.519531

0.5 0.55548
0.498698 0.558594

0.49859 0.558594
0.497065 0.5625

0.496094 0.565713
0.497046 0.5625

0.496094 0.670076
0.496639 0.671875

0.496606 0.671875
0.49777 0.675781

0.49789 0.675781
0.49927 0.679688

0.5 0.681939
0.499175 0.679688

0.496094 0.708914
0.497945 0.710938

0.5 0.713756
0.498072 0.710938

0.503906 0.49397
0.502935 0.496094

0.503121 0.496094
0.502379 0.5

0.502544 0.5
0.502193 0.503906

0.502264 0.503906
0.501831 0.507812

0.501576 0.507812
0.500749 0.511719

0.5 0.514971
0.500973 0.511719

0.5 0.519966
0.500314 0.519531

0.503906 0.539043
0.503874 0.539062

0.503906 0.542499
0.503462 0.542969

0.503906 0.546244
0.503535 0.546875

0.503906 0.54814
0.502575 0.550781

0.502484 0.550781
0.500535 0.554688

0.5 0.555737
0.500439 0.554688

0.5 0.68114
0.500897 0.683594

0.500932 0.683594
0.502403 0.6875

0.502432 0.6875
0.503716 0.691406

0.503906 0.692027
0.503722 0.691406

0.5 0.713853
0.500625 0.714844

0.500492 0.714844
0.5028 0.71875

0.503906 0.720419
0.50268 0.71875

0.507812 0.490147
0.504703 0.492188

0.503906 0.494066
0.505384 0.492188

0.507812 0.541928
0.507147 0.542969

0.507135 0.542969
0.504857 0.546875

0.503906 0.54838
0.504683 0.546875

0.503906 0.691827
0.505066 0.695312

0.505219 0.695312
0.507012 0.699219

0.507812 0.700756
0.506954 0.699219

0.503906 0.720316
0.505995 0.722656

0.507812 0.724208
0.505988 0.722656

0.507812 0.490397
0.511719 0.490224

0.511719 0.536307
0.509703 0.539062

0.507812 0.541916
0.509613 0.539062

0.507812 0.700537
0.50928 0.703125

0.511719 0.706598
0.509324 0.703125

0.507812 0.724077
0.511485 0.726562

0.511719 0.726717
0.511486 0.726562

0.511719 0.490307
0.515625 0.492122

0.515625 0.531813
0.51267 0.535156

0.511719 0.536337
0.512647 0.535156

0.511719 0.706485
0.512136 0.707031

0.512284 0.707031
0.515436 0.710938

0.515625 0.711153
0.515438 0.710938

0.511719 0.726626
0.515625 0.729401

0.515719 0.492188
0.518553 0.496094

0.518051 0.496094
0.519477 0.5

0.519531 0.501546
0.518705 0.5

0.519531 0.528115
0.516226 0.53125

0.515625 0.531847
0.516209 0.53125

0.515625 0.710986
0.518919 0.714844

0.519531 0.71552
0.518925 0.714844

0.515625 0.729431
0.516823 0.730469

0.519531 0.733118
0.516741 0.730469

0.519531 0.501494
0.522466 0.503906

0.523438 0.504433
0.522008 0.503906

0.523438 0.524641
0.520492 0.527344

0.519531 0.528211
0.520485 0.527344

0.519531 0.715418
0.522497 0.71875

0.523438 0.719778
0.522487 0.71875

0.519531 0.73321
0.520623 0.734375

0.523438 0.737535
0.52057 0.734375

0.527344 0.50269
0.525132 0.503906

0.523438 0.504335
0.52513 0.503906

0.527344 0.520802
0.524639 0.523438

0.523438 0.524612
0.52466 0.523438

0.523438 0.719718
0.526172 0.722656

0.527344 0.723883
0.526165 0.722656

0.523438 0.737562
0.5241 0.738281

0.527344 0.741693
0.524131 0.738281

0.53125 0.474201
0.529255 0.476562

0.529331 0.476562
0.528153 0.480469

0.527576 0.480469
0.527597 0.484375

0.528022 0.484375
0.528273 0.488281

0.529324 0.488281
0.529447 0.492188

0.52938 0.492188
0.529234 0.496094

0.529054 0.496094
0.528218 0.5

0.527344 0.502439
0.528947 0.5

0.53125 0.516957
0.528561 0.519531

0.527344 0.520758
0.528592 0.519531

0.527344 0.723857
0.529985 0.726562

0.53125 0.727829
0.529982 0.726562

0.527344 0.741686
0.527834 0.742188

0.53125 0.745579
0.527843 0.742188

0.53125 0.474405
0.535156 0.472723

0.535156 0.513401
0.532645 0.515625

0.53125 0.516948
0.532685 0.515625

0.53125 0.727834
0.533953 0.730469

0.535156 0.731617
0.533954 0.730469

0.53125 0.745581
0.531782 0.746094

0.535156 0.749188
0.531676 0.746094

0.535156 0.472989
0.539062 0.474532

0.539062 0.510111
0.537074 0.511719

0.535156 0.513403
0.537182 0.511719

0.535156 0.731664
0.538131 0.734375

0.539062 0.735207
0.538137 0.734375

0.535156 0.749252
0.536096 0.75

0.539062 0.752191
0.53602 0.75

0.539062 0.474674
0.541077 0.476562

0.542969 0.479947
0.541064 0.476562

0.542969 0.48252
0.542225 0.480469

0.542969 0.50706
0.541983 0.507812

0.539062 0.510125
0.542145 0.507812

0.539062 0.735306
0.542644 0.738281

0.542969 0.73855
0.542647 0.738281

0.539062 0.752267
0.541881 0.753906

0.542969 0.754526
0.541886 0.753906

0.542969 0.482241
0.544293 0.484375

0.546875 0.48696
0.543392 0.484375

0.542969 0.507036
0.546875 0.504224

0.542969 0.738653
0.546875 0.741637

0.542969 0.754569
0.546875 0.75671

0.546875 0.486945
0.550781 0.486402

0.550781 0.501346
0.547114 0.503906

0.546875 0.504091
0.547127 0.503906

0.546875 0.741661
0.547568 0.742188

0.550781 0.744595
0.547406 0.742188

0.546875 0.756829
0.548763 0.757812

0.550781 0.758934
0.548619 0.757812

0.554688 0.463093
0.554369 0.464844

0.554688 0.465602
0.554632 0.464844

0.554688 0.481191
0.552472 0.484375

0.550781 0.486061
0.552749 0.484375

0.554688 0.498448
0.552438 0.5

0.550781 0.501281
0.552615 0.5

0.550781 0.744735
0.552829 0.746094

0.554688 0.747335
0.552786 0.746094

0.550781 0.759119
0.554688 0.761196

0.558594 0.457661
0.555176 0.460938

0.554688 0.463416
0.555496 0.460938

0.55469 0.464844
0.555141 0.46875

0.555246 0.46875
0.555867 0.472656

0.555478 0.472656
0.555265 0.476562

0.555874 0.476562
0.554859 0.480469

0.554688 0.480733
0.554812 0.480469

0.558594 0.49567
0.557969 0.496094

0.554688 0.4984
0.558199 0.496094

0.554688 0.747462
0.558594 0.749726

0.554688 0.761335
0.55558 0.761719

0.558594 0.763057
0.555391 0.761719

0.558594 0.458014
0.561925 0.457031

0.558594 0.495691
0.5625 0.493178

0.558594 0.749742
0.559079 0.75

0.5625 0.751851
0.558986 0.75

0.558594 0.763408
0.5625 0.764764

0.5625 0.45717
0.566406 0.457498

0.566406 0.461138
0.56602 0.460938

0.566406 0.490558
0.563688 0.492188

0.5625 0.493079
0.56394 0.492188

0.5625 0.751795
0.565819 0.753906

0.566406 0.754325
0.565818 0.753906

0.5625 0.764679
0.566406 0.765342

0.566406 0.457427
0.570312 0.457343

0.566406 0.461157
0.570312 0.461067

0.570312 0.488115
0.570016 0.488281

0.566406 0.490471
0.570312 0.488288

0.566406 0.754044
0.569781 0.757812

0.570312 0.758622
0.57013 0.757812

0.570312 0.763748
0.567978 0.765625

0.566406 0.766171
0.568379 0.765625

0.574219 0.456329
0.571892 0.457031

0.570312 0.457817
0.573056 0.457031

0.570312 0.461204
0.570582 0.460938

0.574219 0.469258
0.573575 0.472656

0.574219 0.473482
0.573487 0.472656

0.570312 0.488121
0.574219 0.486154

0.570312 0.758604
0.570918 0.761719

0.570312 0.764465
0.571397 0.761719

0.574219 0.45636
0.578125 0.454363

0.574219 0.469976
0.57789 0.472656

0.574219 0.473351
0.578125 0.472744

0.578125 0.484145
0.577584 0.484375

0.574219 0.486051
0.57796 0.484375

0.582031 0.451334
0.579645 0.453125

0.578125 0.454445
0.580047 0.453125

0.578125 0.484144
0.582031 0.482607

0.585938 0.447598
0.583733 0.449219

0.582031 0.4512
0.584567 0.449219

0.582031 0.482498
0.585938 0.481191

0.585938 0.447718
0.589844 0.445853

0.589844 0.464296
0.589731 0.464844

0.589844 0.465203
0.589736 0.464844

0.589844 0.480176
0.588561 0.480469

0.585938 0.481238
0.58905 0.480469

0.59375 0.444894
0.591568 0.445312

0.589844 0.446044
0.592845 0.445312

0.589844 0.460932
0.590245 0.460938

0.589844 0.464435
0.59375 0.464721

0.589844 0.464866
0.59375 0.4651

0.59375 0.469206
0.591937 0.46875

0.589844 0.480088
0.59375 0.479289

0.59375 0.444915
0.597656 0.444667

0.59375 0.469617
0.594096 0.46875

0.59375 0.479011
0.597656 0.479719

0.597656 0.480891
0.595843 0.480469

0.597656 0.444679
0.601562 0.445018

0.601562 0.458984
0.601562 0.457031

0.597656 0.480199
0.598562 0.480469

0.597656 0.480986
0.601562 0.481844

0.601562 0.44509
0.602265 0.445312

0.605469 0.446346
0.603039 0.445312

0.601562 0.481581
0.605469 0.48114

0.605469 0.44658
0.608465 0.449219

0.609375 0.450412
0.608548 0.449219

0.609375 0.47987
0.607859 0.480469

0.605469 0.481004
0.607122 0.480469

0.609375 0.450441
0.61095 0.453125

0.610742 0.453125
0.612648 0.457031

0.613281 0.457863
0.612915 0.457031

0.613281 0.476428
0.613194 0.476562

0.609375 0.479695
0.613087 0.476562

0.613281 0.457831
0.614604 0.460938

0.615272 0.460938
0.616291 0.464844

0.616649 0.464844
0.616755 0.46875

0.616393 0.46875
0.615613 0.472656

0.613281 0.476444
0.615304 0.472656

0.621094 0.442798
0.619628 0.445312

0.619967 0.445312
0.620071 0.449219

0.621094 0.450743
0.620445 0.449219

0.625 0.441193
0.624201 0.441406

0.621094 0.443273
0.624002 0.441406

0.621094 0.450612
0.622311 0.453125

0.625 0.456762
0.622885 0.453125

0.625 0.441737
0.628906 0.44243

0.625 0.456771
0.62515 0.457031

0.62532 0.457031
0.626956 0.460938

0.627323 0.460938
0.627836 0.464844

0.627287 0.464844
0.627104 0.46875

0.626804 0.46875
0.627621 0.472656

0.628906 0.474975
0.627276 0.472656

0.628906 0.442826
0.632812 0.444123

0.628906 0.474683
0.631701 0.476562

0.632812 0.476588
0.632732 0.476562

0.632812 0.443874
0.636277 0.445312

0.636719 0.445974
0.635259 0.445312

0.632812 0.476512
0.636719 0.47656

0.636719 0.476584
0.633629 0.476562

0.636719 0.446026
0.640625 0.448192

0.640625 0.449242
0.640585 0.449219

0.640625 0.453148
0.640611 0.453125

0.640625 0.472586
0.640505 0.472656

0.636719 0.476372
0.640625 0.475656

0.640625 0.448404
0.642582 0.449219

0.644531 0.450229
0.641976 0.449219

0.644531 0.453796
0.643605 0.453125

0.644531 0.45713
0.642863 0.457031

0.640625 0.472625
0.644531 0.472584

0.640625 0.476334
0.644531 0.476312

0.644531 0.450007
0.648438 0.450915

0.648438 0.453199
0.648171 0.453125

0.644531 0.45723
0.64467 0.457031

0.644531 0.475537
0.648438 0.476388

0.648438 0.451124
0.652344 0.451414

0.648438 0.476543
0.648541 0.476562

0.652344 0.477394
0.648513 0.476562

0.652344 0.451372
0.65625 0.451398

0.652344 0.47747
0.65625 0.478294

0.65625 0.451291
0.660156 0.451351

0.65625 0.46875
0.660156 0.46875

0.65625 0.46875
0.660156 0.46875

0.65625 0.478484
0.660156 0.479548

0.660156 0.451132
0.664062 0.451879

0.660156 0.479516
0.663912 0.480469

0.664062 0.451712
0.666477 0.453125

0.667969 0.454489
0.666747 0.453125

0.667969 0.46413
0.667944 0.464844

0.667969 0.465548
0.667782 0.464844

0.664062 0.480396
0.664655 0.480469

0.667969 0.480961
0.664478 0.480469

0.667969 0.454692
0.669106 0.457031

0.669049 0.457031
0.669119 0.460938

0.668448 0.460938
0.668237 0.464844

0.667969 0.465442
0.669624 0.46875

0.671875 0.470922
0.669336 0.46875

0.667969 0.480459
0.668072 0.480469

0.667969 0.481025
0.671875 0.481591

0.671875 0.470895
0.675781 0.471557

0.671875 0.481573
0.675781 0.482062

0.679688 0.456891
0.679627 0.457031

0.675781 0.471399
0.679688 0.469232

0.675781 0.481946
0.679688 0.482626

0.683594 0.453062
0.683446 0.453125

0.679688 0.456861
0.68347 0.453125

0.680282 0.457031
0.680033 0.460938

0.680462 0.460938
0.680862 0.464844

0.681939 0.464844
0.680263 0.46875

0.679688 0.468914
0.679847 0.46875

0.679688 0.482877
0.683594 0.483814

0.683594 0.453257
0.6875 0.453271

0.683594 0.483656
0.6866 0.484375

0.6875 0.484815
0.685706 0.484375

0.6875 0.454412
0.691406 0.456206

0.691406 0.457241
0.69099 0.457031

0.691406 0.461573
0.690751 0.460938

0.6875 0.484093
0.688838 0.484375

0.6875 0.484973
0.691406 0.48602

0.691406 0.456499
0.692325 0.457031

0.695312 0.458796
0.692204 0.457031

0.695312 0.464859
0.6953 0.464844

0.691406 0.483998
0.692577 0.484375

0.691406 0.486185
0.695312 0.487355

0.695312 0.458935
0.698708 0.460938

0.699219 0.461414
0.698445 0.460938

0.699219 0.46536
0.69869 0.464844

0.695312 0.468758
0.699219 0.468757

0.695312 0.483782
0.69617 0.484375

0.695312 0.487138
0.69864 0.488281

0.699219 0.48854
0.69841 0.488281

0.699219 0.46136
0.703125 0.463776

0.699219 0.484077
0.699454 0.484375

0.699219 0.488616
0.703125 0.490147

0.703125 0.463931
0.704613 0.464844

0.707031 0.46645
0.704332 0.464844

0.707031 0.469015
0.706662 0.46875

0.703125 0.490233
0.707031 0.491883

0.707031 0.466499
0.710938 0.468678

0.710938 0.46894
0.710597 0.46875

0.707031 0.491953
0.70754 0.492188

0.710938 0.493827
0.707525 0.492188

0.710938 0.468944
0.714844 0.470768

0.710938 0.493867
0.714519 0.496094

0.714844 0.496287
0.714568 0.496094

0.714844 0.470886
0.71875 0.472225

0.71875 0.481166
0.718702 0.480469

0.714844 0.496281
0.71875 0.499978

0.71875 0.472197
0.721194 0.472656

0.722656 0.472904
0.721133 0.472656

0.722656 0.477131
0.722318 0.476562

0.71875 0.480623
0.722656 0.480551

0.71875 0.499944
0.718799 0.5

0.718797 0.5
0.721372 0.503906

0.722656 0.506627
0.721193 0.503906

0.722656 0.4729
0.726562 0.473522

0.726562 0.476628
0.726409 0.476562

0.722656 0.48091
0.722713 0.480469

0.722656 0.506772
0.723236 0.507812

0.722965 0.507812
0.726484 0.511719

0.726562 0.512107
0.726066 0.511719

0.726562 0.47326
0.730469 0.473898

0.730469 0.476744
0.729767 0.476562

0.726562 0.492188
0.730469 0.492188

0.726562 0.492188
0.730469 0.492188

0.726562 0.512088
0.730469 0.513377

0.730469 0.473573
0.734375 0.474816

0.730469 0.513245
0.734375 0.512647

0.734375 0.475113
0.736602 0.476562

0.738281 0.478127
0.736703 0.476562

0.738281 0.509667
0.736093 0.511719

0.734375 0.512537
0.735802 0.511719

0.738281 0.478151
0.739807 0.480469

0.740216 0.480469
0.741257 0.484375

0.741788 0.484375
0.741839 0.488281

0.741651 0.488281
0.741527 0.492188

0.741799 0.492188
0.741746 0.496094

0.741742 0.496094
0.741671 0.5

0.740345 0.5
0.740106 0.503906

0.740366 0.503906
0.739306 0.507812

0.738281 0.509332
0.739254 0.507812

0.75 0.499803
0.749924 0.5

0.75 0.500142
0.749992 0.5

0.753906 0.495931
0.753503 0.496094

0.75 0.499787
0.753524 0.496094

0.750314 0.5
0.750379 0.503906

0.751665 0.503906
0.752791 0.507812

0.752884 0.507812
0.753821 0.511719

0.753906 0.511833
0.75389 0.511719

0.753906 0.496531
0.757812 0.496908

0.753906 0.51169
0.753911 0.511719

0.753908 0.511719
0.754536 0.515625

0.754362 0.515625
0.754985 0.519531

0.754685 0.519531
0.755394 0.523438

0.755671 0.523438
0.756847 0.527344

0.757812 0.529137
0.756899 0.527344

0.757812 0.497473
0.761092 0.5

0.761719 0.50105
0.760814 0.5

0.757812 0.529137
0.759039 0.53125

0.761719 0.534032
0.759147 0.53125

0.761719 0.501169
0.763525 0.503906

0.763418 0.503906
0.765459 0.507812

0.765625 0.508175
0.765422 0.507812

0.761719 0.533866
0.763201 0.535156

0.765625 0.537034
0.763298 0.535156

0.765625 0.508175
0.767728 0.511719

0.769531 0.513993
0.767741 0.511719

0.765625 0.536966
0.768187 0.539062

0.769531 0.540245
0.768174 0.539062

0.769531 0.513808
0.771121 0.515625

0.773438 0.517874
0.771141 0.515625

0.769531 0.540253
0.772367 0.542969

0.773438 0.544131
0.77231 0.542969

0.773438 0.517905
0.775318 0.519531

0.777344 0.521183
0.775315 0.519531

0.773438 0.544124
0.775982 0.546875

0.777344 0.548395
0.775986 0.546875

0.777344 0.521011
0.78027 0.523438

0.78125 0.524337
0.780269 0.523438

0.777344 0.548381
0.779435 0.550781

0.78125 0.552905
0.779451 0.550781

0.78125 0.524328
0.784154 0.527344

0.785156 0.528768
0.783948 0.527344

0.785156 0.531764
0.784727 0.53125

0.78125 0.552841
0.782801 0.554688

0.785156 0.557619
0.78282 0.554688

0.785156 0.528423
0.787372 0.53125

0.789062 0.533903
0.787391 0.53125

0.785156 0.557473
0.786058 0.558594

0.786066 0.558594
0.789019 0.5625

0.789062 0.533781
0.78989 0.535156

0.78984 0.535156
0.792034 0.539062

0.792969 0.540545
0.792133 0.539062

0.789062 0.562363
0.78917 0.5625

0.789169 0.5625
0.792045 0.566406

0.792969 0.567495
0.792167 0.566406

0.792969 0.540506
0.794357 0.542969

0.796875 0.546836
0.794477 0.542969

0.792969 0.56746
0.794987 0.570312

0.796875 0.573004
0.795075 0.570312

0.796875 0.546573
0.797077 0.546875

0.797086 0.546875
0.799731 0.550781

0.800781 0.552038
0.799889 0.550781

0.796875 0.5728
0.797836 0.574219

0.797866 0.574219
0.800309 0.578125

0.800781 0.578666
0.800467 0.578125

0.800781 0.55199
0.802639 0.554688

0.804688 0.55762
0.802749 0.554688

0.800781 0.578614
0.802672 0.582031

0.804688 0.58589
0.802832 0.582031

0.804688 0.55743
0.805474 0.558594

0.805526 0.558594
0.808061 0.5625

0.808594 0.563151
0.808163 0.5625

0.804688 0.585624
0.80483 0.585938

0.804821 0.585938
0.80632 0.589844

0.806266 0.589844
0.807848 0.59375

0.808594 0.595327
0.807683 0.59375

0.808594 0.563136
0.810674 0.566406

0.8125 0.569171
0.810786 0.566406

0.808594 0.595699
0.810466 0.597656

0.8125 0.599166
0.810032 0.597656

0.8125 0.568926
0.813377 0.570312

0.813462 0.570312
0.815834 0.574219

0.816406 0.574999
0.816007 0.574219

0.8125 0.599317
0.816406 0.59898

0.816406 0.574816
0.818008 0.578125

0.818271 0.578125
0.819661 0.582031

0.819535 0.582031
0.820174 0.585938

0.820161 0.585938
0.820213 0.589844

0.820198 0.589844
0.819716 0.59375

0.820312 0.593977
0.817799 0.597656

0.816406 0.598812
0.817974 0.597656

