0.402344 0.608748
0.402314 0.609375

0.402344 0.6102
0.402269 0.609375

0.40625 0.599005
0.403806 0.601562

0.402344 0.605456
0.404069 0.601562

0.402344 0.608465
0.402601 0.605469

0.402344 0.610195
0.402837 0.613281

0.402817 0.613281
0.40442 0.617188

0.40625 0.620321
0.404543 0.617188

0.410156 0.569621
0.410068 0.570312

0.410073 0.570312
0.409567 0.574219

0.409479 0.574219
0.409065 0.578125

0.408767 0.578125
0.40922 0.582031

0.410156 0.584124
0.408998 0.582031

0.40625 0.598927
0.410108 0.597656

0.40625 0.619252
0.40729 0.621094

0.407414 0.621094
0.409129 0.625

0.409092 0.625
0.409775 0.628906

0.409429 0.628906
0.409846 0.632812

0.410156 0.635458
0.409702 0.632812

0.414062 0.557402
0.413154 0.558594

0.413092 0.558594
0.411417 0.5625

0.411594 0.5625
0.410662 0.566406

0.410156 0.569744
0.410714 0.566406

0.410156 0.583809
0.412341 0.585938

0.414062 0.586972
0.412108 0.585938

0.410156 0.598144
0.414062 0.59914

0.410187 0.632812
0.411077 0.636719

0.410435 0.636719
0.410475 0.640625

0.410916 0.640625
0.410294 0.644531

0.410198 0.644531
0.410462 0.648438

0.410156 0.648771
0.41235 0.652344

0.414062 0.653952
0.412131 0.652344

0.417969 0.554315
0.417267 0.554688

0.414062 0.557172
0.417103 0.554688

0.414062 0.585906
0.414164 0.585938

0.414062 0.586356
0.417969 0.587657

0.414062 0.599395
0.417969 0.601153

0.414062 0.636573
0.414183 0.636719

0.414171 0.636719
0.41443 0.640625

0.414062 0.641122
0.414471 0.640625

0.414062 0.653824
0.417969 0.655445

0.417969 0.554186
0.421875 0.553688

0.417969 0.585714
0.41842 0.585938

0.417969 0.587333
0.421875 0.589524

0.417969 0.601325
0.418357 0.601562

0.421875 0.603822
0.418406 0.601562

0.417969 0.640212
0.418417 0.640625

0.417969 0.641433
0.419705 0.640625

0.417969 0.654661
0.421875 0.655954

0.421758 0.679688
0.420777 0.683594

0.42034 0.683594
0.421649 0.6875

0.421875 0.687793
0.421584 0.6875

0.421875 0.553968
0.425781 0.554434

0.425781 0.554727
0.425404 0.554688

0.425781 0.558682
0.425716 0.558594

0.421875 0.589734
0.422001 0.589844

0.422137 0.589844
0.425462 0.59375

0.425781 0.594585
0.425262 0.59375

0.421875 0.604023
0.423618 0.605469

0.425781 0.607418
0.423677 0.605469

0.421875 0.628896
0.425781 0.628896

0.421875 0.628916
0.425781 0.628918

0.421875 0.640008
0.422596 0.640625

0.421875 0.64159
0.422222 0.640625

0.421875 0.656215
0.421938 0.65625

0.421875 0.656279
0.425781 0.658539

0.425781 0.675596
0.425558 0.675781

0.425331 0.675781
0.421929 0.679688

0.421875 0.679824
0.421919 0.679688

0.421875 0.686835
0.422411 0.6875

0.425781 0.689384
0.422045 0.6875

0.429688 0.519191
0.429412 0.519531

0.429303 0.519531
0.427598 0.523438

0.426851 0.523438
0.426544 0.527344

0.427309 0.527344
0.428362 0.53125

0.429688 0.533122
0.428544 0.53125

0.425781 0.55485
0.429688 0.55502

0.429688 0.558922
0.428304 0.558594

0.425781 0.58974
0.425893 0.589844

0.425781 0.593388
0.426015 0.59375

0.425781 0.595179
0.427512 0.597656

0.429688 0.600036
0.427201 0.597656

0.425781 0.607533
0.427526 0.609375

0.429688 0.611913
0.427614 0.609375

0.425781 0.628927
0.42579 0.628906

0.425781 0.658626
0.427894 0.660156

0.429688 0.661802
0.428138 0.660156

0.429688 0.671797
0.429655 0.671875

0.429688 0.672085
0.426585 0.675781

0.425781 0.676422
0.42654 0.675781

0.425781 0.688908
0.429688 0.689398

0.429688 0.706704
0.4295 0.707031

0.429107 0.707031
0.428606 0.710938

0.429688 0.714073
0.428295 0.710938

0.429688 0.519204
0.433594 0.515866

0.429688 0.532686
0.431361 0.535156

0.433594 0.537726
0.431518 0.535156

0.433594 0.553691
0.431637 0.554688

0.429688 0.555387
0.431998 0.554688

0.433434 0.570312
0.433552 0.574219

0.429688 0.589597
0.430864 0.589844

0.429688 0.593248
0.430115 0.59375

0.429688 0.597502
0.43003 0.597656

0.429688 0.60038
0.433594 0.601358

0.429688 0.611924
0.430753 0.613281

0.430865 0.613281
0.433487 0.617188

0.433594 0.617364
0.433486 0.617188

0.429688 0.660976
0.431723 0.664062

0.431689 0.664062
0.431766 0.667969

0.431244 0.667969
0.429715 0.671875

0.429688 0.672013
0.429772 0.671875

0.429688 0.689101
0.433594 0.689607

0.433594 0.702756
0.432929 0.703125

0.429688 0.705965
0.432566 0.703125

0.429688 0.713159
0.431175 0.714844

0.433594 0.71625
0.431097 0.714844

0.4375 0.51426
0.434916 0.515625

0.433594 0.516303
0.434875 0.515625

0.433594 0.535071
0.433674 0.535156

0.433594 0.537103
0.435153 0.539062

0.435312 0.539062
0.437118 0.542969

0.436997 0.542969
0.437193 0.546875

0.437293 0.546875
0.435931 0.550781

0.433594 0.553727
0.436104 0.550781

0.433594 0.570279
0.433629 0.570312

0.433594 0.573991
0.433599 0.570312

0.433594 0.601327
0.4375 0.598744

0.433644 0.617188
0.435848 0.621094

0.4375 0.624413
0.436022 0.621094

0.433594 0.689627
0.4375 0.690902

0.433594 0.702954
0.4375 0.701839

0.433594 0.715911
0.4375 0.716985

0.441406 0.5112
0.44103 0.511719

0.4375 0.514611
0.441076 0.511719

0.4375 0.535102
0.437557 0.535156

0.4375 0.538683
0.437794 0.539062

0.4375 0.542457
0.437673 0.542969

0.4375 0.545989
0.437526 0.546875

0.441359 0.582031
0.440614 0.585938

0.440818 0.585938
0.440055 0.589844

0.440466 0.589844
0.439818 0.59375

0.439644 0.59375
0.438184 0.597656

0.4375 0.598629
0.438258 0.597656

0.4375 0.624356
0.437762 0.625

0.437879 0.625
0.439096 0.628906

0.439581 0.628906
0.440475 0.632812

0.440671 0.632812
0.44091 0.636719

0.440759 0.636719
0.440375 0.640625

0.440693 0.640625
0.440454 0.644531

0.441248 0.644531
0.44124 0.648438

0.440855 0.648438
0.440738 0.652344

0.439075 0.652344
0.439546 0.65625

0.439819 0.65625
0.441117 0.660156

0.441406 0.660805
0.44115 0.660156

0.4375 0.690885
0.438345 0.691406

0.441406 0.693982
0.438872 0.691406

0.4375 0.702891
0.441406 0.700182

0.4375 0.71699
0.441406 0.718013

0.445312 0.495337
0.445138 0.496094

0.445271 0.496094
0.444817 0.5

0.444929 0.5
0.44431 0.503906

0.444399 0.503906
0.443214 0.507812

0.441406 0.511259
0.443358 0.507812

0.441406 0.512035
0.441678 0.511719

0.445312 0.522071
0.44489 0.523438

0.445312 0.523609
0.444797 0.523438

0.445312 0.567468
0.444682 0.570312

0.444771 0.570312
0.44375 0.574219

0.443635 0.574219
0.442526 0.578125

0.442384 0.578125
0.441416 0.582031

0.441406 0.582087
0.441415 0.582031

0.441406 0.660245
0.443013 0.664062

0.443137 0.664062
0.444935 0.667969

0.445312 0.668805
0.444937 0.667969

0.441406 0.69405
0.442158 0.695312

0.442072 0.695312
0.441867 0.699219

0.441406 0.70051
0.442324 0.699219

0.441406 0.71788
0.444084 0.71875

0.445312 0.719172
0.444056 0.71875

0.449219 0.488444
0.445931 0.492188

0.445312 0.495361
0.446336 0.492188

0.445312 0.500483
0.445361 0.5

0.445312 0.51183
0.445421 0.511719

0.445312 0.52203
0.445571 0.523438

0.445312 0.523638
0.445661 0.523438

0.449219 0.546581
0.449187 0.546875

0.449219 0.547029
0.448825 0.550781

0.448922 0.550781
0.448319 0.554688

0.448521 0.554688
0.447771 0.558594

0.447461 0.558594
0.446633 0.5625

0.446621 0.5625
0.445714 0.566406

0.445312 0.567943
0.445632 0.566406

0.445312 0.668456
0.446877 0.671875

0.447001 0.671875
0.448881 0.675781

0.449219 0.676552
0.448853 0.675781

0.445312 0.719274
0.449219 0.721255

0.453125 0.487504
0.449686 0.488281

0.449219 0.488448
0.449655 0.488281

0.449219 0.5
0.449219 0.503906

0.453125 0.535664
0.450942 0.539062

0.451025 0.539062
0.449672 0.542969

0.449219 0.546625
0.449799 0.542969

0.449219 0.676234
0.450882 0.679688

0.451022 0.679688
0.452978 0.683594

0.453125 0.683878
0.452986 0.683594

0.449219 0.721309
0.451259 0.722656

0.453125 0.724019
0.451214 0.722656

0.453125 0.487695
0.457031 0.488196

0.453125 0.523432
0.457031 0.523432

0.457031 0.525027
0.456904 0.523438

0.457031 0.531126
0.456835 0.53125

0.457031 0.532413
0.453615 0.535156

0.453125 0.53568
0.453554 0.535156

0.45313 0.683594
0.45504 0.6875

0.457031 0.691361
0.455151 0.6875

0.453125 0.724059
0.455745 0.726562

0.457031 0.728089
0.455808 0.726562

0.460938 0.490697
0.457126 0.488281

0.460938 0.530618
0.459609 0.53125

0.457031 0.532535
0.459585 0.53125

0.457031 0.691355
0.457056 0.691406

0.457176 0.691406
0.459185 0.695312

0.460938 0.698378
0.459297 0.695312

0.457031 0.7281
0.458714 0.730469

0.458836 0.730469
0.46074 0.734375

0.460938 0.734996
0.460783 0.734375

0.460938 0.490971
0.462155 0.492188

0.464844 0.495787
0.462289 0.492188

0.460938 0.530717
0.464844 0.528876

0.460938 0.698243
0.461474 0.699219

0.46159 0.699219
0.463902 0.703125

0.464844 0.704562
0.463991 0.703125

0.460938 0.722647
0.464844 0.722646

0.460938 0.726074
0.461321 0.726562

0.460938 0.730192
0.461136 0.730469

0.460938 0.734961
0.461723 0.738281

0.461383 0.738281
0.462599 0.742188

0.464844 0.746021
0.462501 0.742188

0.46875 0.478535
0.468503 0.480469

0.46875 0.482144
0.468469 0.480469

0.464938 0.496094
0.466671 0.5

0.466775 0.5
0.468288 0.503906

0.46875 0.505436
0.468293 0.503906

0.46875 0.526385
0.467538 0.527344

0.464844 0.528952
0.467446 0.527344

0.464844 0.704335
0.466407 0.707031

0.46875 0.710911
0.466487 0.707031

0.46875 0.718755
0.468742 0.71875

0.464844 0.745994
0.464922 0.746094

0.46875 0.749061
0.465012 0.746094

0.472656 0.472602
0.472579 0.472656

0.472236 0.472656
0.468898 0.476562

0.46875 0.478696
0.469196 0.476562

0.46875 0.481742
0.469454 0.484375

0.469752 0.484375
0.472061 0.488281

0.472656 0.489074
0.472047 0.488281

0.46875 0.505306
0.469508 0.507812

0.46963 0.507812
0.470862 0.511719

0.471128 0.511719
0.472056 0.515625

0.47215 0.515625
0.472381 0.519531

0.472488 0.519531
0.471257 0.523438

0.46875 0.526541
0.47124 0.523438

0.46875 0.710909
0.468767 0.710938

0.468882 0.710938
0.471312 0.714844

0.472656 0.716726
0.471348 0.714844

0.472628 0.730469
0.472609 0.734375

0.46875 0.748933
0.471014 0.75

0.472656 0.750715
0.471042 0.75

0.472656 0.472606
0.476562 0.471008

0.472656 0.489048
0.475666 0.492188

0.476562 0.493142
0.475397 0.492188

0.472656 0.716536
0.474214 0.71875

0.476562 0.721783
0.474296 0.71875

0.472694 0.730469
0.472668 0.734375

0.472656 0.734408
0.47272 0.734375

0.472656 0.75075
0.476562 0.752309

0.476562 0.471343
0.480469 0.470139

0.480469 0.480469
0.480469 0.484375

0.476562 0.493376
0.480469 0.494823

0.476562 0.721766
0.477258 0.722656

0.477408 0.722656
0.480383 0.726562

0.480469 0.726677
0.480379 0.726562

0.476562 0.752354
0.480469 0.753761

0.484375 0.468516
0.483781 0.46875

0.480469 0.470154
0.484146 0.46875

0.480469 0.480469
0.480469 0.484375

0.480469 0.49547
0.484375 0.49527

0.480501 0.726562
0.4835 0.730469

0.484375 0.731558
0.483503 0.730469

0.480469 0.749796
0.480684 0.75

0.480469 0.753664
0.481234 0.753906

0.480469 0.753908
0.484375 0.755266

0.484375 0.468399
0.488281 0.466247

0.484375 0.468755
0.484384 0.46875

0.484375 0.494247
0.488281 0.493153

0.484375 0.731368
0.486785 0.734375

0.488281 0.736283
0.486562 0.734375

0.484375 0.755513
0.488281 0.757002

0.492188 0.463612
0.49025 0.464844

0.488281 0.46612
0.49033 0.464844

0.488281 0.46878
0.48832 0.46875

0.492188 0.491185
0.490066 0.492188

0.488281 0.493002
0.490142 0.492188

0.488281 0.736128
0.490453 0.738281

0.492188 0.739778
0.490498 0.738281

0.488281 0.756896
0.490943 0.757812

0.492188 0.758238
0.490917 0.757812

0.496094 0.460581
0.495621 0.460938

0.492188 0.463492
0.495848 0.460938

0.492188 0.468834
0.492271 0.46875

0.496094 0.473353
0.496075 0.472656

0.496094 0.488189
0.495972 0.488281

0.492188 0.490998
0.496094 0.488403

0.492188 0.739879
0.495163 0.742188

0.496094 0.742892
0.495167 0.742188

0.492188 0.758309
0.496094 0.759966

0.496094 0.460576
0.5 0.45764

0.496094 0.472639
0.496697 0.472656

0.496094 0.473406
0.49672 0.472656

0.496094 0.488186
0.5 0.485027

0.496094 0.743004
0.5 0.745609

0.496094 0.760047
0.499616 0.761719

0.5 0.761922
0.499583 0.761719

0.503906 0.454426
0.500415 0.457031

0.5 0.457737
0.500886 0.457031

0.503906 0.48138
0.500553 0.484375

0.5 0.48486
0.500542 0.484375

0.5 0.745623
0.500746 0.746094

0.503906 0.74808
0.500608 0.746094

0.5 0.761896
0.503906 0.764586

0.507812 0.451769
0.505496 0.453125

0.503906 0.454331
0.505836 0.453125

0.503906 0.457429
0.504364 0.457031

0.507812 0.477681
0.504764 0.480469

0.503906 0.481321
0.504818 0.480469

0.503906 0.748235
0.507011 0.75

0.507812 0.750474
0.506986 0.75

0.503906 0.764584
0.505034 0.765625

0.507812 0.769067
0.505126 0.765625

0.507812 0.451712
0.511719 0.449862

0.511719 0.474272
0.508899 0.476562

0.507812 0.477587
0.508983 0.476562

0.507812 0.750531
0.511719 0.752677

0.507812 0.769049
0.508114 0.769531

0.508072 0.769531
0.509694 0.773438

0.509481 0.773438
0.510993 0.777344

0.511719 0.77883
0.510827 0.777344

0.515625 0.448548
0.513515 0.449219

0.511719 0.449862
0.513631 0.449219

0.515625 0.471488
0.513748 0.472656

0.511719 0.474241
0.514152 0.472656

0.511719 0.752853
0.513843 0.753906

0.515625 0.75485
0.513709 0.753906

0.511719 0.779107
0.513705 0.78125

0.515625 0.782524
0.513735 0.78125

0.515625 0.448526
0.519531 0.44726

0.515625 0.458984
0.515625 0.457031

0.515625 0.471504
0.519531 0.469693

0.515625 0.754984
0.519531 0.756903

0.519529 0.769531
0.51952 0.773438

0.515625 0.777313
0.515655 0.777344

0.515625 0.781239
0.515663 0.78125

0.515625 0.782486
0.519531 0.783553

0.519531 0.447253
0.523438 0.4458

0.523438 0.468462
0.52238 0.46875

0.519531 0.469724
0.522682 0.46875

0.519531 0.756962
0.521528 0.757812

0.523438 0.758678
0.52141 0.757812

0.519531 0.771321
0.519768 0.769531

0.519531 0.784306
0.523438 0.784505

0.527344 0.444125
0.523892 0.445312

0.523438 0.445614
0.524313 0.445312

0.523438 0.468457
0.527344 0.467433

0.523438 0.758648
0.527344 0.760398

0.527344 0.765943
0.527301 0.765625

0.523438 0.769571
0.523467 0.769531

0.523438 0.78491
0.527344 0.784928

0.527344 0.443813
0.53125 0.4432

0.527344 0.46784
0.53125 0.466712

0.527344 0.760656
0.530198 0.761719

0.53125 0.762158
0.530035 0.761719

0.53125 0.766194
0.530644 0.765625

0.53125 0.769549
0.531166 0.769531

0.527344 0.784766
0.53125 0.784809

0.53125 0.443365
0.535156 0.443798

0.535156 0.464764
0.534997 0.464844

0.53125 0.466515
0.535008 0.464844

0.53125 0.762188
0.535156 0.763689

0.535156 0.765946
0.534499 0.765625

0.53125 0.769557
0.53133 0.769531

0.53125 0.784237
0.535156 0.784493

0.535156 0.443444
0.539062 0.4453

0.535156 0.464753
0.539062 0.46104

0.535156 0.76379
0.539062 0.765243

0.539062 0.765786
0.538567 0.765625

0.535156 0.783879
0.539062 0.784523

0.539121 0.445312
0.541447 0.449219

0.541678 0.449219
0.542192 0.453125

0.54216 0.453125
0.541566 0.457031

0.54108 0.457031
0.53924 0.460938

0.539062 0.461079
0.539173 0.460938

0.539062 0.76532
0.539967 0.765625

0.542969 0.766792
0.539708 0.765625

0.539062 0.784372
0.542687 0.785156

0.542969 0.785223
0.542627 0.785156

0.542969 0.766877
0.546875 0.768457

0.542969 0.785234
0.546875 0.786471

0.546875 0.76853
0.549558 0.769531

0.550781 0.770033
0.549426 0.769531

0.546875 0.786644
0.550781 0.788397

0.550781 0.770078
0.554688 0.771779

0.550781 0.788447
0.552112 0.789062

0.554688 0.790467
0.55162 0.789062

0.554688 0.77193
0.558181 0.773438

0.558594 0.773667
0.558055 0.773438

0.554688 0.790596
0.558594 0.792362

0.558594 0.773833
0.5625 0.775591

0.558594 0.788657
0.559057 0.789062

0.558594 0.792415
0.56019 0.792969

0.5625 0.793855
0.559823 0.792969

0.5625 0.775716
0.566406 0.777247

0.5625 0.794016
0.566406 0.7949

0.566406 0.777263
0.566664 0.777344

0.566406 0.777362
0.570312 0.778695

0.566406 0.795435
0.570312 0.79598

0.570312 0.778766
0.574219 0.780095

0.570312 0.795826
0.574219 0.796241

0.574219 0.780174
0.578125 0.781198

0.574219 0.796314
0.578125 0.79646

0.578125 0.781218
0.578327 0.78125

0.578125 0.781261
0.582031 0.781966

0.578125 0.796507
0.582031 0.796572

0.582031 0.781769
0.585938 0.782529

0.582031 0.796518
0.585938 0.796585

0.585938 0.782116
0.589844 0.782603

0.585938 0.796528
0.589844 0.796595

0.589844 0.783177
0.59375 0.783422

0.589844 0.796406
0.59375 0.796542

0.59375 0.783486
0.597656 0.783756

0.59375 0.796256
0.597656 0.796562

0.597656 0.783746
0.601562 0.78393

0.601562 0.78518
0.601054 0.785156

0.597656 0.796468
0.601435 0.796875

0.601562 0.796891
0.601394 0.796875

0.601562 0.783933
0.605469 0.78396

0.601562 0.785195
0.605469 0.785225

0.601562 0.79691
0.605469 0.797612

0.605469 0.783937
0.609375 0.783828

0.605469 0.785228
0.607688 0.785156

0.605469 0.797752
0.609375 0.798574

0.609375 0.783823
0.613281 0.783714

0.609375 0.798782
0.613281 0.799847

0.613281 0.783701
0.617188 0.78365

0.613281 0.799751
0.617 0.800781

0.617188 0.800822
0.617001 0.800781

0.617188 0.783611
0.621094 0.783721

0.617188 0.800894
0.621094 0.801567

0.621094 0.783741
0.625 0.784051

0.621094 0.801611
0.625 0.802068

0.625 0.78409
0.628906 0.784481

0.625 0.802064
0.628906 0.802223

0.628906 0.784487
0.632812 0.784867

0.628906 0.802197
0.632812 0.802117

0.632812 0.78491
0.636444 0.785156

0.636719 0.785207
0.635661 0.785156

0.636719 0.789455
0.636586 0.789062

0.636719 0.793384
0.636368 0.792969

0.632812 0.802088
0.636719 0.801879

0.640625 0.785369
0.63711 0.785156

0.640625 0.789509
0.639989 0.789062

0.636719 0.793141
0.63723 0.792969

0.636719 0.80185
0.640625 0.801626

0.644531 0.785997
0.640692 0.785156

0.644531 0.789323
0.644144 0.789062

0.640625 0.801617
0.644531 0.801452

0.644531 0.785676
0.648438 0.785792

0.648438 0.789289
0.644681 0.789062

0.644531 0.801518
0.648438 0.801301

0.648438 0.786195
0.652344 0.78533

0.648438 0.789519
0.649195 0.789062

0.652344 0.80057
0.651262 0.800781

0.648438 0.801433
0.652344 0.8008

0.65625 0.785099
0.655491 0.785156

0.652344 0.785437
0.655145 0.785156

0.652344 0.800326
0.65625 0.799255

0.652344 0.800801
0.652432 0.800781

0.65625 0.785115
0.660156 0.784706

0.660156 0.796719
0.659224 0.796875

0.65625 0.799895
0.660156 0.799416

0.660156 0.784705
0.664062 0.784071

0.660156 0.796804
0.664062 0.796754

0.660156 0.798848
0.664062 0.798791

0.664062 0.783933
0.667969 0.783351

0.667969 0.796838
0.665434 0.796875

0.664062 0.798804
0.667969 0.798633

0.667969 0.783668
0.671875 0.782779

0.671875 0.796827
0.671719 0.796875

0.667969 0.798916
0.671875 0.7979

0.671875 0.782466
0.675781 0.78126

0.675781 0.795017
0.672217 0.796875

0.671875 0.798049
0.674144 0.796875

0.675781 0.781116
0.679688 0.780045

0.675781 0.794968
0.679688 0.793323

0.679688 0.780153
0.683594 0.778842

0.683594 0.792651
0.681616 0.792969

0.679688 0.793291
0.681337 0.792969

0.6875 0.777172
0.686997 0.777344

0.683594 0.778677
0.68725 0.777344

0.683594 0.792862
0.6875 0.791966

0.6875 0.777061
0.691406 0.775602

0.6875 0.792055
0.691406 0.791069

0.691406 0.775513
0.695312 0.77398

0.691406 0.790878
0.695312 0.789994

0.699219 0.772408
0.696372 0.773438

0.695312 0.773939
0.69672 0.773438

0.699219 0.788891
0.698357 0.789062

0.695312 0.789817
0.698608 0.789062

0.699219 0.772412
0.703125 0.770792

0.699219 0.788905
0.703125 0.787905

0.707031 0.768984
0.705732 0.769531

0.703125 0.770703
0.70592 0.769531

0.703125 0.788154
0.707031 0.787164

0.707031 0.768909
0.710938 0.766867

0.707031 0.786995
0.710938 0.785831

0.714844 0.764483
0.712693 0.765625

0.710938 0.766723
0.712996 0.765625

0.714844 0.781183
0.714751 0.78125

0.714844 0.783689
0.711841 0.785156

0.710938 0.785822
0.712404 0.785156

0.714844 0.764281
0.71875 0.762284

0.71875 0.780862
0.718128 0.78125

0.714844 0.783515
0.718671 0.78125

0.722656 0.760953
0.719526 0.761719

0.71875 0.762048
0.719869 0.761719

0.71875 0.781058
0.722656 0.77853

0.722656 0.760506
0.726562 0.761176

0.726562 0.774928
0.724467 0.777344

0.722656 0.778641
0.724265 0.777344

0.726562 0.76106
0.727479 0.761719

0.727459 0.761719
0.729809 0.765625

0.729947 0.765625
0.729806 0.769531

0.728903 0.769531
0.72762 0.773438

0.726562 0.775028
0.727609 0.773438

0.730469 0.76541
0.730545 0.765625

0.730469 0.766764
0.730507 0.765625

