0.390625 0.64239
0.389571 0.644531

0.389555 0.644531
0.388837 0.648438

0.388849 0.648438
0.38901 0.652344

0.388961 0.652344
0.390073 0.65625

0.390625 0.657619
0.390071 0.65625

0.394531 0.638938
0.391289 0.640625

0.390625 0.641269
0.391237 0.640625

0.390625 0.656006
0.390699 0.65625

0.390793 0.65625
0.392384 0.660156

0.392373 0.660156
0.393607 0.664062

0.393588 0.664062
0.394414 0.667969

0.394531 0.668676
0.394444 0.667969

0.394531 0.639237
0.398438 0.639433

0.394531 0.668477
0.39498 0.671875

0.394881 0.671875
0.395381 0.675781

0.395124 0.675781
0.395745 0.679688

0.396196 0.679688
0.396794 0.683594

0.396553 0.683594
0.397278 0.6875

0.398438 0.69105
0.397325 0.6875

0.398438 0.639744
0.401222 0.640625

0.402344 0.641022
0.401215 0.640625

0.402344 0.664062
0.399313 0.664062

0.398438 0.66763
0.398868 0.667969

0.398438 0.671361
0.398839 0.671875

0.398438 0.675075
0.39871 0.675781

0.398438 0.678831
0.398637 0.679688

0.398438 0.682766
0.398563 0.683594

0.398438 0.68692
0.398522 0.6875

0.398438 0.690549
0.398719 0.691406

0.399011 0.691406
0.40043 0.695312

0.400425 0.695312
0.4015 0.699219

0.402344 0.702402
0.401353 0.699219

0.402344 0.641111
0.40625 0.643583

0.402344 0.67493
0.403038 0.675781

0.402344 0.676128
0.403153 0.675781

0.402344 0.701843
0.402781 0.703125

0.402353 0.703125
0.405469 0.707031

0.40625 0.70777
0.405349 0.707031

0.40625 0.718446
0.406035 0.71875

0.405909 0.71875
0.404532 0.722656

0.404494 0.722656
0.40471 0.726562

0.40625 0.729807
0.404537 0.726562

0.40625 0.6438
0.407104 0.644531

0.410156 0.647578
0.407273 0.644531

0.410156 0.64851
0.410102 0.648438

0.410156 0.656356
0.410051 0.65625

0.40625 0.675392
0.406337 0.675781

0.40625 0.675979
0.406363 0.675781

0.40625 0.702602
0.406747 0.703125

0.40625 0.7067
0.406943 0.707031

0.40625 0.707874
0.410156 0.709331

0.40625 0.718145
0.410155 0.714844

0.40625 0.728912
0.407337 0.730469

0.410156 0.732806
0.407431 0.730469

0.410156 0.647807
0.410654 0.648438

0.410783 0.648438
0.413244 0.652344

0.414062 0.65393
0.413384 0.652344

0.414062 0.656421
0.414031 0.65625

0.414062 0.70703
0.414033 0.707031

0.410156 0.709009
0.414062 0.70876

0.414062 0.714562
0.41169 0.714844

0.410156 0.71503
0.411239 0.714844

0.410156 0.732584
0.412564 0.734375

0.414062 0.735488
0.412598 0.734375

0.414062 0.653666
0.415086 0.65625

0.415254 0.65625
0.416089 0.660156

0.41589 0.660156
0.416084 0.664062

0.417404 0.664062
0.417487 0.667969

0.417623 0.667969
0.417582 0.671875

0.415881 0.671875
0.416074 0.675781

0.416192 0.675781
0.417298 0.679688

0.417969 0.681159
0.417277 0.679688

0.414062 0.708485
0.417969 0.707666

0.414062 0.714486
0.414982 0.714844

0.417969 0.715629
0.414545 0.714844

0.414062 0.735327
0.417184 0.738281

0.417969 0.739228
0.417293 0.738281

0.417969 0.680645
0.419415 0.683594

0.419547 0.683594
0.421801 0.6875

0.421875 0.687619
0.421801 0.6875

0.421875 0.695684
0.421523 0.695312

0.417969 0.707603
0.42173 0.707031

0.417969 0.715641
0.421875 0.71713

0.417969 0.734284
0.418063 0.734375

0.417969 0.737837
0.418347 0.738281

0.417969 0.739147
0.419815 0.742188

0.419622 0.742188
0.421355 0.746094

0.421875 0.747403
0.421242 0.746094

0.422055 0.6875
0.424348 0.691406

0.425781 0.693945
0.424548 0.691406

0.425781 0.695858
0.425622 0.695312

0.425781 0.705693
0.423332 0.707031

0.421875 0.707544
0.423752 0.707031

0.421875 0.717462
0.425602 0.71875

0.425781 0.718817
0.425565 0.71875

0.421875 0.738176
0.421975 0.738281

0.421875 0.741947
0.422026 0.742188

0.421875 0.745818
0.42199 0.746094

0.421875 0.747453
0.42326 0.75

0.425781 0.752846
0.423101 0.75

0.425781 0.693681
0.426538 0.695312

0.426733 0.695312
0.427934 0.699219

0.429001 0.699219
0.428696 0.703125

0.425781 0.706583
0.428412 0.703125

0.425781 0.718902
0.429688 0.720207

0.425781 0.752877
0.42769 0.753906

0.429688 0.754777
0.427578 0.753906

0.429688 0.720251
0.433594 0.721653

0.429688 0.754664
0.433594 0.755253

0.433594 0.721755
0.436418 0.722656

0.4375 0.723014
0.436324 0.722656

0.4375 0.740302
0.437435 0.742188

0.4375 0.742256
0.43741 0.742188

0.433594 0.755093
0.4375 0.755258

0.4375 0.723054
0.441406 0.724485

0.4375 0.740661
0.437862 0.742188

0.4375 0.742242
0.437993 0.742188

0.4375 0.755238
0.441406 0.755338

0.441406 0.72454
0.445312 0.726161

0.441406 0.755279
0.445312 0.755474

0.445312 0.726168
0.446058 0.726562

0.449219 0.728417
0.445993 0.726562

0.445312 0.755348
0.449219 0.756007

0.449219 0.728433
0.451598 0.730469

0.453125 0.732152
0.451767 0.730469

0.449219 0.749996
0.453125 0.749996

0.449219 0.75369
0.449661 0.753906

0.449219 0.755862
0.453125 0.757573

0.453125 0.772352
0.452688 0.773438

0.452528 0.773438
0.451217 0.777344

0.450662 0.777344
0.449993 0.78125

0.449853 0.78125
0.450776 0.785156

0.453125 0.787866
0.450921 0.785156

0.453125 0.732216
0.454545 0.734375

0.454611 0.734375
0.45635 0.738281

0.457031 0.740996
0.456208 0.738281

0.453125 0.757593
0.453416 0.757812

0.453765 0.757812
0.456711 0.761719

0.456499 0.761719
0.456647 0.765625

0.456284 0.765625
0.454788 0.769531

0.453125 0.772553
0.454413 0.769531

0.453125 0.787632
0.455416 0.789062

0.457031 0.789701
0.45541 0.789062

0.457031 0.740981
0.457368 0.742188

0.457391 0.742188
0.458722 0.746094

0.458693 0.746094
0.460513 0.75

0.460938 0.750669
0.460491 0.75

0.457031 0.789562
0.460938 0.790006

0.460938 0.750687
0.463575 0.753906

0.464844 0.755036
0.463589 0.753906

0.460938 0.789786
0.464844 0.789912

0.464844 0.75505
0.46875 0.757528

0.464844 0.790071
0.46875 0.790003

0.46875 0.757509
0.469529 0.757812

0.472656 0.75898
0.469608 0.757812

0.46875 0.790024
0.472656 0.789405

0.472656 0.758707
0.476562 0.76026

0.476562 0.788007
0.472943 0.789062

0.472656 0.789259
0.473451 0.789062

0.476562 0.760565
0.479402 0.761719

0.480469 0.762222
0.47925 0.761719

0.476562 0.788156
0.480469 0.786941

0.480469 0.762267
0.484375 0.764338

0.484375 0.780337
0.484197 0.78125

0.484375 0.785105
0.483837 0.785156

0.480469 0.786401
0.484375 0.785916

0.484375 0.801608
0.483956 0.804688

0.484375 0.806197
0.483825 0.804688

0.484375 0.764452
0.486318 0.765625

0.488281 0.766964
0.486099 0.765625

0.484375 0.780343
0.4846 0.78125

0.484375 0.785119
0.485175 0.785156

0.484375 0.786123
0.488281 0.786364

0.488281 0.796901
0.484643 0.800781

0.484375 0.801443
0.484515 0.800781

0.484375 0.806273
0.486222 0.808594

0.488281 0.809702
0.486414 0.808594

0.488281 0.767156
0.49194 0.769531

0.492188 0.769703
0.491933 0.769531

0.488281 0.786467
0.492188 0.786812

0.492188 0.795565
0.488941 0.796875

0.488281 0.797091
0.488752 0.796875

0.488281 0.809487
0.492188 0.810269

0.492188 0.769883
0.496094 0.77227

0.492188 0.786807
0.496094 0.787058

0.492188 0.795628
0.496094 0.794775

0.492188 0.810047
0.496094 0.810139

0.496094 0.772403
0.498066 0.773438

0.5 0.774529
0.497873 0.773438

0.496094 0.788007
0.5 0.788297

0.496094 0.79436
0.5 0.793778

0.496094 0.810078
0.5 0.810048

0.5 0.774511
0.503906 0.776582

0.5 0.787029
0.503906 0.788363

0.5 0.79459
0.503906 0.79336

0.5 0.810009
0.503906 0.810056

0.503906 0.776472
0.505223 0.777344

0.507812 0.779465
0.505502 0.777344

0.507812 0.78861
0.505506 0.789062

0.507812 0.789136
0.505137 0.792969

0.503906 0.793443
0.505006 0.792969

0.503906 0.810071
0.507812 0.810242

0.507812 0.779353
0.509229 0.78125

0.510266 0.78125
0.510844 0.785156

0.509243 0.785156
0.508776 0.789062

0.507812 0.789365
0.511719 0.791679

0.507812 0.810236
0.511719 0.810516

0.511719 0.791715
0.514389 0.792969

0.515625 0.793314
0.514349 0.792969

0.511719 0.811062
0.515625 0.811642

0.515625 0.793197
0.519531 0.793416

0.515625 0.811181
0.519531 0.812082

0.519531 0.793353
0.523438 0.793078

0.519531 0.812013
0.521491 0.8125

0.523438 0.813198
0.520863 0.8125

0.523438 0.792961
0.527344 0.792616

0.523438 0.793014
0.52406 0.792969

0.523438 0.813452
0.527344 0.814489

0.527344 0.792581
0.53125 0.792271

0.527344 0.814843
0.53125 0.815571

0.53125 0.792271
0.535156 0.792068

0.53125 0.815403
0.535156 0.815917

0.535156 0.791885
0.539062 0.792154

0.535156 0.812354
0.535788 0.8125

0.535156 0.815778
0.539062 0.816084

0.539062 0.792346
0.542444 0.792969

0.542969 0.793113
0.542183 0.792969

0.539062 0.816292
0.542969 0.81631

0.542969 0.793213
0.546875 0.794316

0.542969 0.816246
0.546875 0.815364

0.546875 0.794376
0.550781 0.795657

0.550781 0.807463
0.550515 0.808594

0.550781 0.812386
0.55043 0.8125

0.546875 0.814911
0.550781 0.81364

0.550781 0.795758
0.554439 0.796875

0.554688 0.796959
0.55438 0.796875

0.550781 0.807389
0.550959 0.808594

0.554688 0.812456
0.554067 0.8125

0.550781 0.813465
0.554688 0.813039

0.554688 0.797046
0.558594 0.798292

0.554688 0.813241
0.558594 0.813604

0.558594 0.798337
0.5625 0.79971

0.558594 0.813713
0.5625 0.81424

0.5625 0.79985
0.565649 0.800781

0.566406 0.801032
0.565447 0.800781

0.5625 0.814379
0.566406 0.815444

0.566406 0.801043
0.570312 0.802132

0.566406 0.815196
0.569023 0.816406

0.570312 0.817199
0.568699 0.816406

0.570312 0.80227
0.574219 0.80323

0.570312 0.817397
0.574219 0.819888

0.574219 0.803233
0.578125 0.803845

0.574219 0.819945
0.574917 0.820312

0.574219 0.820555
0.578125 0.822366

0.578125 0.803793
0.582031 0.804157

0.578125 0.8225
0.582031 0.823454

0.582031 0.804153
0.585938 0.80438

0.582031 0.823384
0.585938 0.823784

0.585938 0.804378
0.589844 0.804478

0.585938 0.823848
0.589844 0.823541

0.589844 0.804466
0.59375 0.804467

0.589844 0.823486
0.59375 0.8229

0.59375 0.804457
0.597656 0.804402

0.59375 0.823701
0.597656 0.823771

0.597656 0.804401
0.601562 0.804312

0.597656 0.819902
0.598716 0.820312

0.597656 0.822374
0.601562 0.823666

0.601562 0.80431
0.605469 0.804194

0.601562 0.816382
0.601595 0.816406

0.601562 0.820263
0.601617 0.820312

0.601562 0.823469
0.602726 0.824219

0.605469 0.826653
0.601818 0.824219

0.605469 0.804178
0.609375 0.804068

0.605469 0.820087
0.60571 0.820312

0.605469 0.824049
0.605662 0.824219

0.605469 0.826896
0.607526 0.828125

0.609375 0.829629
0.60654 0.828125

0.609375 0.804052
0.613281 0.804013

0.609375 0.829333
0.613281 0.830623

0.613281 0.804012
0.617188 0.804079

0.613281 0.820149
0.613805 0.820312

0.613281 0.828045
0.613487 0.828125

0.613281 0.830728
0.617188 0.831582

0.617188 0.804094
0.621094 0.804237

0.617188 0.83192
0.621094 0.831479

0.617188 0.832033
0.617213 0.832031

0.621094 0.80426
0.625 0.8044

0.625 0.812127
0.624342 0.8125

0.625 0.812901
0.624343 0.8125

0.625 0.827056
0.624154 0.828125

0.621094 0.831817
0.625 0.828633

0.625 0.804418
0.628906 0.804472

0.625 0.812078
0.625289 0.8125

0.625 0.812946
0.625282 0.8125

0.628906 0.823305
0.62763 0.824219

0.625 0.826838
0.627639 0.824219

0.625 0.828687
0.625392 0.828125

0.628906 0.804474
0.632812 0.804402

0.628906 0.823408
0.632812 0.822121

0.632812 0.804388
0.636719 0.804214

0.632812 0.822164
0.636719 0.822002

0.636719 0.804199
0.640625 0.80398

0.636719 0.822145
0.640625 0.822226

0.640625 0.803977
0.644531 0.803752

0.644529 0.8125
0.644529 0.816406

0.640625 0.822224
0.644531 0.822264

0.644531 0.803758
0.648438 0.803519

0.644531 0.812497
0.644562 0.8125

0.644551 0.8125
0.644548 0.816406

0.644531 0.824083
0.648438 0.824088

0.648438 0.803519
0.652344 0.803251

0.648438 0.822256
0.652344 0.82225

0.652344 0.803233
0.65625 0.802972

0.652344 0.822266
0.65625 0.822241

0.65625 0.80295
0.660156 0.802769

0.65625 0.804729
0.657203 0.804688

0.65625 0.808595
0.660156 0.808595

0.65625 0.82223
0.660156 0.822176

0.660156 0.802768
0.664062 0.802712

0.660156 0.822175
0.664062 0.822117

0.664062 0.802867
0.667969 0.802631

0.667969 0.812
0.667071 0.8125

0.667969 0.813375
0.667175 0.8125

0.664062 0.820312
0.664665 0.820312

0.664062 0.822069
0.667969 0.822105

0.667969 0.802391
0.671875 0.80152

0.667969 0.811995
0.668511 0.8125

0.667969 0.813469
0.668494 0.8125

0.667969 0.822029
0.671875 0.822408

0.675781 0.800209
0.673909 0.800781

0.671875 0.801641
0.674683 0.800781

0.671875 0.823541
0.675781 0.822682

0.675781 0.800192
0.679688 0.79873

0.679688 0.81721
0.677035 0.820312

0.675781 0.822755
0.678433 0.820312

0.679688 0.798643
0.683594 0.797165

0.683594 0.813217
0.680032 0.816406

0.679688 0.817188
0.680297 0.816406

0.6875 0.795546
0.684093 0.796875

0.683594 0.79716
0.684379 0.796875

0.6875 0.811203
0.684832 0.8125

0.683594 0.813114
0.684728 0.8125

0.6875 0.795433
0.691406 0.793541

0.6875 0.811534
0.691406 0.810533

0.695312 0.791225
0.692158 0.792969

0.691406 0.793586
0.69252 0.792969

0.691406 0.810201
0.695312 0.810021

0.699219 0.78871
0.698643 0.789062

0.695312 0.791099
0.698776 0.789062

0.695312 0.810158
0.699219 0.810255

0.699219 0.788635
0.703125 0.786196

0.699219 0.810269
0.703125 0.810343

0.707031 0.783419
0.704433 0.785156

0.703125 0.786191
0.704669 0.785156

0.703125 0.810417
0.707031 0.81029

0.710938 0.78039
0.709835 0.78125

0.707031 0.783405
0.709948 0.78125

0.707031 0.810214
0.710938 0.809892

0.714844 0.777268
0.714746 0.777344

0.710938 0.780219
0.714749 0.777344

0.710938 0.809914
0.714844 0.809506

0.714844 0.777107
0.71875 0.774385

0.714844 0.809683
0.71875 0.808788

0.722656 0.77164
0.720021 0.773438

0.71875 0.774384
0.720115 0.773438

0.722656 0.806021
0.719234 0.808594

0.71875 0.808869
0.719283 0.808594

0.726562 0.768689
0.725446 0.769531

0.722656 0.771564
0.725476 0.769531

0.726562 0.796839
0.726545 0.796875

0.726562 0.798862
0.72579 0.800781

0.725967 0.800781
0.723679 0.804688

0.722656 0.806044
0.72381 0.804688

0.730469 0.765563
0.730395 0.765625

0.726562 0.768608
0.730393 0.765625

0.730469 0.791762
0.729481 0.792969

0.729447 0.792969
0.727219 0.796875

0.726562 0.798904
0.727372 0.796875

0.730469 0.765498
0.734375 0.762053

0.734375 0.785048
0.734258 0.785156

0.734375 0.788277
0.733381 0.789062

0.730469 0.79178
0.733264 0.789062

0.738281 0.603506
0.736948 0.605469

0.737304 0.605469
0.737028 0.609375

0.738281 0.611882
0.737556 0.609375

0.738281 0.75774
0.738232 0.757812

0.738231 0.757812
0.734865 0.761719

0.734375 0.762133
0.734801 0.761719

0.734375 0.765632
0.734382 0.765625

0.738259 0.769531
0.738264 0.773438

0.738281 0.784866
0.737806 0.785156

0.734375 0.788276
0.738281 0.785794

0.738281 0.603726
0.742188 0.601982

0.738281 0.611461
0.73887 0.613281

0.739065 0.613281
0.740492 0.617188

0.740508 0.617188
0.741717 0.621094

0.742188 0.622037
0.741887 0.621094

0.742188 0.750589
0.740733 0.753906

0.740674 0.753906
0.738311 0.757812

0.738283 0.769531
0.738283 0.773438

0.742188 0.78358
0.739321 0.785156

0.738281 0.785879
0.739575 0.785156

0.742188 0.602558
0.746094 0.604771

0.742188 0.621991
0.743224 0.625

0.74354 0.625
0.744745 0.628906

0.744487 0.628906
0.745461 0.632812

0.746094 0.634655
0.745629 0.632812

0.746094 0.735927
0.745683 0.738281

0.745592 0.738281
0.744784 0.742188

0.7449 0.742188
0.743899 0.746094

0.743791 0.746094
0.742501 0.75

0.742188 0.75091
0.742549 0.75

0.742188 0.754452
0.742509 0.753906

0.742188 0.758013
0.742395 0.757812

0.746094 0.780946
0.745734 0.78125

0.742188 0.783736
0.745725 0.78125

0.746094 0.60505
0.746479 0.605469

0.74644 0.605469
0.748753 0.609375

0.748501 0.609375
0.749705 0.613281

0.75 0.615139
0.749584 0.613281

0.746094 0.634461
0.746678 0.636719

0.746706 0.636719
0.747671 0.640625

0.74768 0.640625
0.748569 0.644531

0.748688 0.644531
0.749632 0.648438

0.75 0.650201
0.749661 0.648438

0.75 0.721529
0.749705 0.722656

0.749669 0.722656
0.748605 0.726562

0.748641 0.726562
0.747496 0.730469

0.747317 0.730469
0.746327 0.734375

0.746094 0.736212
0.746401 0.734375

0.75 0.775551
0.749205 0.777344

0.746094 0.781098
0.749209 0.777344

0.75 0.61493
0.750544 0.617188

0.75064 0.617188
0.751917 0.621094

0.751952 0.621094
0.753468 0.625

0.753906 0.625607
0.753676 0.625

0.75 0.649992
0.750478 0.652344

0.750477 0.652344
0.751416 0.65625

0.751708 0.65625
0.75224 0.660156

0.751919 0.660156
0.752343 0.664062

0.752529 0.664062
0.753116 0.667969

0.753071 0.667969
0.753539 0.671875

0.753906 0.675213
0.753547 0.671875

0.753906 0.708703
0.753427 0.710938

0.753285 0.710938
0.752221 0.714844

0.752034 0.714844
0.750832 0.71875

0.75 0.721914
0.750928 0.71875

0.753906 0.760889
0.75364 0.761719

0.753605 0.761719
0.752593 0.765625

0.753037 0.765625
0.752164 0.769531

0.751824 0.769531
0.750794 0.773438

0.75 0.775546
0.750825 0.773438

0.753906 0.625394
0.75526 0.628906

0.75545 0.628906
0.757022 0.632812

0.757812 0.635298
0.75699 0.632812

0.753906 0.674942
0.75399 0.675781

0.753985 0.675781
0.754678 0.679688

0.754552 0.679688
0.755337 0.683594

0.755735 0.683594
0.756078 0.6875

0.755892 0.6875
0.755901 0.691406

0.755913 0.691406
0.755914 0.695312

0.755902 0.695312
0.755865 0.699219

0.755419 0.699219
0.75483 0.703125

0.755155 0.703125
0.754202 0.707031

0.753906 0.709255
0.754343 0.707031

0.757812 0.753006
0.757234 0.753906

0.757261 0.753906
0.755228 0.757812

0.753906 0.761068
0.755096 0.757812

0.757812 0.634843
0.758386 0.636719

0.75845 0.636719
0.759471 0.640625

0.759639 0.640625
0.760781 0.644531

0.761719 0.648259
0.760725 0.644531

0.761719 0.648534
0.761706 0.648438

0.757812 0.690721
0.757817 0.691406

0.757822 0.691406
0.757845 0.695312

0.75787 0.695312
0.757816 0.699219

0.761719 0.741809
0.761391 0.742188

0.761719 0.747483
0.760129 0.75

0.757812 0.753362
0.759957 0.75

0.761719 0.648499
0.762323 0.652344

0.762378 0.652344
0.762968 0.65625

0.762945 0.65625
0.76345 0.660156

0.76431 0.660156
0.764756 0.664062

0.76427 0.664062
0.764867 0.667969

0.764631 0.667969
0.765294 0.671875

0.765625 0.67548
0.765167 0.671875

0.765625 0.733465
0.765535 0.734375

0.765625 0.740413
0.765026 0.742188

0.764976 0.742188
0.762938 0.746094

0.761719 0.747848
0.762814 0.746094

0.765625 0.675607
0.765645 0.675781

0.76565 0.675781
0.766474 0.679688

0.766758 0.679688
0.767534 0.683594

0.768462 0.683594
0.76876 0.6875

0.768477 0.6875
0.768788 0.691406

0.768747 0.691406
0.768984 0.695312

0.769051 0.695312
0.768898 0.699219

0.769481 0.699219
0.76948 0.703125

0.768924 0.703125
0.769064 0.707031

0.769277 0.707031
0.769301 0.710938

0.769309 0.710938
0.769286 0.714844

0.769274 0.714844
0.769244 0.71875

0.769203 0.71875
0.769147 0.722656

0.768901 0.722656
0.768621 0.726562

0.76881 0.726562
0.768561 0.730469

0.767769 0.730469
0.767347 0.734375

0.76725 0.734375
0.766353 0.738281

0.765625 0.740654
0.766346 0.738281

