0.523438 0.814982
0.522704 0.816406

0.522392 0.816406
0.522316 0.820312

0.523438 0.822188
0.522472 0.820312

0.527344 0.810976
0.525497 0.8125

0.523438 0.814799
0.52512 0.8125

0.523438 0.822334
0.525112 0.824219

0.527344 0.825441
0.525403 0.824219

0.527344 0.810853
0.53125 0.808904

0.527344 0.825408
0.53125 0.826372

0.535156 0.80821
0.533272 0.808594

0.53125 0.808995
0.53298 0.808594

0.53125 0.82714
0.535156 0.827392

0.535156 0.808142
0.539062 0.807478

0.535156 0.827269
0.539062 0.827481

0.539062 0.807459
0.542969 0.806988

0.539062 0.827188
0.542969 0.82748

0.542969 0.806985
0.546875 0.806753

0.542969 0.82696
0.546875 0.827551

0.546875 0.80675
0.550781 0.806771

0.546875 0.827411
0.550417 0.828125

0.550781 0.828209
0.55033 0.828125

0.550781 0.806537
0.554688 0.807285

0.550781 0.828327
0.554688 0.829346

0.554688 0.807531
0.557658 0.808594

0.558594 0.809163
0.557049 0.808594

0.558594 0.819865
0.557889 0.820312

0.558594 0.820713
0.557793 0.820312

0.554688 0.829463
0.558594 0.830464

0.558594 0.809203
0.5625 0.81093

0.558594 0.819683
0.558885 0.820312

0.558594 0.820709
0.558876 0.820312

0.558594 0.83054
0.5625 0.831471

0.5625 0.811033
0.565954 0.8125

0.566406 0.812787
0.565726 0.8125

0.5625 0.831465
0.565496 0.832031

0.566406 0.832187
0.565381 0.832031

0.566406 0.813031
0.570312 0.814536

0.566406 0.832278
0.570312 0.832722

0.574219 0.482182
0.573763 0.484375

0.574219 0.484533
0.574162 0.484375

0.570312 0.814526
0.574219 0.815646

0.570312 0.832718
0.574219 0.832918

0.578125 0.478782
0.575446 0.480469

0.574219 0.482808
0.575402 0.480469

0.574219 0.484474
0.576611 0.488281

0.578125 0.489918
0.576105 0.488281

0.574219 0.815706
0.577543 0.816406

0.578125 0.816536
0.577377 0.816406

0.574219 0.832859
0.578125 0.832941

0.578125 0.479104
0.582031 0.478599

0.578125 0.489585
0.582031 0.490676

0.578125 0.816496
0.582031 0.817372

0.578125 0.832934
0.582031 0.833032

0.582031 0.478914
0.585938 0.479248

0.582031 0.490148
0.585938 0.490134

0.582031 0.816945
0.585938 0.817095

0.585938 0.820324
0.585771 0.820312

0.582031 0.833062
0.585938 0.833133

0.585938 0.47933
0.589844 0.47971

0.585938 0.490103
0.589844 0.490103

0.585938 0.817277
0.589844 0.816818

0.585938 0.820462
0.586575 0.820312

0.585938 0.833114
0.589844 0.833138

0.589844 0.479692
0.59375 0.479988

0.589844 0.49011
0.59375 0.49017

0.589844 0.816729
0.59375 0.816955

0.589844 0.832871
0.59375 0.833421

0.59375 0.47997
0.597656 0.480257

0.59375 0.490135
0.597656 0.490313

0.59375 0.816977
0.597656 0.818118

0.59375 0.833013
0.597656 0.835509

0.597656 0.835976
0.597623 0.835938

0.597656 0.480275
0.600372 0.480469

0.601562 0.480581
0.600028 0.480469

0.597656 0.490874
0.601562 0.491384

0.597656 0.818056
0.601286 0.820312

0.601562 0.821213
0.600345 0.820312

0.597656 0.835401
0.598115 0.835938

0.59776 0.835938
0.599915 0.839844

0.59907 0.839844
0.601525 0.84375

0.601562 0.843783
0.601529 0.84375

0.601562 0.480595
0.605469 0.481058

0.601562 0.490998
0.605469 0.491747

0.601562 0.821233
0.604857 0.824219

0.605469 0.825006
0.604599 0.824219

0.601562 0.843987
0.605469 0.845953

0.605469 0.480903
0.609375 0.481575

0.605469 0.491638
0.608564 0.492188

0.609375 0.492422
0.607996 0.492188

0.605469 0.825288
0.609375 0.827841

0.605469 0.845366
0.609375 0.846026

0.609375 0.481288
0.613281 0.481814

0.609375 0.4925
0.613281 0.493355

0.609375 0.827941
0.610157 0.828125

0.609375 0.828131
0.613281 0.828757

0.613281 0.839407
0.613114 0.839844

0.609375 0.843552
0.610372 0.84375

0.609375 0.846409
0.613281 0.846983

0.613281 0.482153
0.617188 0.482709

0.613281 0.493438
0.617188 0.494176

0.617188 0.827975
0.616136 0.828125

0.613281 0.828658
0.617188 0.828255

0.613281 0.838965
0.613885 0.839844

0.613281 0.843684
0.613575 0.84375

0.613281 0.846881
0.617188 0.84725

0.617188 0.482823
0.621094 0.48378

0.617188 0.494346
0.621094 0.495249

0.617188 0.828
0.621094 0.826436

0.617188 0.828269
0.61763 0.828125

0.617188 0.847365
0.621094 0.846848

0.621094 0.48385
0.623097 0.484375

0.625 0.484983
0.622838 0.484375

0.621094 0.495098
0.624859 0.496094

0.625 0.496119
0.624888 0.496094

0.625 0.823804
0.624272 0.824219

0.621094 0.8263
0.624979 0.824219

0.621094 0.846812
0.625 0.845258

0.625 0.485041
0.628906 0.4863

0.625 0.496123
0.628906 0.497253

0.625 0.823819
0.628906 0.8216

0.628906 0.84311
0.62553 0.84375

0.625 0.844644
0.628138 0.84375

0.628906 0.486338
0.632812 0.487608

0.628906 0.497328
0.632812 0.498758

0.632812 0.819525
0.631088 0.820312

0.628906 0.821491
0.6314 0.820312

0.628906 0.843511
0.632812 0.843649

0.628906 0.843759
0.632812 0.843824

0.632812 0.487759
0.634308 0.488281

0.636719 0.489223
0.634162 0.488281

0.632812 0.498887
0.636132 0.5

0.636719 0.500267
0.63585 0.5

0.632812 0.819521
0.636719 0.817805

0.632812 0.83964
0.633027 0.839844

0.632812 0.843699
0.633639 0.84375

0.632812 0.843953
0.636719 0.84424

0.636719 0.489205
0.640625 0.490663

0.636719 0.500334
0.640625 0.501619

0.636719 0.817593
0.640485 0.816406

0.636719 0.844282
0.640625 0.844228

0.640625 0.490877
0.644531 0.491993

0.640625 0.501787
0.644531 0.503172

0.644531 0.815761
0.640767 0.816406

0.640625 0.816414
0.640673 0.816406

0.644531 0.843538
0.643208 0.84375

0.640625 0.844261
0.644505 0.84375

0.644531 0.492051
0.645067 0.492188

0.648438 0.493188
0.645033 0.492188

0.644531 0.503088
0.646898 0.503906

0.648438 0.5045
0.64673 0.503906

0.644531 0.815632
0.648438 0.815172

0.648438 0.841853
0.644658 0.84375

0.644531 0.843767
0.64458 0.84375

0.648438 0.493054
0.652344 0.494358

0.648438 0.504612
0.652344 0.506281

0.648438 0.814962
0.652344 0.815388

0.652344 0.824219
0.652344 0.828125

0.652344 0.837443
0.650014 0.839844

0.648438 0.842033
0.650855 0.839844

0.652344 0.494567
0.65625 0.495883

0.652344 0.506343
0.65574 0.507812

0.65625 0.508148
0.655471 0.507812

0.652344 0.815264
0.655217 0.816406

0.65625 0.8177
0.653354 0.816406

0.652344 0.824219
0.652344 0.828125

0.65625 0.834082
0.653295 0.835938

0.652344 0.837309
0.65405 0.835938

0.65625 0.496032
0.656402 0.496094

0.660156 0.497751
0.656385 0.496094

0.65625 0.508217
0.660156 0.510201

0.65625 0.81773
0.660156 0.819905

0.65625 0.834282
0.660156 0.83335

0.660156 0.497804
0.664062 0.499987

0.664062 0.500197
0.663741 0.5

0.660156 0.51031
0.662856 0.511719

0.664062 0.512464
0.662658 0.511719

0.660156 0.819957
0.660995 0.820312

0.660156 0.820315
0.664062 0.821939

0.664062 0.824389
0.663797 0.824219

0.660156 0.831977
0.661265 0.832031

0.660156 0.833424
0.664062 0.8337

0.664062 0.500219
0.667969 0.502981

0.664062 0.512594
0.667969 0.514964

0.664062 0.822066
0.667969 0.822696

0.667969 0.824694
0.665578 0.824219

0.664062 0.83399
0.667969 0.835199

0.667969 0.503182
0.668887 0.503906

0.671875 0.506215
0.66883 0.503906

0.667969 0.515044
0.668838 0.515625

0.671875 0.517666
0.668819 0.515625

0.667969 0.822761
0.671875 0.821787

0.667969 0.824765
0.669717 0.824219

0.667969 0.835014
0.669719 0.835938

0.671875 0.837332
0.669779 0.835938

0.671875 0.506369
0.673928 0.507812

0.675781 0.509187
0.673761 0.507812

0.671875 0.517799
0.674302 0.519531

0.675781 0.520674
0.674222 0.519531

0.675781 0.819479
0.673821 0.820312

0.671875 0.821437
0.674453 0.820312

0.671875 0.837175
0.674286 0.839844

0.675781 0.842735
0.673607 0.839844

0.675781 0.50923
0.679688 0.511481

0.675781 0.520713
0.679455 0.523438

0.679688 0.523758
0.679283 0.523438

0.675781 0.81951
0.679688 0.817582

0.675781 0.842767
0.676595 0.84375

0.679688 0.846536
0.676378 0.84375

0.679688 0.511593
0.679943 0.511719

0.683594 0.513495
0.679925 0.511719

0.679688 0.523762
0.683594 0.52687

0.683594 0.815476
0.681433 0.816406

0.679688 0.817444
0.682014 0.816406

0.679688 0.846707
0.682012 0.847656

0.683594 0.84782
0.683067 0.847656

0.683594 0.513564
0.6875 0.515409

0.683594 0.526993
0.684002 0.527344

0.6875 0.530315
0.684005 0.527344

0.683594 0.815554
0.6875 0.813856

0.683594 0.847891
0.6875 0.848522

0.6875 0.515489
0.687782 0.515625

0.691406 0.517428
0.687769 0.515625

0.6875 0.530398
0.688443 0.53125

0.691406 0.53395
0.688446 0.53125

0.691406 0.812234
0.690635 0.8125

0.6875 0.813703
0.690706 0.8125

0.691406 0.826172
0.691406 0.824219

0.6875 0.848595
0.691406 0.848937

0.691406 0.51748
0.69487 0.519531

0.695312 0.519917
0.694715 0.519531

0.691406 0.533986
0.69264 0.535156

0.695312 0.537743
0.692639 0.535156

0.691406 0.81201
0.695312 0.810907

0.691406 0.826172
0.691406 0.824219

0.691406 0.849124
0.695312 0.848658

0.695312 0.519954
0.699219 0.522912

0.695312 0.537749
0.696633 0.539062

0.699219 0.541708
0.696634 0.539062

0.695312 0.811109
0.699219 0.81006

0.699219 0.845933
0.697619 0.847656

0.695312 0.848891
0.697683 0.847656

0.699219 0.523072
0.699635 0.523438

0.703125 0.526651
0.699636 0.523438

0.699219 0.541687
0.700447 0.542969

0.703125 0.54587
0.700445 0.542969

0.699219 0.809929
0.703125 0.808765

0.703125 0.824267
0.700522 0.828125

0.700475 0.828125
0.699347 0.832031

0.699684 0.832031
0.699485 0.835938

0.699408 0.835938
0.699616 0.839844

0.700013 0.839844
0.699988 0.84375

0.699219 0.846462
0.700432 0.84375

0.703125 0.526719
0.703743 0.527344

0.707031 0.530872
0.703747 0.527344

0.703125 0.545822
0.70409 0.546875

0.707031 0.550206
0.704086 0.546875

0.703125 0.808507
0.707031 0.807619

0.703125 0.808708
0.70366 0.808594

0.703125 0.823997
0.707031 0.821562

0.703125 0.824273
0.703183 0.824219

0.707031 0.530807
0.707434 0.53125

0.707436 0.53125
0.710791 0.535156

0.710938 0.5352
0.7109 0.535156

0.707031 0.550119
0.707623 0.550781

0.710938 0.554602
0.707618 0.550781

0.707031 0.807424
0.710938 0.807152

0.707031 0.821569
0.710938 0.821382

0.710938 0.535199
0.71409 0.539062

0.714844 0.539867
0.714185 0.539062

0.710938 0.554493
0.711111 0.554688

0.711109 0.554688
0.714512 0.558594

0.714844 0.558845
0.714618 0.558594

0.710938 0.807066
0.714844 0.80798

0.710938 0.821393
0.714844 0.823584

0.714844 0.539868
0.717278 0.542969

0.71875 0.544785
0.717351 0.542969

0.714844 0.558844
0.718024 0.5625

0.71875 0.563227
0.718105 0.5625

0.714844 0.808055
0.715891 0.808594

0.71875 0.810581
0.714956 0.808594

0.714844 0.823467
0.715575 0.824219

0.715453 0.824219
0.717484 0.828125

0.717204 0.828125
0.717581 0.832031

0.717118 0.832031
0.717509 0.835938

0.71875 0.839054
0.717221 0.835938

0.71875 0.54472
0.720386 0.546875

0.722656 0.550025
0.720449 0.546875

0.71875 0.563215
0.721492 0.566406

0.722656 0.567707
0.72155 0.566406

0.71875 0.811202
0.722656 0.812459

0.722656 0.812581
0.722309 0.8125

0.71875 0.839053
0.719352 0.839844

0.722656 0.841865
0.719831 0.839844

0.722656 0.549775
0.723373 0.550781

0.723439 0.550781
0.725961 0.554688

0.726562 0.555546
0.726071 0.554688

0.722656 0.56765
0.724839 0.570312

0.726562 0.57254
0.724883 0.570312

0.726562 0.811406
0.72301 0.8125

0.722656 0.812728
0.723827 0.8125

0.722656 0.841951
0.726562 0.843314

0.726562 0.555496
0.728254 0.558594

0.728328 0.558594
0.730297 0.5625

0.730469 0.562822
0.730313 0.5625

0.726562 0.572352
0.727906 0.574219

0.730469 0.578093
0.727939 0.574219

0.730469 0.806365
0.729218 0.808594

0.726562 0.811417
0.72954 0.808594

0.726562 0.843513
0.730469 0.843348

0.730469 0.562817
0.732404 0.566406

0.734375 0.569177
0.732394 0.566406

0.730469 0.577882
0.730619 0.578125

0.730626 0.578125
0.733007 0.582031

0.734375 0.584277
0.733131 0.582031

0.734375 0.796269
0.73403 0.796875

0.734012 0.796875
0.732425 0.800781

0.732427 0.800781
0.731021 0.804688

0.730469 0.806437
0.731276 0.804688

0.730469 0.843668
0.734375 0.840802

0.734375 0.569161
0.735339 0.570312

0.738281 0.572992
0.735414 0.570312

0.734375 0.584017
0.735424 0.585938

0.735475 0.585938
0.737472 0.589844

0.738281 0.591566
0.737533 0.589844

0.738281 0.791099
0.736637 0.792969

0.734375 0.796378
0.736525 0.792969

0.734375 0.797075
0.734456 0.796875

0.734375 0.801099
0.734518 0.800781

0.734375 0.805025
0.734641 0.804688

0.734375 0.808854
0.734669 0.808594

0.738281 0.827686
0.737976 0.828125

0.737987 0.828125
0.736446 0.832031

0.736647 0.832031
0.735791 0.835938

0.736167 0.835938
0.734789 0.839844

0.734375 0.840971
0.735168 0.839844

0.738281 0.572915
0.739959 0.574219

0.742188 0.575861
0.740015 0.574219

0.738281 0.591347
0.739322 0.59375

0.739418 0.59375
0.741178 0.597656

0.742188 0.60006
0.741207 0.597656

0.742188 0.787659
0.740508 0.789062

0.738281 0.791107
0.740417 0.789062

0.742188 0.824017
0.741869 0.824219

0.738281 0.827547
0.741772 0.824219

0.742188 0.57567
0.745061 0.578125

0.746094 0.57924
0.74509 0.578125

0.742188 0.599815
0.742904 0.601562

0.742955 0.601562
0.744549 0.605469

0.74464 0.605469
0.746002 0.609375

0.746094 0.784813
0.745627 0.785156

0.742188 0.787641
0.745606 0.785156

0.742188 0.823975
0.746094 0.822868

0.746094 0.579031
0.748279 0.582031

0.748199 0.582031
0.749967 0.585938

0.75 0.586251
0.749912 0.585938

0.746094 0.609062
0.746195 0.609375

0.746214 0.609375
0.747645 0.613281

0.747717 0.613281
0.749149 0.617188

0.75 0.619775
0.74917 0.617188

0.746094 0.784791
0.75 0.781869

0.75 0.804351
0.748589 0.804688

0.75 0.804759
0.748454 0.804688

0.746094 0.820284
0.75 0.820259

0.746094 0.824055
0.75 0.824042

0.75 0.586222
0.751092 0.589844

0.75108 0.589844
0.752435 0.59375

0.752547 0.59375
0.753875 0.597656

0.75 0.619459
0.750521 0.621094

0.750578 0.621094
0.751913 0.625

0.75197 0.625
0.75322 0.628906

0.753906 0.630894
0.753276 0.628906

0.753906 0.778193
0.750777 0.78125

0.75 0.781889
0.750748 0.78125

0.753906 0.804478
0.753802 0.804688

0.753906 0.808286
0.753869 0.808594

0.753906 0.820223
0.753809 0.820312

0.75 0.823988
0.753906 0.822796

0.753906 0.597443
0.753971 0.597656

0.753983 0.597656
0.755341 0.601562

0.755484 0.601562
0.75712 0.605469

0.757812 0.60697
0.757207 0.605469

0.753906 0.630723
0.754603 0.632812

0.754644 0.632812
0.75617 0.636719

0.756311 0.636719
0.757742 0.640625

0.757812 0.772814
0.757517 0.773438

0.75745 0.773438
0.754755 0.777344

0.753906 0.778185
0.754649 0.777344

0.757812 0.800151
0.757438 0.800781

0.757691 0.800781
0.756604 0.804688

0.757246 0.804688
0.756951 0.808594

0.757185 0.808594
0.757341 0.8125

0.757323 0.8125
0.757449 0.816406

0.757491 0.816406
0.756193 0.820312

0.753906 0.823052
0.756558 0.820312

0.757812 0.606831
0.758837 0.609375

0.758929 0.609375
0.760571 0.613281

0.761719 0.616303
0.760619 0.613281

0.757812 0.640137
0.757981 0.640625

0.758001 0.640625
0.75945 0.644531

0.759552 0.644531
0.760814 0.648438

0.761719 0.652187
0.760756 0.648438

0.761719 0.76177
0.760748 0.765625

0.760803 0.765625
0.759401 0.769531

0.757812 0.772883
0.759334 0.769531

0.761719 0.796477
0.761143 0.796875

0.757812 0.8004
0.761089 0.796875

0.761719 0.615879
0.762173 0.617188

0.762239 0.617188
0.76368 0.621094

0.763756 0.621094
0.765165 0.625

0.765625 0.626272
0.765215 0.625

0.761719 0.65182
0.761839 0.652344

0.76188 0.652344
0.763026 0.65625

0.763199 0.65625
0.76424 0.660156

0.763996 0.660156
0.765098 0.664062

0.765625 0.665013
0.765316 0.664062

0.765625 0.744764
0.765365 0.746094

0.765303 0.746094
0.76447 0.75

0.764495 0.75
0.763621 0.753906

0.763311 0.753906
0.762419 0.757812

0.76269 0.757812
0.761842 0.761719

0.761719 0.762546
0.761891 0.761719

0.761719 0.765999
0.76184 0.765625

0.765625 0.792856
0.765366 0.792969

0.761719 0.796497
0.765625 0.795163

0.765625 0.626167
0.766546 0.628906

0.766599 0.628906
0.768201 0.632812

0.769531 0.635695
0.768179 0.632812

0.765625 0.664548
0.766817 0.667969

0.766597 0.667969
0.767666 0.671875

0.767967 0.671875
0.76863 0.675781

0.768601 0.675781
0.769199 0.679688

0.769531 0.681737
0.769184 0.679688

0.769531 0.728707
0.769242 0.730469

0.76915 0.730469
0.768245 0.734375

0.768199 0.734375
0.767285 0.738281

0.767166 0.738281
0.766212 0.742188

0.765625 0.745105
0.766261 0.742188

0.765625 0.746316
0.76566 0.746094

0.765625 0.750284
0.765678 0.75

0.765625 0.754169
0.765707 0.753906

0.765625 0.757988
0.765722 0.757812

0.765625 0.76177
0.765672 0.761719

0.769531 0.792803
0.768403 0.792969

0.765625 0.796083
0.769531 0.795606

0.769531 0.635437
0.770164 0.636719

0.770317 0.636719
0.772899 0.640625

0.773438 0.641179
0.773026 0.640625

0.769531 0.666873
0.770245 0.667969

0.769531 0.681662
0.769915 0.683594

0.770007 0.683594
0.771172 0.6875

0.771462 0.6875
0.772332 0.691406

0.772206 0.691406
0.772588 0.695312

0.772523 0.695312
0.772573 0.699219

0.772539 0.699219
0.772457 0.703125

0.7725 0.703125
0.772452 0.707031

0.772487 0.707031
0.772332 0.710938

0.772323 0.710938
0.772002 0.714844

0.771957 0.714844
0.771605 0.71875

0.771248 0.71875
0.770487 0.722656

0.770694 0.722656
0.769773 0.726562

0.769531 0.729196
0.769946 0.726562

0.773438 0.792814
0.773022 0.792969

0.769531 0.795441
0.773438 0.794218

0.773438 0.640879
0.775953 0.644531

0.777344 0.646976
0.776043 0.644531

0.773438 0.69329
0.773632 0.695312

0.773512 0.695312
0.773538 0.699219

0.773438 0.702236
0.773548 0.699219

0.773438 0.706233
0.773471 0.703125

0.773438 0.709924
0.773518 0.707031

0.773438 0.712658
0.773549 0.710938

0.773438 0.715862
0.77352 0.714844

0.773438 0.719191
0.773536 0.71875

0.773438 0.722953
0.773587 0.722656

0.773438 0.726709
0.773553 0.726562

0.777344 0.790571
0.774689 0.792969

0.773438 0.794271
0.775235 0.792969

0.777344 0.646193
0.77845 0.648438

0.778332 0.648438
0.779578 0.652344

0.779543 0.652344
0.78061 0.65625

0.78125 0.658817
0.780627 0.65625

0.78125 0.692811
0.781178 0.695312

0.78125 0.697438
0.781166 0.695312

0.78125 0.699853
0.781046 0.699219

0.78125 0.703608
0.780892 0.703125

0.78125 0.707217
0.781007 0.707031

0.777344 0.730219
0.778493 0.730469

0.777344 0.730545
0.779999 0.730469

0.78125 0.742177
0.781238 0.742188

0.78125 0.744696
0.781247 0.742188

0.78125 0.753653
0.781071 0.753906

0.78125 0.753937
0.781247 0.753906

0.78125 0.785624
0.778145 0.789062

0.777344 0.790366
0.77844 0.789062

0.78125 0.658589
0.781591 0.660156

0.781641 0.660156
0.782511 0.664062

0.78265 0.664062
0.783219 0.667969

0.783913 0.667969
0.784311 0.671875

0.784149 0.671875
0.784505 0.675781

0.785022 0.675781
0.785014 0.679688

0.784546 0.679688
0.78428 0.683594

0.784435 0.683594
0.784145 0.6875

0.783212 0.6875
0.783057 0.691406

0.783095 0.691406
0.783096 0.695312

0.783078 0.695312
0.783215 0.699219

0.783178 0.699219
0.784271 0.703125

0.785156 0.705386
0.783895 0.703125

0.785156 0.707491
0.784851 0.707031

0.785156 0.711
0.785102 0.710938

0.785156 0.745053
0.785037 0.746094

0.785156 0.750931
0.784804 0.753906

0.784543 0.753906
0.784831 0.757812

0.785156 0.758265
0.784993 0.757812

0.785156 0.782063
0.782007 0.785156

0.78125 0.785615
0.781716 0.785156

0.785156 0.703593
0.787038 0.707031

0.787026 0.707031
0.788738 0.710938

0.789062 0.712937
0.788597 0.710938

0.789062 0.732325
0.788648 0.734375

0.788555 0.734375
0.787504 0.738281

0.78736 0.738281
0.786502 0.742188

0.786526 0.742188
0.785877 0.746094

0.785905 0.746094
0.785366 0.75

0.785156 0.751643
0.785336 0.75

0.785156 0.757545
0.78519 0.757812

0.785226 0.757812
0.78682 0.761719

0.787099 0.761719
0.78873 0.765625

0.789062 0.76661
0.788842 0.765625

0.789062 0.777084
0.788997 0.777344

0.788963 0.777344
0.786419 0.78125

0.785156 0.782306
0.786177 0.78125

0.789062 0.711658
0.789724 0.714844

0.789715 0.714844
0.790143 0.71875

0.790098 0.71875
0.79015 0.722656

0.790134 0.722656
0.789935 0.726562

0.789952 0.726562
0.789498 0.730469

0.789062 0.732836
0.789475 0.730469

0.789062 0.765807
0.789781 0.769531

0.789853 0.769531
0.789865 0.773438

0.789062 0.777076
0.78982 0.773438

