0.609375 0.731384
0.608953 0.734375

0.609375 0.735313
0.609045 0.738281

0.608793 0.738281
0.607983 0.742188

0.60798 0.742188
0.607278 0.746094

0.60659 0.746094
0.606175 0.75

0.606132 0.75
0.60673 0.753906

0.607923 0.753906
0.608436 0.757812

0.608018 0.757812
0.607635 0.761719

0.605544 0.761719
0.605542 0.765625

0.607441 0.765625
0.608206 0.769531

0.609375 0.772223
0.607857 0.769531

0.613281 0.719112
0.611758 0.722656

0.610886 0.722656
0.610124 0.726562

0.610979 0.726562
0.61022 0.730469

0.609375 0.73207
0.609746 0.730469

0.609375 0.734608
0.609391 0.734375

0.609375 0.753686
0.609413 0.753906

0.609375 0.757595
0.609399 0.757812

0.609375 0.757866
0.609379 0.757812

0.609375 0.772094
0.610274 0.773438

0.613281 0.775912
0.612119 0.773438

0.612822 0.777344
0.612757 0.78125

0.612408 0.78125
0.613205 0.785156

0.613281 0.785207
0.613252 0.785156

0.617188 0.708657
0.616325 0.710938

0.616378 0.710938
0.615157 0.714844

0.615258 0.714844
0.613781 0.71875

0.613281 0.719135
0.613446 0.71875

0.613281 0.753801
0.613495 0.753906

0.613281 0.753991
0.613516 0.753906

0.613281 0.776184
0.613636 0.777344

0.613281 0.77789
0.613289 0.777344

0.613281 0.784766
0.613395 0.785156

0.613858 0.785156
0.616224 0.789062

0.617188 0.79012
0.616535 0.789062

0.621094 0.702314
0.620667 0.703125

0.620421 0.703125
0.618228 0.707031

0.617188 0.708797
0.617921 0.707031

0.621094 0.766541
0.621092 0.765625

0.617188 0.789995
0.618949 0.792969

0.621094 0.796563
0.618863 0.792969

0.625 0.695305
0.624995 0.695312

0.624891 0.695312
0.622563 0.699219

0.621094 0.702327
0.622682 0.699219

0.625 0.718024
0.624265 0.71875

0.625 0.719411
0.624367 0.71875

0.625 0.723237
0.624406 0.722656

0.625 0.734271
0.624996 0.734375

0.625 0.73442
0.624965 0.734375

0.625 0.73838
0.624901 0.738281

0.625 0.765529
0.624995 0.765625

0.625 0.766048
0.624829 0.765625

0.625 0.769543
0.62499 0.769531

0.621094 0.792355
0.621519 0.792969

0.621094 0.796293
0.621485 0.796875

0.621318 0.796875
0.624629 0.800781

0.625 0.801005
0.624772 0.800781

0.628906 0.691231
0.628749 0.691406

0.628279 0.691406
0.625095 0.695312

0.625 0.717892
0.625479 0.71875

0.625 0.719341
0.625348 0.71875

0.628906 0.730303
0.626421 0.730469

0.628809 0.730469
0.626662 0.734375

0.628906 0.734749
0.625569 0.734375

0.628906 0.761105
0.625079 0.761719

0.625 0.765421
0.628906 0.764658

0.625 0.765775
0.628906 0.765832

0.625 0.769548
0.628906 0.769588

0.628906 0.777333
0.62888 0.777344

0.628906 0.780512
0.627545 0.78125

0.628906 0.783336
0.627779 0.78125

0.628906 0.785451
0.627545 0.785156

0.625 0.78913
0.625058 0.789062

0.625 0.800969
0.628906 0.80451

0.628906 0.804832
0.628741 0.804688

0.632812 0.685907
0.631794 0.6875

0.628906 0.691312
0.631854 0.6875

0.628906 0.691626
0.629112 0.691406

0.628906 0.730419
0.628968 0.730469

0.628969 0.730469
0.62925 0.734375

0.628906 0.734907
0.629475 0.734375

0.632812 0.745355
0.631466 0.746094

0.632542 0.746094
0.631244 0.75

0.632812 0.751919
0.631139 0.75

0.632812 0.754644
0.631443 0.753906

0.628906 0.760889
0.629124 0.761719

0.628906 0.765399
0.628914 0.765625

0.628906 0.766204
0.629141 0.765625

0.628906 0.780368
0.629973 0.78125

0.628906 0.783175
0.629665 0.78125

0.628906 0.785308
0.62916 0.785156

0.628906 0.804366
0.629301 0.804688

0.628906 0.804841
0.632812 0.807468

0.636719 0.679982
0.634214 0.683594

0.632812 0.685895
0.634253 0.683594

0.632812 0.687755
0.632987 0.6875

0.632812 0.691697
0.633093 0.691406

0.636719 0.698571
0.636238 0.699219

0.636719 0.70269
0.636212 0.703125

0.636668 0.703125
0.636134 0.707031

0.636719 0.707882
0.636008 0.707031

0.636719 0.710953
0.636699 0.710938

0.632812 0.722656
0.636719 0.722656

0.636719 0.726541
0.636699 0.726562

0.632812 0.730463
0.632821 0.730469

0.632812 0.745431
0.635008 0.746094

0.632812 0.746151
0.635817 0.75

0.632812 0.752003
0.636696 0.75

0.632812 0.754238
0.633952 0.753906

0.632812 0.757826
0.63283 0.757812

0.632812 0.807391
0.635117 0.808594

0.636719 0.809154
0.635693 0.808594

0.640625 0.675762
0.640605 0.675781

0.640576 0.675781
0.636997 0.679688

0.636719 0.680064
0.637011 0.679688

0.636719 0.683615
0.636735 0.683594

0.636719 0.687627
0.636829 0.6875

0.636719 0.695007
0.637078 0.695312

0.636719 0.698877
0.637265 0.699219

0.636719 0.702824
0.639311 0.703125

0.636719 0.703821
0.640625 0.706895

0.636719 0.707776
0.640625 0.707271

0.640625 0.729573
0.640525 0.726562

0.640625 0.730469
0.640521 0.730469

0.636719 0.745767
0.63698 0.746094

0.636719 0.749918
0.636734 0.75

0.640625 0.79676
0.640437 0.796875

0.640625 0.79866
0.640471 0.796875

0.636719 0.809094
0.640625 0.812281

0.640625 0.813543
0.639623 0.8125

0.640625 0.675766
0.644531 0.672482

0.640625 0.675879
0.640729 0.675781

0.640625 0.707047
0.640635 0.707031

0.640625 0.726562
0.640626 0.730469

0.644531 0.769131
0.643983 0.769531

0.644232 0.769531
0.644495 0.773438

0.644531 0.773822
0.643906 0.773438

0.644531 0.777589
0.644072 0.777344

0.640625 0.796759
0.641137 0.796875

0.640625 0.798393
0.640998 0.796875

0.640625 0.812384
0.640739 0.8125

0.640625 0.81355
0.644531 0.816131

0.648438 0.669595
0.645332 0.671875

0.644531 0.672555
0.645419 0.671875

0.648438 0.691383
0.648389 0.691406

0.648438 0.695207
0.648395 0.695312

0.648438 0.695364
0.648403 0.695312

0.644531 0.769005
0.645961 0.769531

0.644531 0.772305
0.645118 0.769531

0.644531 0.773861
0.645502 0.773438

0.644531 0.777463
0.644803 0.777344

0.644531 0.815944
0.647148 0.816406

0.648438 0.816578
0.646746 0.816406

0.652344 0.666585
0.650456 0.667969

0.648438 0.669599
0.650672 0.667969

0.648438 0.69524
0.648549 0.695312

0.648438 0.695371
0.648588 0.695312

0.652344 0.717596
0.651875 0.71875

0.652344 0.720085
0.651904 0.71875

0.652344 0.722723
0.652305 0.722656

0.652344 0.749754
0.652066 0.75

0.652344 0.753122
0.651687 0.753906

0.652188 0.753906
0.652072 0.757812

0.652344 0.758705
0.651673 0.757812

0.652344 0.762067
0.651977 0.761719

0.652344 0.792932
0.652248 0.792969

0.652344 0.796009
0.651701 0.796875

0.652344 0.797744
0.651799 0.796875

0.652344 0.801189
0.651568 0.800781

0.648438 0.816352
0.652344 0.816058

0.65625 0.663694
0.65574 0.664062

0.652344 0.666561
0.655917 0.664062

0.652344 0.718628
0.65625 0.718621

0.652344 0.719083
0.65625 0.719042

0.652344 0.722701
0.65625 0.722662

0.65625 0.727855
0.654934 0.730469

0.652344 0.74984
0.654067 0.75

0.652344 0.753009
0.655903 0.753906

0.652724 0.753906
0.653291 0.757812

0.652344 0.758812
0.65594 0.757812

0.652344 0.761952
0.654476 0.761719

0.652344 0.79593
0.653085 0.796875

0.652344 0.797604
0.652876 0.796875

0.652344 0.801154
0.652764 0.800781

0.652344 0.816068
0.65625 0.815502

0.65625 0.663678
0.660156 0.660968

0.660156 0.679317
0.659493 0.679688

0.660156 0.681511
0.658872 0.683594

0.660156 0.685807
0.658844 0.683594

0.65625 0.717485
0.656751 0.71875

0.65625 0.719896
0.656635 0.71875

0.660156 0.734117
0.657023 0.734375

0.65625 0.738262
0.660156 0.736412

0.65625 0.738312
0.660156 0.742005

0.660156 0.74223
0.659926 0.742188

0.660156 0.780448
0.659752 0.78125

0.660156 0.782306
0.659813 0.78125

0.660156 0.785479
0.659821 0.785156

0.65625 0.815739
0.660156 0.815139

0.664062 0.658089
0.660982 0.660156

0.660156 0.660969
0.66131 0.660156

0.664062 0.669445
0.66406 0.667969

0.660156 0.679525
0.660933 0.679688

0.660156 0.681759
0.663541 0.683594

0.660156 0.685526
0.663594 0.683594

0.660156 0.735994
0.662239 0.738281

0.660156 0.742135
0.66193 0.738281

0.660156 0.780695
0.662831 0.78125

0.660156 0.781892
0.662576 0.78125

0.660156 0.785327
0.662032 0.785156

0.660156 0.815628
0.664062 0.815323

0.667969 0.65548
0.666679 0.65625

0.664062 0.658014
0.666991 0.65625

0.664062 0.664075
0.664073 0.664062

0.664062 0.669085
0.664105 0.667969

0.667969 0.698424
0.665098 0.699219

0.667969 0.701262
0.664583 0.703125

0.667969 0.706818
0.66455 0.703125

0.667969 0.753332
0.667558 0.753906

0.667969 0.755344
0.66759 0.753906

0.667969 0.758031
0.667661 0.757812

0.667969 0.768745
0.667518 0.769531

0.667969 0.769998
0.667501 0.769531

0.664062 0.782258
0.664301 0.78125

0.667969 0.800605
0.667852 0.800781

0.667969 0.801226
0.667847 0.800781

0.664062 0.81606
0.667969 0.816022

0.667969 0.655438
0.671875 0.653463

0.667969 0.687493
0.671875 0.687206

0.671875 0.6886
0.668032 0.6875

0.667969 0.698693
0.668646 0.699219

0.667969 0.701006
0.669785 0.703125

0.669701 0.703125
0.668018 0.707031

0.671875 0.737921
0.671259 0.738281

0.671875 0.740527
0.671209 0.742188

0.671875 0.743118
0.671105 0.742188

0.671875 0.746381
0.671768 0.746094

0.667969 0.753398
0.670159 0.753906

0.667969 0.75502
0.669718 0.753906

0.667969 0.757939
0.668793 0.757812

0.667969 0.768815
0.668684 0.769531

0.667969 0.769982
0.668755 0.769531

0.667969 0.792969
0.671875 0.792969

0.667969 0.792986
0.669032 0.792969

0.667969 0.800628
0.668749 0.800781

0.667969 0.801122
0.668655 0.800781

0.667969 0.814618
0.671875 0.814196

0.675781 0.651843
0.674429 0.652344

0.671875 0.653437
0.67468 0.652344

0.671875 0.686994
0.672242 0.6875

0.671875 0.688797
0.672084 0.6875

0.671875 0.706571
0.671912 0.707031

0.675781 0.710041
0.674953 0.710938

0.675534 0.710938
0.675345 0.714844

0.675781 0.715848
0.674851 0.714844

0.675781 0.718914
0.67555 0.71875

0.671875 0.738005
0.67276 0.738281

0.671875 0.740766
0.673229 0.742188

0.671875 0.743071
0.673569 0.742188

0.671875 0.814092
0.675781 0.813135

0.675781 0.651799
0.679688 0.65028

0.675781 0.652402
0.67598 0.652344

0.679688 0.702912
0.678542 0.703125

0.675781 0.706784
0.678643 0.707031

0.675781 0.709998
0.67963 0.710938

0.676394 0.710938
0.677266 0.714844

0.675781 0.715908
0.679688 0.714943

0.679688 0.777264
0.679462 0.777344

0.679688 0.78091
0.679369 0.78125

0.679688 0.78164
0.679368 0.78125

0.679688 0.811715
0.677419 0.8125

0.675781 0.813074
0.677623 0.8125

0.683594 0.648363
0.683406 0.648438

0.679688 0.650268
0.683594 0.648679

0.679688 0.652478
0.679867 0.652344

0.683221 0.65625
0.682481 0.660156

0.683594 0.660886
0.682219 0.660156

0.683594 0.675681
0.683248 0.675781

0.683357 0.675781
0.681764 0.679688

0.683594 0.6807
0.681472 0.679688

0.679688 0.702636
0.679977 0.703125

0.683594 0.73041
0.683554 0.730469

0.683594 0.730812
0.68356 0.730469

0.683594 0.741584
0.683532 0.742188

0.683594 0.742291
0.683518 0.742188

0.679688 0.780922
0.68005 0.78125

0.679688 0.781638
0.680063 0.78125

0.683594 0.79293
0.683585 0.792969

0.683594 0.792983
0.683587 0.792969

0.679688 0.811689
0.683594 0.809853

0.683594 0.648329
0.6875 0.646801

0.683594 0.648773
0.684508 0.648438

0.683594 0.65614
0.683701 0.65625

0.684027 0.65625
0.68513 0.660156

0.683594 0.660902
0.685624 0.660156

0.683594 0.675745
0.683689 0.675781

0.683771 0.675781
0.685119 0.679688

0.683594 0.680802
0.685528 0.679688

0.6875 0.726521
0.68567 0.726562

0.683594 0.730426
0.6875 0.730386

0.683594 0.730644
0.6875 0.730727

0.683594 0.742159
0.6875 0.741837

0.6875 0.742313
0.684932 0.742188

0.6875 0.75389
0.687202 0.753906

0.6875 0.757203
0.684497 0.757812

0.6875 0.758245
0.684349 0.757812

0.6875 0.792203
0.687481 0.792969

0.6875 0.793059
0.687406 0.792969

0.6875 0.796892
0.687489 0.796875

0.6875 0.807594
0.685542 0.808594

0.683594 0.809653
0.685737 0.808594

0.6875 0.646382
0.691406 0.645286

0.6875 0.648757
0.690219 0.648438

0.691406 0.687434
0.69135 0.6875

0.691406 0.690392
0.691343 0.691406

0.691406 0.69155
0.691302 0.691406

0.6875 0.730245
0.687651 0.730469

0.6875 0.730784
0.687534 0.730469

0.6875 0.741998
0.687649 0.742188

0.6875 0.74224
0.689155 0.742188

0.6875 0.757144
0.687817 0.757812

0.6875 0.758302
0.687827 0.757812

0.691406 0.769376
0.691277 0.769531

0.691406 0.772985
0.690958 0.773438

0.691406 0.774285
0.690963 0.773438

0.6875 0.791798
0.687803 0.792969

0.6875 0.792974
0.68762 0.792969

0.691406 0.800705
0.69133 0.800781

0.691406 0.804625
0.691318 0.804688

0.6875 0.8075
0.691406 0.805027

0.691406 0.645661
0.695312 0.644769

0.691406 0.650434
0.693389 0.648438

0.695312 0.653679
0.691484 0.652344

0.695312 0.671635
0.694823 0.671875

0.695115 0.671875
0.695068 0.675781

0.695312 0.67608
0.694718 0.675781

0.691406 0.687456
0.695312 0.687476

0.691406 0.690977
0.695312 0.691099

0.691406 0.691465
0.695312 0.691485

0.695312 0.709464
0.695163 0.710938

0.695312 0.711223
0.695102 0.710938

0.695312 0.715092
0.695089 0.714844

0.691406 0.742016
0.693551 0.742188

0.691406 0.742663
0.693203 0.742188

0.695312 0.753852
0.695071 0.753906

0.695312 0.757435
0.694642 0.757812

0.695312 0.758275
0.69462 0.757812

0.695312 0.761917
0.694354 0.761719

0.691406 0.769346
0.691759 0.769531

0.691406 0.773006
0.69209 0.773438

0.691406 0.77423
0.692065 0.773438

0.695312 0.801922
0.691634 0.804688

0.691406 0.804931
0.691734 0.804688

0.699219 0.644233
0.696214 0.644531

0.695312 0.644714
0.696452 0.644531

0.695312 0.651401
0.695462 0.652344

0.695312 0.654878
0.69607 0.652344

0.695312 0.67174
0.69592 0.671875

0.695703 0.671875
0.695808 0.675781

0.695312 0.675988
0.696222 0.675781

0.695312 0.691021
0.69534 0.691406

0.695312 0.691726
0.695541 0.691406

0.695312 0.709829
0.699219 0.710841

0.695312 0.711136
0.699219 0.710971

0.695312 0.714946
0.696469 0.714844

0.695312 0.753849
0.695606 0.753906

0.695312 0.757131
0.695957 0.757812

0.695312 0.758395
0.695761 0.757812

0.695312 0.761949
0.695546 0.761719

0.699219 0.79834
0.696496 0.800781

0.695312 0.801837
0.696537 0.800781

0.699219 0.644387
0.703125 0.643914

0.703125 0.753783
0.702891 0.753906

0.699219 0.777344
0.703125 0.777344

0.699219 0.777344
0.703125 0.777344

0.703125 0.794359
0.700692 0.796875

0.699219 0.798295
0.700674 0.796875

0.703125 0.643774
0.707031 0.643199

0.707031 0.667798
0.706903 0.667969

0.707031 0.668847
0.706959 0.667969

0.707031 0.683496
0.706951 0.683594

0.707031 0.684481
0.70698 0.683594

0.707031 0.722642
0.707018 0.722656

0.707031 0.726085
0.707011 0.726562

0.707031 0.726603
0.706997 0.726562

0.707031 0.753326
0.706493 0.753906

0.707031 0.754095
0.706136 0.753906

0.703125 0.765625
0.703264 0.765625

0.703125 0.765662
0.703224 0.765625

0.707031 0.789959
0.704448 0.792969

0.703125 0.794331
0.704385 0.792969

0.707031 0.643136
0.710938 0.642865

0.707031 0.667874
0.710938 0.667824

0.707031 0.668575
0.710938 0.669114

0.707031 0.683536
0.710938 0.683556

0.707031 0.68401
0.710938 0.683885

0.710938 0.687501
0.710728 0.6875

0.710938 0.703117
0.709926 0.703125

0.710938 0.705024
0.709158 0.707031

0.710938 0.707056
0.708614 0.707031

0.710938 0.722646
0.707735 0.722656

0.707031 0.726232
0.710938 0.726459

0.707031 0.726587
0.710938 0.726575

0.710938 0.740567
0.71057 0.742188

0.710938 0.742419
0.710503 0.742188

0.707031 0.752911
0.707243 0.753906

0.710938 0.785133
0.710919 0.785156

0.710938 0.78516
0.70789 0.789062

0.707031 0.789955
0.70779 0.789062

0.710938 0.642953
0.714844 0.642936

0.710938 0.667763
0.7111 0.667969

0.710938 0.669833
0.711092 0.667969

0.710938 0.683579
0.710949 0.683594

0.710938 0.683953
0.710955 0.683594

0.710938 0.687715
0.711153 0.6875

0.710938 0.704614
0.710961 0.707031

0.710938 0.707132
0.711038 0.707031

0.714844 0.717938
0.714817 0.71875

0.710938 0.726508
0.710946 0.726562

0.710938 0.726582
0.710964 0.726562

0.710938 0.740691
0.711407 0.742188

0.710938 0.742434
0.711557 0.742188

0.714844 0.780172
0.714061 0.78125

0.713934 0.78125
0.711074 0.785156

0.710938 0.785204
0.710975 0.785156

0.714844 0.642963
0.71875 0.642969

0.71875 0.654435
0.717722 0.65625

0.71875 0.657104
0.717572 0.65625

0.714844 0.687488
0.714853 0.6875

0.71875 0.71484
0.718728 0.714844

0.714844 0.717815
0.715712 0.71875

0.71875 0.7188
0.718345 0.71875

0.71875 0.72633
0.718411 0.726562

0.71875 0.729297
0.718449 0.730469

0.71875 0.730837
0.718247 0.730469

0.71875 0.774623
0.716935 0.777344

0.714844 0.780144
0.716793 0.777344

0.71875 0.642927
0.722656 0.642987

0.71875 0.654441
0.719955 0.65625

0.71875 0.657054
0.720059 0.65625

0.722656 0.706047
0.722043 0.707031

0.722656 0.70752
0.722101 0.707031

0.71875 0.726231
0.719307 0.726562

0.71875 0.729238
0.718978 0.730469

0.71875 0.730887
0.719279 0.730469

0.722656 0.769059
0.722348 0.769531

0.722246 0.769531
0.719717 0.773438

0.71875 0.774622
0.719557 0.773438

0.722656 0.642958
0.726562 0.643213

0.722656 0.655892
0.722743 0.65625

0.722656 0.656292
0.722687 0.65625

0.722656 0.66785
0.726562 0.667387

0.722656 0.66797
0.726562 0.667981

0.726562 0.683332
0.726526 0.683594

0.726562 0.684154
0.726389 0.683594

0.726562 0.688028
0.725987 0.6875

0.722656 0.706141
0.723273 0.707031

0.722656 0.70757
0.72335 0.707031

0.722656 0.710985
0.725451 0.710938

0.726562 0.762961
0.724951 0.765625

0.722656 0.769057
0.724788 0.765625

0.726562 0.64321
0.730469 0.643724

0.726562 0.655426
0.72714 0.65625

0.726562 0.656277
0.727357 0.65625

0.726562 0.667384
0.726569 0.667969

0.726562 0.668047
0.726637 0.667969

0.730469 0.67928
0.730106 0.679688

0.730469 0.683416
0.730104 0.679688

0.730469 0.684045
0.729553 0.683594

0.726562 0.687731
0.726873 0.6875

0.726562 0.707205
0.726587 0.707031

0.726562 0.711427
0.72678 0.710938

0.726562 0.714908
0.727153 0.714844

0.730469 0.756935
0.729947 0.757812

0.729889 0.757812
0.727532 0.761719

0.726562 0.762961
0.727328 0.761719

0.730469 0.643772
0.734375 0.644454

0.734375 0.644543
0.734296 0.644531

0.734375 0.671857
0.734336 0.671875

0.734375 0.675508
0.733158 0.675781

0.730469 0.679175
0.733166 0.679688

0.730469 0.681731
0.732029 0.679688

0.730469 0.683637
0.730615 0.683594

0.734375 0.691384
0.734332 0.691406

0.734375 0.691936
0.734347 0.691406

0.730469 0.714754
0.730513 0.714844

0.730469 0.715114
0.730638 0.714844

0.734375 0.75043
0.732391 0.753906

0.730469 0.756944
0.732223 0.753906

0.734375 0.644554
0.738281 0.645532

0.738281 0.671759
0.737744 0.671875

0.734375 0.674996
0.734834 0.675781

0.734375 0.679527
0.73444 0.679688

0.734526 0.691406
0.734404 0.695312

0.738281 0.74401
0.737146 0.746094

0.736995 0.746094
0.73476 0.75

0.734375 0.750432
0.734628 0.75

0.738281 0.645326
0.742188 0.646634

0.742188 0.64857
0.741835 0.648438

0.742188 0.652491
0.741781 0.652344

0.738281 0.67126
0.738738 0.671875

0.738281 0.679512
0.738407 0.679688

0.742188 0.680229
0.741674 0.679688

0.742188 0.73741
0.741724 0.738281

0.741663 0.738281
0.73949 0.742188

0.738281 0.744031
0.739285 0.742188

0.742188 0.646891
0.746094 0.648412

0.746094 0.648581
0.745723 0.648438

0.742188 0.679577
0.742312 0.679688

0.742188 0.68032
0.742242 0.679688

0.746094 0.690893
0.746079 0.691406

0.746094 0.695286
0.746075 0.695312

0.746094 0.695654
0.745703 0.695312

0.746094 0.73041
0.746063 0.730469

0.74602 0.730469
0.743962 0.734375

0.742188 0.737445
0.743801 0.734375

0.746094 0.648608
0.75 0.650631

0.75 0.67187
0.749949 0.671875

0.75 0.675145
0.749788 0.675781

0.746094 0.691023
0.746461 0.691406

0.746094 0.691487
0.746182 0.691406

0.75 0.723105
0.748308 0.726562

0.748149 0.726562
0.746148 0.730469

0.75 0.650578
0.752624 0.652344

0.753906 0.653398
0.7525 0.652344

0.75 0.671863
0.750016 0.671875

0.75 0.675265
0.750008 0.671875

0.753906 0.715362
0.752396 0.71875

0.75225 0.71875
0.750347 0.722656

0.75 0.72308
0.750205 0.722656

0.753906 0.653444
0.756751 0.65625

0.757812 0.657537
0.756776 0.65625

0.757812 0.706885
0.757762 0.707031

0.757686 0.707031
0.756089 0.710938

0.755968 0.710938
0.75425 0.714844

0.753906 0.715322
0.754111 0.714844

0.757812 0.657494
0.759726 0.660156

0.761719 0.663771
0.759762 0.660156

0.761719 0.664466
0.76155 0.664062

0.761719 0.668251
0.76158 0.667969

0.761719 0.696401
0.760879 0.699219

0.760976 0.699219
0.759509 0.703125

0.757812 0.706973
0.75923 0.703125

0.761719 0.663606
0.761954 0.664062

0.761984 0.664062
0.763647 0.667969

0.763829 0.667969
0.765157 0.671875

0.765625 0.674714
0.765178 0.671875

0.765625 0.679158
0.765614 0.679688

0.765534 0.679688
0.765079 0.683594

0.76521 0.683594
0.764479 0.6875

0.764733 0.6875
0.763731 0.691406

0.76329 0.691406
0.762154 0.695312

0.761719 0.696377
0.762011 0.695312

0.765625 0.675312
0.765667 0.675781

0.765625 0.679664
0.765669 0.675781

