0.515625 0.780495
0.515574 0.78125

0.515625 0.781655
0.5155 0.785156

0.515514 0.785156
0.515393 0.789062

0.515178 0.789062
0.515478 0.792969

0.515625 0.793232
0.515548 0.792969

0.519531 0.751686
0.518979 0.753906

0.518862 0.753906
0.517923 0.757812

0.517045 0.757812
0.516525 0.761719

0.516358 0.761719
0.516203 0.765625

0.516263 0.765625
0.516138 0.769531

0.516525 0.769531
0.51625 0.773438

0.516697 0.773438
0.516026 0.777344

0.515625 0.780706
0.516124 0.777344

0.515625 0.782009
0.515655 0.78125

0.515699 0.792969
0.517154 0.796875

0.517539 0.796875
0.519123 0.800781

0.519531 0.802539
0.519285 0.800781

0.519516 0.804688
0.519284 0.808594

0.518984 0.808594
0.519217 0.8125

0.519531 0.813219
0.519278 0.8125

0.523438 0.739721
0.522719 0.742188

0.522609 0.742188
0.521367 0.746094

0.521282 0.746094
0.520054 0.75

0.519531 0.751784
0.519989 0.75

0.519531 0.773199
0.519708 0.773438

0.523438 0.77518
0.52132 0.773438

0.523438 0.777499
0.522862 0.777344

0.519551 0.800781
0.519847 0.804688

0.519531 0.80538
0.519564 0.804688

0.519531 0.812972
0.521079 0.816406

0.523438 0.819412
0.521278 0.816406

0.527344 0.728959
0.526773 0.730469

0.52665 0.730469
0.525269 0.734375

0.525234 0.734375
0.523937 0.738281

0.523438 0.739762
0.523863 0.738281

0.523438 0.773097
0.52674 0.773438

0.525543 0.773438
0.525506 0.777344

0.523438 0.77765
0.52663 0.777344

0.527344 0.781265
0.527024 0.78125

0.523438 0.819026
0.524454 0.820312

0.527344 0.823898
0.524529 0.820312

0.53125 0.721738
0.530707 0.722656

0.53048 0.722656
0.528415 0.726562

0.527344 0.729028
0.528327 0.726562

0.527344 0.769481
0.527395 0.769531

0.527344 0.773323
0.527444 0.773438

0.527344 0.776292
0.52735 0.777344

0.527344 0.777807
0.527758 0.777344

0.527344 0.823832
0.527644 0.824219

0.527695 0.824219
0.530625 0.828125

0.53125 0.828874
0.53067 0.828125

0.535156 0.715321
0.53318 0.71875

0.53125 0.721763
0.532993 0.71875

0.535156 0.810373
0.532482 0.8125

0.532498 0.8125
0.532472 0.816406

0.535156 0.818625
0.532288 0.816406

0.53125 0.82883
0.533739 0.832031

0.535156 0.83368
0.533695 0.832031

0.539062 0.708476
0.537882 0.710938

0.537714 0.710938
0.535572 0.714844

0.535156 0.715428
0.535501 0.714844

0.539062 0.742048
0.539002 0.742188

0.539062 0.743867
0.538953 0.742188

0.539062 0.786983
0.538953 0.789062

0.539062 0.789439
0.538576 0.789062

0.535156 0.810535
0.539062 0.811654

0.535156 0.818326
0.539062 0.817192

0.535156 0.833666
0.537458 0.835938

0.539062 0.837379
0.5374 0.835938

0.542969 0.701673
0.542111 0.703125

0.541803 0.703125
0.539672 0.707031

0.539062 0.708513
0.539762 0.707031

0.542969 0.728205
0.542951 0.730469

0.542969 0.734348
0.542947 0.734375

0.542969 0.737946
0.542405 0.738281

0.539062 0.742085
0.542285 0.738281

0.539119 0.742188
0.539688 0.746094

0.542969 0.74952
0.539285 0.746094

0.542969 0.750121
0.542727 0.75

0.542969 0.784514
0.542669 0.785156

0.542969 0.787945
0.54241 0.785156

0.539062 0.812086
0.539378 0.8125

0.539186 0.8125
0.539196 0.816406

0.539062 0.81731
0.53977 0.816406

0.539062 0.835893
0.539115 0.835938

0.539062 0.837366
0.542503 0.839844

0.542969 0.840191
0.542477 0.839844

0.546859 0.695312
0.5446 0.699219

0.542969 0.701717
0.544424 0.699219

0.542969 0.718749
0.546875 0.718749

0.542969 0.71875
0.546875 0.71875

0.542969 0.728794
0.54337 0.730469

0.542969 0.734359
0.543544 0.734375

0.542969 0.737828
0.546875 0.738

0.542969 0.749495
0.546875 0.749068

0.542969 0.75007
0.544161 0.75

0.542969 0.784549
0.546483 0.78125

0.542969 0.786508
0.544512 0.789062

0.546875 0.790367
0.543811 0.789062

0.542969 0.840215
0.546875 0.84281

0.550781 0.688704
0.549208 0.691406

0.549164 0.691406
0.54699 0.695312

0.546875 0.695458
0.546961 0.695312

0.547222 0.738281
0.550202 0.742188

0.550212 0.742188
0.549623 0.746094

0.546875 0.749059
0.54975 0.746094

0.550781 0.783026
0.548092 0.78125

0.550781 0.788157
0.549992 0.789062

0.546875 0.790228
0.550197 0.789062

0.550781 0.824219
0.550781 0.828125

0.546875 0.843002
0.548036 0.84375

0.550781 0.845463
0.547991 0.84375

0.554443 0.683594
0.551604 0.6875

0.550781 0.688765
0.551549 0.6875

0.554688 0.762642
0.553569 0.765625

0.554688 0.767971
0.553467 0.765625

0.550781 0.783595
0.551477 0.785156

0.550781 0.788608
0.551711 0.785156

0.554688 0.799798
0.553465 0.800781

0.553924 0.800781
0.554129 0.804688

0.554688 0.805597
0.553322 0.804688

0.550781 0.824219
0.550781 0.828125

0.550781 0.845722
0.554688 0.847625

0.558594 0.679172
0.558142 0.679688

0.557973 0.679688
0.554703 0.683594

0.554688 0.683611
0.554702 0.683594

0.554688 0.762554
0.558594 0.763299

0.554688 0.767969
0.558594 0.767411

0.554688 0.799803
0.558594 0.800408

0.558594 0.80231
0.557751 0.804688

0.554688 0.805325
0.558594 0.804728

0.558594 0.83561
0.558224 0.835938

0.558594 0.838946
0.557855 0.839844

0.55828 0.839844
0.558345 0.84375

0.554688 0.847559
0.55566 0.847656

0.558594 0.849459
0.554904 0.847656

0.5625 0.674522
0.561448 0.675781

0.558594 0.679181
0.561435 0.675781

0.5625 0.741565
0.562378 0.742188

0.5625 0.742628
0.56227 0.742188

0.558594 0.763839
0.559149 0.765625

0.558594 0.766905
0.559154 0.765625

0.558951 0.800781
0.558759 0.804688

0.558594 0.805021
0.558927 0.804688

0.5625 0.828157
0.562468 0.828125

0.558594 0.839461
0.5625 0.839517

0.558594 0.845027
0.560659 0.84375

0.558594 0.849818
0.561965 0.851562

0.5625 0.851811
0.561971 0.851562

0.566406 0.669975
0.56473 0.671875

0.5625 0.674517
0.564698 0.671875

0.5625 0.676186
0.562842 0.675781

0.566406 0.729914
0.566239 0.730469

0.566406 0.73071
0.566169 0.730469

0.5625 0.74157
0.566406 0.740048

0.5625 0.742528
0.566406 0.743024

0.566406 0.764949
0.566146 0.765625

0.566406 0.7667
0.566095 0.765625

0.566406 0.772616
0.565824 0.773438

0.565798 0.773438
0.56613 0.777344

0.566406 0.77778
0.565801 0.777344

0.566406 0.78218
0.565487 0.78125

0.5625 0.804177
0.562524 0.804688

0.5625 0.80494
0.562738 0.804688

0.566406 0.826782
0.566308 0.824219

0.5625 0.839406
0.562864 0.839844

0.563253 0.839844
0.562883 0.84375

0.5625 0.844469
0.563133 0.84375

0.5625 0.851847
0.566406 0.853412

0.570312 0.665845
0.568266 0.667969

0.566406 0.669976
0.568244 0.667969

0.566406 0.676078
0.566689 0.675781

0.570312 0.729236
0.570072 0.730469

0.570312 0.730874
0.570087 0.730469

0.566406 0.738226
0.566494 0.738281

0.566406 0.739227
0.567104 0.742188

0.566406 0.743215
0.567123 0.742188

0.566406 0.764947
0.570312 0.7652

0.566406 0.766481
0.570312 0.765904

0.566406 0.77265
0.569619 0.773438

0.569099 0.773438
0.567141 0.777344

0.566406 0.777563
0.567626 0.777344

0.566406 0.782064
0.566736 0.78125

0.566406 0.804664
0.566432 0.804688

0.566406 0.805084
0.566446 0.804688

0.570312 0.823534
0.568513 0.824219

0.569409 0.824219
0.569753 0.828125

0.570312 0.828531
0.5692 0.828125

0.570312 0.832037
0.570289 0.832031

0.566406 0.844002
0.566626 0.84375

0.566406 0.853523
0.570312 0.854994

0.574219 0.662031
0.572103 0.664062

0.570312 0.665861
0.57212 0.664062

0.574219 0.687974
0.572089 0.691406

0.572405 0.691406
0.573511 0.695312

0.574219 0.696383
0.573159 0.695312

0.570312 0.726557
0.57077 0.726562

0.570312 0.729942
0.574219 0.729664

0.570312 0.730687
0.574219 0.731199

0.570312 0.734461
0.572382 0.734375

0.570312 0.765397
0.570355 0.765625

0.570312 0.765726
0.570347 0.765625

0.570312 0.823702
0.571591 0.824219

0.571075 0.824219
0.570844 0.828125

0.570312 0.828517
0.571437 0.828125

0.570313 0.84375
0.570313 0.847656

0.570312 0.85505
0.571685 0.855469

0.574219 0.856257
0.571675 0.855469

0.578125 0.658477
0.576197 0.660156

0.574219 0.662027
0.57628 0.660156

0.574219 0.688125
0.578125 0.687504

0.574219 0.696069
0.578125 0.696824

0.578125 0.699321
0.577476 0.699219

0.574219 0.729981
0.574361 0.730469

0.574219 0.732057
0.574986 0.730469

0.574219 0.734841
0.574906 0.734375

0.578125 0.760148
0.5766 0.761719

0.578125 0.762631
0.576458 0.761719

0.578104 0.808594
0.5781 0.8125

0.578125 0.812522
0.578086 0.8125

0.574219 0.826476
0.574234 0.824219

0.574219 0.8283
0.574389 0.828125

0.574219 0.85627
0.578125 0.85778

0.582031 0.655297
0.580878 0.65625

0.578125 0.658516
0.580891 0.65625

0.582031 0.671271
0.581168 0.671875

0.582031 0.674329
0.581305 0.671875

0.578125 0.688062
0.581003 0.691406

0.581446 0.691406
0.580443 0.695312

0.578125 0.697163
0.580698 0.695312

0.578125 0.699484
0.580034 0.699219

0.578125 0.734456
0.57821 0.734375

0.578125 0.760011
0.579057 0.761719

0.578125 0.762687
0.579118 0.761719

0.582031 0.784778
0.581738 0.785156

0.582031 0.78639
0.581815 0.785156

0.578186 0.808594
0.5782 0.8125

0.578125 0.812516
0.578228 0.8125

0.578125 0.827549
0.578542 0.828125

0.578125 0.828188
0.578465 0.828125

0.578125 0.85791
0.58177 0.859375

0.582031 0.859482
0.581754 0.859375

0.585938 0.651895
0.585452 0.652344

0.582031 0.65532
0.585516 0.652344

0.582031 0.671306
0.583497 0.671875

0.582031 0.674142
0.583245 0.671875

0.582031 0.695721
0.582197 0.695312

0.582031 0.70124
0.584222 0.699219

0.582031 0.703137
0.585938 0.703128

0.585938 0.722391
0.58574 0.722656

0.585938 0.723675
0.585777 0.722656

0.585938 0.734194
0.584838 0.734375

0.585938 0.73452
0.584883 0.734375

0.582031 0.784899
0.584624 0.785156

0.582031 0.786146
0.584251 0.785156

0.582031 0.859361
0.58207 0.859375

0.582031 0.85972
0.585938 0.861283

0.589844 0.647907
0.589338 0.648438

0.585938 0.651908
0.589451 0.648438

0.585938 0.652837
0.586484 0.652344

0.585938 0.656276
0.58597 0.65625

0.589844 0.694454
0.589427 0.695312

0.585938 0.69877
0.586407 0.699219

0.585938 0.70231
0.586094 0.699219

0.585938 0.703141
0.585956 0.703125

0.585938 0.72246
0.588571 0.722656

0.585938 0.72343
0.588156 0.722656

0.585938 0.73412
0.586024 0.734375

0.585938 0.734584
0.586019 0.734375

0.589844 0.742099
0.589691 0.742188

0.58974 0.742188
0.589829 0.746094

0.589844 0.757812
0.589844 0.761719

0.589844 0.777087
0.588557 0.777344

0.585938 0.779
0.58595 0.78125

0.585938 0.785117
0.585962 0.785156

0.589844 0.808593
0.589681 0.808594

0.589707 0.808594
0.589784 0.8125

0.589844 0.83182
0.589816 0.832031

0.589844 0.832096
0.589803 0.832031

0.585938 0.855461
0.589844 0.855462

0.585938 0.858806
0.587091 0.859375

0.585938 0.861453
0.589844 0.862812

0.59375 0.643614
0.592794 0.644531

0.589844 0.6479
0.593181 0.644531

0.589844 0.653291
0.590749 0.652344

0.589844 0.656286
0.590206 0.65625

0.59375 0.663843
0.592964 0.664062

0.59375 0.666225
0.593114 0.664062

0.589844 0.679687
0.59375 0.679687

0.589844 0.679688
0.59375 0.679688

0.589844 0.693955
0.590253 0.695312

0.589844 0.695522
0.590007 0.695312

0.59375 0.706965
0.593671 0.707031

0.59375 0.708005
0.593706 0.710938

0.59375 0.710998
0.593686 0.710938

0.589844 0.742114
0.590273 0.742188

0.590163 0.742188
0.589848 0.746094

0.589844 0.757812
0.589844 0.761719

0.589844 0.776984
0.589859 0.777344

0.589844 0.777365
0.589862 0.777344

0.59375 0.789031
0.593496 0.789062

0.59375 0.792488
0.592754 0.792969

0.59375 0.793341
0.592765 0.792969

0.589844 0.808582
0.589856 0.808594

0.589846 0.808594
0.589845 0.8125

0.59375 0.820486
0.593729 0.820312

0.589844 0.831878
0.59375 0.831925

0.589844 0.83207
0.59375 0.83206

0.589844 0.862776
0.592063 0.863281

0.59375 0.86363
0.591988 0.863281

0.597656 0.640582
0.59758 0.640625

0.59375 0.643561
0.597656 0.640841

0.59375 0.663793
0.594188 0.664062

0.59375 0.666344
0.594068 0.664062

0.59375 0.706998
0.594505 0.707031

0.59375 0.708922
0.594506 0.710938

0.59375 0.710994
0.595078 0.710938

0.597656 0.72498
0.597636 0.726562

0.597656 0.726586
0.597633 0.726562

0.59375 0.792432
0.594006 0.792969

0.59375 0.79344
0.594043 0.792969

0.597656 0.82021
0.597594 0.820312

0.597656 0.820661
0.59759 0.820312

0.59375 0.832016
0.593752 0.832031

0.59375 0.832057
0.593766 0.832031

0.59375 0.863831
0.597656 0.864295

0.597656 0.640593
0.601562 0.639654

0.601562 0.695183
0.60143 0.695312

0.601562 0.696774
0.601505 0.695312

0.597656 0.707181
0.597665 0.707031

0.597656 0.725426
0.598453 0.726562

0.597656 0.726582
0.598772 0.726562

0.601562 0.738281
0.601562 0.742188

0.601562 0.753139
0.601221 0.753906

0.601562 0.753968
0.601112 0.753906

0.597656 0.773438
0.601562 0.773438

0.597656 0.773438
0.601562 0.773438

0.601562 0.820104
0.600768 0.820312

0.601562 0.821144
0.601092 0.820312

0.601562 0.843615
0.601252 0.84375

0.601562 0.84616
0.60136 0.84375

0.597656 0.864153
0.601562 0.864262

0.601562 0.639862
0.605469 0.639595

0.605469 0.65625
0.605469 0.660156

0.605465 0.671875
0.605461 0.675781

0.605469 0.675787
0.605457 0.675781

0.601562 0.695257
0.602821 0.695312

0.601562 0.696545
0.602611 0.695312

0.605469 0.706855
0.604507 0.707031

0.605469 0.707887
0.604855 0.707031

0.601566 0.738281
0.601566 0.742188

0.601562 0.752967
0.601634 0.753906

0.601562 0.753981
0.601656 0.753906

0.601562 0.820263
0.601637 0.820312

0.601562 0.821616
0.601812 0.820312

0.601562 0.843656
0.601859 0.84375

0.601562 0.846353
0.601813 0.84375

0.601562 0.86431
0.605469 0.864252

0.605469 0.639772
0.609375 0.639406

0.609335 0.65625
0.60937 0.660156

0.605476 0.671875
0.605484 0.675781

0.605469 0.675786
0.605489 0.675781

0.605469 0.70834
0.60565 0.707031

0.605469 0.822321
0.60548 0.820312

0.605469 0.864276
0.609375 0.863911

0.609375 0.639175
0.613281 0.638818

0.613281 0.656225
0.613139 0.65625

0.613281 0.657716
0.613148 0.65625

0.613281 0.701172
0.613281 0.699219

0.613281 0.843609
0.612487 0.84375

0.613281 0.844436
0.612603 0.84375

0.609375 0.863583
0.613281 0.863519

0.613281 0.638894
0.617188 0.638856

0.613281 0.656186
0.613535 0.65625

0.613281 0.658069
0.613448 0.65625

0.617188 0.687542
0.617182 0.6875

0.617186 0.726562
0.616901 0.730469

0.616966 0.730469
0.616678 0.734375

0.616838 0.734375
0.616591 0.738281

0.616773 0.738281
0.616574 0.742188

0.616768 0.742188
0.616627 0.746094

0.61683 0.746094
0.616753 0.75

0.616931 0.75
0.616898 0.753906

0.61683 0.753906
0.61688 0.757812

0.61668 0.757812
0.61679 0.761719

0.616667 0.761719
0.616794 0.765625

0.616634 0.765625
0.6168 0.769531

0.616615 0.769531
0.616837 0.773438

0.616637 0.773438
0.616954 0.777344

0.617188 0.780486
0.616915 0.777344

0.613281 0.843561
0.613471 0.84375

0.613281 0.844552
0.613423 0.84375

0.617188 0.859336
0.61715 0.859375

0.613281 0.86327
0.613545 0.863281

0.613281 0.863827
0.617188 0.864105

0.617188 0.638698
0.621094 0.639142

0.621094 0.683436
0.621024 0.683594

0.621094 0.686954
0.620965 0.6875

0.621094 0.690735
0.620994 0.691406

0.621094 0.694741
0.621028 0.695312

0.621094 0.697735
0.620893 0.699219

0.620871 0.699219
0.620238 0.703125

0.620481 0.703125
0.619843 0.707031

0.620212 0.707031
0.61965 0.710938

0.618979 0.710938
0.618507 0.714844

0.618521 0.714844
0.618072 0.71875

0.618068 0.71875
0.617624 0.722656

0.617594 0.722656
0.617225 0.726562

0.617188 0.726794
0.617201 0.726562

0.617188 0.780354
0.61726 0.78125

0.617326 0.78125
0.617784 0.785156

0.61781 0.785156
0.618293 0.789062

0.618264 0.789062
0.618778 0.792969

0.618741 0.792969
0.619417 0.796875

0.619763 0.796875
0.620489 0.800781

0.620263 0.800781
0.620876 0.804688

0.621094 0.806467
0.620845 0.804688

0.617188 0.859337
0.617267 0.859375

0.617188 0.863271
0.617658 0.863281

0.617188 0.864041
0.621094 0.864171

0.621094 0.638936
0.625 0.64059

0.625 0.677192
0.624599 0.679688

0.62462 0.679688
0.623838 0.683594

0.624171 0.683594
0.623399 0.6875

0.622957 0.6875
0.622242 0.691406

0.622257 0.691406
0.621561 0.695312

0.621094 0.69797
0.621485 0.695312

0.621094 0.806274
0.621462 0.808594

0.62155 0.808594
0.622445 0.8125

0.622408 0.8125
0.623509 0.816406

0.623692 0.816406
0.624761 0.820312

0.625 0.821549
0.624762 0.820312

0.621094 0.864277
0.625 0.864171

0.625165 0.640625
0.628141 0.644531

0.627829 0.644531
0.62874 0.648438

0.628583 0.648438
0.628705 0.652344

0.628754 0.652344
0.628701 0.65625

0.628641 0.65625
0.628308 0.660156

0.62838 0.660156
0.627748 0.664062

0.628014 0.664062
0.627277 0.667969

0.626732 0.667969
0.62601 0.671875

0.626012 0.671875
0.625311 0.675781

0.625 0.677282
0.625226 0.675781

0.625 0.821375
0.625584 0.824219

0.625592 0.824219
0.626635 0.828125

0.626896 0.828125
0.628135 0.832031

0.628906 0.835125
0.628091 0.832031

0.628906 0.847956
0.628615 0.847656

0.625 0.864273
0.628906 0.863516

0.628906 0.835345
0.629039 0.835938

0.629081 0.835938
0.630081 0.839844

0.630086 0.839844
0.631341 0.84375

0.631511 0.84375
0.632683 0.847656

0.632812 0.848321
0.632693 0.847656

0.632812 0.860526
0.629806 0.863281

0.628906 0.86378
0.629879 0.863281

0.632845 0.847656
0.633574 0.851562

0.633679 0.851562
0.634001 0.855469

0.63423 0.855469
0.633469 0.859375

0.632812 0.860707
0.633629 0.859375

