0.484303 0.804688
0.48367 0.808594

0.483667 0.808594
0.48311 0.8125

0.483066 0.8125
0.482679 0.816406

0.482685 0.816406
0.482541 0.820312

0.482586 0.820312
0.482581 0.824219

0.482595 0.824219
0.482609 0.828125

0.482602 0.828125
0.482623 0.832031

0.482654 0.832031
0.482631 0.835938

0.482483 0.835938
0.482649 0.839844

0.48258 0.839844
0.483368 0.84375

0.484375 0.846552
0.483393 0.84375

0.488281 0.785917
0.487519 0.789062

0.487423 0.789062
0.486592 0.792969

0.486597 0.792969
0.486091 0.796875

0.485924 0.796875
0.485184 0.800781

0.485323 0.800781
0.48439 0.804688

0.484375 0.804793
0.48439 0.804688

0.484375 0.845637
0.485145 0.847656

0.485025 0.847656
0.487293 0.851562

0.488281 0.852824
0.487335 0.851562

0.492062 0.773438
0.490885 0.777344

0.490881 0.777344
0.489773 0.78125

0.489745 0.78125
0.48865 0.785156

0.488281 0.786478
0.488592 0.785156

0.488281 0.801234
0.488566 0.800781

0.492188 0.82789
0.491288 0.828125

0.492188 0.828765
0.491355 0.828125

0.488281 0.852572
0.490684 0.855469

0.492188 0.856959
0.49067 0.855469

0.496094 0.763737
0.495354 0.765625

0.495314 0.765625
0.493728 0.769531

0.493648 0.769531
0.492239 0.773438

0.492188 0.773606
0.492234 0.773438

0.492188 0.800781
0.492188 0.804688

0.492188 0.827818
0.492457 0.828125

0.492188 0.828845
0.4924 0.828125

0.496094 0.844642
0.495613 0.84375

0.492188 0.856713
0.49501 0.859375

0.496094 0.860385
0.495035 0.859375

0.5 0.75218
0.499693 0.753906

0.499606 0.753906
0.498637 0.757812

0.498788 0.757812
0.497356 0.761719

0.496094 0.764074
0.497045 0.761719

0.5 0.840647
0.499723 0.839844

0.5 0.844046
0.499678 0.84375

0.496094 0.860318
0.498908 0.863281

0.5 0.864507
0.498941 0.863281

0.503906 0.739319
0.501848 0.742188

0.501903 0.742188
0.500693 0.746094

0.501081 0.746094
0.500377 0.75

0.5 0.752396
0.500416 0.75

0.503906 0.7852
0.503895 0.785156

0.503906 0.797525
0.503854 0.796875

0.503906 0.822365
0.503891 0.824219

0.503906 0.824224
0.503885 0.824219

0.503906 0.835317
0.503235 0.835938

0.503146 0.835938
0.501568 0.839844

0.501275 0.839844
0.503556 0.84375

0.503906 0.844077
0.503421 0.84375

0.5 0.864635
0.502133 0.867188

0.503906 0.869266
0.502063 0.867188

0.507812 0.737283
0.505372 0.738281

0.503906 0.739186
0.505214 0.738281

0.507812 0.769021
0.507154 0.769531

0.507812 0.769894
0.507095 0.769531

0.503906 0.785115
0.507812 0.784943

0.507812 0.785652
0.504708 0.785156

0.507812 0.794641
0.50641 0.796875

0.506642 0.796875
0.50716 0.800781

0.507812 0.801955
0.506843 0.800781

0.503906 0.822376
0.503917 0.824219

0.503906 0.824226
0.503923 0.824219

0.503906 0.83527
0.507812 0.834068

0.503906 0.842759
0.505248 0.84375

0.507812 0.844921
0.504804 0.84375

0.503906 0.869347
0.5057 0.871094

0.507812 0.872913
0.505643 0.871094

0.507812 0.737333
0.511719 0.737399

0.511719 0.757587
0.510839 0.757812

0.511719 0.75882
0.511272 0.757812

0.511719 0.761767
0.511502 0.761719

0.507812 0.768927
0.508107 0.769531

0.507812 0.769926
0.508132 0.769531

0.507812 0.784786
0.507974 0.785156

0.507812 0.789008
0.508125 0.789062

0.511719 0.792678
0.510992 0.792969

0.507812 0.795023
0.51037 0.792969

0.507812 0.800506
0.507879 0.800781

0.507812 0.80133
0.511719 0.804266

0.507812 0.834518
0.511719 0.83549

0.507812 0.844417
0.511719 0.845042

0.507812 0.872997
0.511141 0.875

0.511719 0.875316
0.511147 0.875

0.511719 0.737736
0.513936 0.738281

0.515625 0.738746
0.513977 0.738281

0.511719 0.761128
0.511812 0.757812

0.511719 0.761939
0.512039 0.761719

0.511719 0.792547
0.515625 0.79274

0.511719 0.803934
0.514164 0.804688

0.515625 0.805122
0.513921 0.804688

0.511719 0.83192
0.511843 0.832031

0.511719 0.835419
0.51266 0.835938

0.515625 0.838394
0.512814 0.835938

0.511719 0.845836
0.515625 0.844478

0.515618 0.863281
0.515616 0.867188

0.511719 0.87537
0.515625 0.87704

0.515625 0.738767
0.519531 0.740828

0.515625 0.761637
0.515637 0.761719

0.515625 0.761875
0.515733 0.761719

0.515625 0.792822
0.515914 0.792969

0.519531 0.795603
0.515677 0.792969

0.515625 0.805089
0.519531 0.804981

0.515625 0.820312
0.519531 0.820312

0.515625 0.837931
0.516949 0.839844

0.516883 0.839844
0.516368 0.84375

0.515625 0.845061
0.516914 0.84375

0.515625 0.863281
0.515625 0.867188

0.515625 0.877035
0.519531 0.878555

0.519531 0.741039
0.521084 0.742188

0.523438 0.744071
0.521137 0.742188

0.523438 0.781096
0.522923 0.78125

0.523438 0.783338
0.523133 0.78125

0.519531 0.795823
0.520558 0.796875

0.521111 0.796875
0.522963 0.800781

0.523438 0.801028
0.521204 0.804688

0.519531 0.805832
0.521593 0.804688

0.523438 0.83149
0.523296 0.832031

0.519531 0.835846
0.519712 0.835938

0.519531 0.83969
0.519639 0.839844

0.519531 0.841023
0.519568 0.839844

0.519531 0.874888
0.519651 0.875

0.519531 0.878575
0.520449 0.878906

0.523438 0.880181
0.520089 0.878906

0.523438 0.744259
0.52521 0.746094

0.527344 0.748665
0.525351 0.746094

0.523438 0.784099
0.523628 0.78125

0.523438 0.80179
0.523691 0.800781

0.523438 0.804851
0.523582 0.804688

0.523438 0.824219
0.527344 0.824219

0.523438 0.828108
0.52377 0.828125

0.523438 0.831673
0.525459 0.832031

0.523438 0.832231
0.525823 0.832031

0.523438 0.880339
0.527344 0.882094

0.527344 0.748736
0.528267 0.75

0.528422 0.75
0.530774 0.753906

0.53125 0.754838
0.530776 0.753906

0.527349 0.78125
0.527355 0.785156

0.527344 0.78518
0.527375 0.785156

0.53122 0.804688
0.531226 0.808594

0.53125 0.808634
0.531172 0.808594

0.53125 0.84162
0.529698 0.84375

0.529897 0.84375
0.530545 0.847656

0.53125 0.848605
0.530274 0.847656

0.527344 0.882171
0.528847 0.882812

0.53125 0.883877
0.528765 0.882812

0.53125 0.754765
0.532777 0.757812

0.532921 0.757812
0.534851 0.761719

0.535156 0.76235
0.534863 0.761719

0.53125 0.807956
0.531724 0.808594

0.53125 0.808797
0.53247 0.808594

0.53125 0.841647
0.535156 0.840516

0.53125 0.848165
0.535156 0.849609

0.535156 0.851573
0.535121 0.851562

0.53125 0.878567
0.531651 0.878906

0.53125 0.882604
0.531669 0.882812

0.53125 0.88409
0.535156 0.885953

0.535156 0.762203
0.536778 0.765625

0.536932 0.765625
0.538875 0.769531

0.539062 0.769887
0.538886 0.769531

0.539062 0.773451
0.539054 0.773438

0.539062 0.804602
0.538998 0.804688

0.535156 0.808232
0.535312 0.808594

0.535156 0.809242
0.535405 0.808594

0.539062 0.828125
0.539062 0.832031

0.535156 0.841131
0.538575 0.84375

0.539029 0.84375
0.538709 0.847656

0.535156 0.850018
0.539062 0.847947

0.535156 0.851785
0.535857 0.851562

0.535156 0.886045
0.536785 0.886719

0.539062 0.887644
0.536754 0.886719

0.539062 0.769668
0.540945 0.773438

0.542969 0.777144
0.54109 0.773438

0.539062 0.804292
0.540175 0.804688

0.539062 0.804848
0.539477 0.804688

0.539062 0.813069
0.539632 0.8125

0.539063 0.828125
0.539063 0.832031

0.539216 0.84375
0.539324 0.847656

0.539062 0.848311
0.539504 0.847656

0.542969 0.870574
0.542734 0.871094

0.542969 0.873607
0.542587 0.871094

0.539062 0.887768
0.542969 0.889222

0.542969 0.776951
0.543169 0.777344

0.543204 0.777344
0.545259 0.78125

0.546875 0.784134
0.545386 0.78125

0.542969 0.828178
0.543008 0.828125

0.542969 0.87012
0.546472 0.867188

0.542969 0.873497
0.543332 0.875

0.546875 0.877477
0.543956 0.875

0.542969 0.889201
0.546875 0.890436

0.546875 0.783874
0.54754 0.785156

0.547549 0.785156
0.549721 0.789062

0.550781 0.790797
0.549789 0.789062

0.550781 0.81155
0.550645 0.8125

0.550781 0.812623
0.550609 0.8125

0.550781 0.828038
0.550313 0.828125

0.550781 0.82901
0.550392 0.828125

0.550781 0.8391
0.549661 0.839844

0.550781 0.841809
0.549717 0.839844

0.546875 0.867758
0.550781 0.868389

0.546875 0.877509
0.550781 0.878637

0.546875 0.890521
0.547306 0.890625

0.546875 0.890643
0.550781 0.891655

0.550781 0.790523
0.552173 0.792969

0.552233 0.792969
0.554604 0.796875

0.554688 0.797005
0.554601 0.796875

0.550781 0.811673
0.551141 0.8125

0.550781 0.812609
0.551241 0.8125

0.550781 0.827998
0.550948 0.828125

0.550781 0.8291
0.550892 0.828125

0.550781 0.839035
0.552086 0.839844

0.550781 0.841683
0.551861 0.839844

0.550781 0.868404
0.554561 0.871094

0.554688 0.871252
0.554631 0.871094

0.554688 0.876901
0.551602 0.878906

0.550781 0.879185
0.551826 0.878906

0.550781 0.891741
0.554688 0.892517

0.554688 0.796794
0.55474 0.796875

0.55479 0.796875
0.557313 0.800781

0.558594 0.802613
0.557331 0.800781

0.555095 0.871094
0.555973 0.875

0.554688 0.877542
0.556124 0.875

0.554688 0.893213
0.558594 0.893687

0.558594 0.802369
0.560195 0.804688

0.5625 0.80786
0.560213 0.804688

0.558594 0.893482
0.5625 0.893861

0.5625 0.807702
0.563175 0.808594

0.56321 0.808594
0.566197 0.8125

0.566406 0.812763
0.56619 0.8125

0.566406 0.835938
0.566406 0.839844

0.566406 0.869039
0.565837 0.871094

0.566406 0.872251
0.565931 0.871094

0.5625 0.893633
0.566406 0.894007

0.566406 0.812579
0.569491 0.816406

0.570312 0.817349
0.569501 0.816406

0.566406 0.835938
0.566406 0.839844

0.570312 0.866579
0.568541 0.867188

0.566406 0.868627
0.567618 0.867188

0.566406 0.872015
0.56911 0.875

0.570312 0.875563
0.56919 0.875

0.566406 0.893714
0.570312 0.894187

0.570312 0.817255
0.572968 0.820312

0.574219 0.821674
0.572954 0.820312

0.570312 0.866564
0.572427 0.867188

0.574219 0.868407
0.572568 0.867188

0.574219 0.87435
0.573233 0.875

0.570312 0.875845
0.574219 0.875187

0.570312 0.894136
0.573177 0.894531

0.574219 0.894686
0.57309 0.894531

0.574219 0.821611
0.576714 0.824219

0.578125 0.82563
0.576712 0.824219

0.574219 0.868191
0.575723 0.871094

0.57594 0.871094
0.574535 0.875

0.574219 0.875314
0.574604 0.875

0.574219 0.894723
0.578125 0.895638

0.578125 0.825621
0.580705 0.828125

0.582031 0.829372
0.580716 0.828125

0.578125 0.855448
0.582031 0.855429

0.578125 0.855499
0.582031 0.855554

0.578125 0.867026
0.578304 0.867188

0.578125 0.870421
0.578472 0.871094

0.578125 0.872236
0.578382 0.871094

0.582031 0.886486
0.580493 0.886719

0.582031 0.886786
0.580444 0.886719

0.578125 0.895672
0.582031 0.896916

0.582031 0.829431
0.5849 0.832031

0.585938 0.832943
0.584916 0.832031

0.585938 0.855462
0.585923 0.855469

0.582031 0.855523
0.582117 0.855469

0.582031 0.88648
0.582084 0.886719

0.582031 0.886987
0.582062 0.886719

0.582031 0.894499
0.58209 0.894531

0.582031 0.897045
0.585938 0.898308

0.585938 0.833044
0.589439 0.835938

0.589844 0.836268
0.589447 0.835938

0.589799 0.851562
0.58975 0.855469

0.589844 0.855493
0.589735 0.855469

0.585938 0.890579
0.587014 0.890625

0.585938 0.893929
0.586548 0.894531

0.585938 0.898269
0.586543 0.898438

0.585938 0.898453
0.589844 0.899663

0.589844 0.836394
0.59375 0.839388

0.59375 0.844292
0.593214 0.84375

0.589866 0.851562
0.589875 0.855469

0.59375 0.85549
0.593731 0.855469

0.589844 0.899877
0.59375 0.900824

0.59375 0.839425
0.594296 0.839844

0.597656 0.842346
0.594184 0.839844

0.597656 0.843945
0.59739 0.84375

0.59375 0.863209
0.597656 0.863119

0.59375 0.863359
0.597656 0.863466

0.597656 0.875
0.597656 0.878906

0.597656 0.888842
0.596258 0.890625

0.59646 0.890625
0.597153 0.894531

0.597656 0.894897
0.597571 0.894531

0.59375 0.900947
0.597656 0.901644

0.597656 0.842464
0.599493 0.84375

0.601562 0.845175
0.599495 0.84375

0.601562 0.847695
0.601513 0.847656

0.597656 0.863084
0.597746 0.863281

0.597656 0.863563
0.597737 0.863281

0.597656 0.877
0.597725 0.875

0.597656 0.890261
0.601562 0.890297

0.597656 0.894431
0.598997 0.894531

0.597656 0.895403
0.601562 0.894826

0.597656 0.901556
0.600974 0.902344

0.601562 0.902466
0.600875 0.902344

0.601562 0.845304
0.605206 0.847656

0.605469 0.84795
0.605027 0.847656

0.605469 0.866782
0.604946 0.867188

0.605469 0.867946
0.605352 0.871094

0.605469 0.87473
0.605342 0.875

0.605469 0.87571
0.605455 0.875

0.601562 0.88924
0.6027 0.890625

0.602721 0.890625
0.602151 0.894531

0.601562 0.895117
0.602188 0.894531

0.601562 0.902531
0.605469 0.90317

0.605469 0.847952
0.609375 0.850376

0.605469 0.867112
0.605968 0.867188

0.605469 0.869589
0.60709 0.871094

0.609375 0.874659
0.607555 0.875

0.608633 0.875
0.608878 0.878906

0.609375 0.879151
0.607997 0.878906

0.605469 0.894639
0.605569 0.894531

0.605469 0.903149
0.609375 0.903727

0.609375 0.850531
0.611128 0.851562

0.613281 0.852862
0.611039 0.851562

0.609375 0.874822
0.60956 0.875

0.609469 0.875
0.609483 0.878906

0.609375 0.879263
0.609955 0.878906

0.609375 0.903791
0.613281 0.90422

0.613281 0.852999
0.617188 0.855151

0.613281 0.904143
0.617188 0.904449

0.617188 0.855202
0.617721 0.855469

0.621094 0.857217
0.617583 0.855469

0.621094 0.87719
0.618179 0.878906

0.621094 0.880905
0.618274 0.878906

0.617188 0.904973
0.621094 0.905472

0.621094 0.857338
0.625 0.859272

0.621094 0.877091
0.622565 0.878906

0.621094 0.881068
0.622554 0.878906

0.621094 0.905174
0.625 0.905779

0.625 0.859291
0.625181 0.859375

0.625 0.859447
0.628906 0.861268

0.625 0.878172
0.625307 0.878906

0.625 0.879664
0.625263 0.878906

0.625 0.905598
0.628906 0.906102

0.628906 0.861363
0.632812 0.8631

0.628906 0.906143
0.630048 0.90625

0.632812 0.906553
0.629777 0.90625

0.632812 0.863132
0.633185 0.863281

0.636719 0.86487
0.632927 0.863281

0.636719 0.888882
0.63612 0.890625

0.636719 0.892213
0.636092 0.890625

0.632812 0.906579
0.636719 0.907015

0.636719 0.864959
0.640625 0.866657

0.636719 0.889725
0.640625 0.889985

0.636719 0.891371
0.640625 0.891147

0.636719 0.894688
0.640625 0.894614

0.636719 0.907025
0.640625 0.907436

0.640625 0.866767
0.64175 0.867188

0.644531 0.868334
0.641521 0.867188

0.640625 0.889286
0.64105 0.890625

0.640625 0.891854
0.641073 0.890625

0.640625 0.894694
0.640768 0.894531

0.640625 0.907438
0.644531 0.907799

0.644531 0.868459
0.648438 0.869918

0.644531 0.907812
0.648438 0.908092

0.648438 0.869907
0.652309 0.871094

0.652344 0.871107
0.652294 0.871094

0.652344 0.886667
0.651686 0.886719

0.652344 0.887095
0.651826 0.886719

0.648438 0.908118
0.652344 0.908236

0.652344 0.87121
0.65625 0.872469

0.652344 0.886652
0.652406 0.886719

0.652344 0.887211
0.652393 0.886719

0.652344 0.908148
0.65625 0.908227

0.65625 0.872522
0.660156 0.873923

0.65625 0.909301
0.660156 0.909502

0.660156 0.874052
0.663247 0.875

0.664062 0.875264
0.663111 0.875

0.660156 0.886718
0.664062 0.886718

0.660156 0.886719
0.664062 0.886719

0.660156 0.909283
0.664062 0.909526

0.664062 0.875314
0.667969 0.87646

0.664062 0.909365
0.667969 0.909599

0.667969 0.876495
0.671875 0.877668

0.667969 0.898415
0.671875 0.898412

0.667969 0.898441
0.671875 0.898441

0.667969 0.909376
0.671875 0.909653

0.671875 0.877757
0.675781 0.878791

0.675781 0.878927
0.675679 0.878906

0.671875 0.898403
0.671878 0.898438

0.671875 0.898444
0.67188 0.898438

0.671875 0.909487
0.675781 0.909774

0.675781 0.878812
0.676201 0.878906

0.679688 0.879813
0.676303 0.878906

0.675781 0.909935
0.679688 0.909427

0.679688 0.879744
0.683594 0.88076

0.683066 0.898438
0.680007 0.902344

0.681639 0.902344
0.683225 0.90625

0.679688 0.909622
0.683594 0.908811

0.683594 0.880915
0.6875 0.881739

0.6875 0.894453
0.684739 0.894531

0.683594 0.898041
0.684645 0.898438

0.683594 0.898438
0.68705 0.902344

0.686233 0.902344
0.684302 0.90625

0.683594 0.908747
0.6875 0.909979

0.6875 0.881833
0.691406 0.882659

0.6875 0.894386
0.687572 0.894531

0.6875 0.898384
0.687549 0.898438

0.6875 0.902323
0.687507 0.902344

0.6875 0.902373
0.687504 0.902344

0.6875 0.90983
0.688695 0.910156

0.691406 0.910354
0.689205 0.910156

0.691406 0.882696
0.692108 0.882812

0.695312 0.883474
0.69188 0.882812

0.691406 0.910302
0.695312 0.910527

0.695312 0.883373
0.699219 0.884208

0.695312 0.910508
0.699219 0.910764

0.699219 0.884422
0.703125 0.885113

0.699219 0.910784
0.703125 0.911072

0.703125 0.885042
0.707031 0.885661

0.707031 0.886844
0.706026 0.886719

0.703125 0.911075
0.707031 0.91135

0.707031 0.885667
0.710938 0.886309

0.710938 0.886865
0.709583 0.886719

0.707031 0.911352
0.710938 0.911604

0.710938 0.886361
0.713712 0.886719

0.714844 0.886986
0.71249 0.886719

0.710938 0.911609
0.714844 0.911822

0.714844 0.886755
0.71875 0.887664

0.71875 0.902035
0.71688 0.902344

0.71875 0.903005
0.717101 0.902344

0.714844 0.911826
0.71875 0.911982

0.71875 0.887622
0.722656 0.88838

0.71875 0.901966
0.719002 0.902344

0.71875 0.903198
0.718987 0.902344

0.71875 0.911983
0.722656 0.912071

0.722656 0.888577
0.726562 0.888875

0.722656 0.912071
0.726562 0.912088

0.726562 0.888926
0.730469 0.889344

0.726562 0.912086
0.730469 0.91204

0.730469 0.889359
0.734375 0.889762

0.734375 0.901974
0.733426 0.902344

0.734375 0.903707
0.733583 0.902344

0.730469 0.912034
0.734375 0.911939

0.734375 0.889762
0.738281 0.89012

0.734375 0.898376
0.734509 0.898438

0.734375 0.901953
0.734906 0.902344

0.734375 0.903835
0.734831 0.902344

0.734375 0.911935
0.738281 0.911812

0.738281 0.8901
0.742188 0.890454

0.742188 0.89063
0.742107 0.890625

0.738281 0.911811
0.742188 0.911673

0.742188 0.890472
0.744505 0.890625

0.742188 0.890629
0.746094 0.890874

0.742188 0.911673
0.746094 0.911521

0.746094 0.890776
0.75 0.890915

0.75 0.901759
0.74923 0.902344

0.75 0.904912
0.74951 0.902344

0.746094 0.911506
0.75 0.911372

0.75 0.890731
0.753906 0.891262

0.75 0.901971
0.751429 0.902344

0.75 0.904958
0.751336 0.902344

0.75 0.911341
0.753906 0.911319

0.753906 0.891302
0.757812 0.892105

0.757812 0.894586
0.757642 0.894531

0.753906 0.911393
0.757812 0.911394

0.757812 0.892431
0.761719 0.892734

0.761719 0.894719
0.759582 0.894531

0.761719 0.910025
0.761196 0.910156

0.757812 0.911725
0.761719 0.910948

0.761719 0.892587
0.765625 0.892572

0.761719 0.894576
0.765625 0.894535

0.765625 0.906207
0.765567 0.90625

0.761719 0.909998
0.765625 0.90835

0.761719 0.911059
0.764127 0.910156

0.765625 0.892579
0.769531 0.892578

0.769531 0.894541
0.769444 0.894531

0.769531 0.901774
0.769179 0.902344

0.769531 0.905134
0.766202 0.90625

0.765625 0.908364
0.769531 0.907931

0.769531 0.892601
0.773438 0.892577

0.769531 0.900481
0.773072 0.902344

0.769531 0.905209
0.771509 0.90625

0.769531 0.908643
0.773438 0.909405

0.773438 0.891644
0.777344 0.891371

0.773438 0.909187
0.777344 0.909761

0.777344 0.891772
0.78125 0.891308

0.777344 0.894612
0.777843 0.894531

0.777344 0.909909
0.78125 0.909725

0.78125 0.891523
0.785156 0.891111

0.78125 0.90957
0.785156 0.908846

0.785156 0.891278
0.789062 0.89092

0.785156 0.909279
0.789062 0.908826

0.789062 0.890969
0.792969 0.890744

0.792969 0.901683
0.792879 0.902344

0.789062 0.908345
0.792969 0.907782

0.792969 0.890611
0.793283 0.890625

0.796875 0.890931
0.793186 0.890625

0.796875 0.898337
0.796737 0.898438

0.79654 0.898438
0.794542 0.902344

0.796875 0.905041
0.794094 0.90625

0.792969 0.907719
0.796875 0.906929

0.796875 0.89102
0.800781 0.89187

0.796875 0.898611
0.799091 0.902344

0.796875 0.905767
0.800781 0.906029

0.796875 0.907073
0.800781 0.906604

0.800781 0.891309
0.804688 0.891532

0.804688 0.905486
0.801136 0.90625

0.800781 0.906847
0.803343 0.90625

0.804688 0.891992
0.808594 0.891304

0.804688 0.905239
0.808594 0.902976

0.808594 0.891544
0.8125 0.890645

0.808594 0.902238
0.8125 0.900232

0.808594 0.902886
0.809539 0.902344

0.8125 0.890464
0.816406 0.889353

0.8125 0.890644
0.81258 0.890625

0.8125 0.900211
0.816406 0.899191

0.816406 0.889363
0.820312 0.888048

0.816406 0.899313
0.820312 0.899158

0.824219 0.886677
0.82406 0.886719

0.820312 0.887879
0.824085 0.886719

0.820312 0.899227
0.824219 0.899553

0.824219 0.886271
0.828125 0.885893

0.824219 0.899796
0.828125 0.899981

0.828125 0.885565
0.831571 0.886719

0.832031 0.887556
0.83083 0.886719

0.828125 0.900574
0.832031 0.898949

0.832031 0.887035
0.834223 0.890625

0.835116 0.890625
0.835289 0.894531

0.834273 0.894531
0.832362 0.898438

0.832031 0.899103
0.832689 0.898438

