0.550549 0.867188
0.548896 0.871094

0.549024 0.871094
0.5493 0.875

0.550781 0.878369
0.549585 0.875

0.550781 0.867017
0.554688 0.864283

0.550781 0.878334
0.551002 0.878906

0.551298 0.878906
0.553534 0.882812

0.554688 0.884351
0.553692 0.882812

0.554688 0.864519
0.558594 0.863628

0.554688 0.88435
0.556248 0.886719

0.558594 0.889556
0.556326 0.886719

0.558594 0.863683
0.5625 0.863545

0.558594 0.889595
0.559511 0.890625

0.5625 0.893474
0.559529 0.890625

0.5625 0.863566
0.566406 0.863776

0.5625 0.893529
0.563766 0.894531

0.566406 0.896411
0.563809 0.894531

0.566406 0.863769
0.570312 0.864466

0.570312 0.882871
0.570302 0.882812

0.566406 0.894499
0.56645 0.894531

0.566406 0.896521
0.569763 0.898438

0.570312 0.898756
0.569737 0.898438

0.570312 0.864847
0.574219 0.865673

0.570312 0.882801
0.574219 0.882804

0.570312 0.88285
0.574219 0.882837

0.570312 0.886721
0.571372 0.886719

0.570312 0.89879
0.574219 0.900729

0.574219 0.865523
0.578125 0.866357

0.574219 0.900888
0.577632 0.902344

0.578125 0.902599
0.577479 0.902344

0.578125 0.866527
0.581306 0.867188

0.582031 0.867345
0.581151 0.867188

0.582031 0.886658
0.581973 0.886719

0.582031 0.887247
0.582004 0.886719

0.578125 0.902694
0.582031 0.904063

0.582031 0.867379
0.585938 0.868183

0.582031 0.88669
0.582796 0.886719

0.582031 0.887148
0.582672 0.886719

0.582031 0.904174
0.585938 0.905541

0.585938 0.867918
0.589844 0.868715

0.585938 0.90555
0.588276 0.90625

0.589844 0.906732
0.588125 0.90625

0.589844 0.869037
0.59375 0.869759

0.589844 0.906894
0.59375 0.907854

0.59375 0.869745
0.597656 0.870443

0.59375 0.890582
0.597656 0.890574

0.59375 0.890641
0.597656 0.89065

0.59375 0.907629
0.597656 0.908664

0.597656 0.870476
0.601443 0.871094

0.601562 0.871116
0.601404 0.871094

0.601562 0.894501
0.601523 0.894531

0.601562 0.898324
0.601536 0.898438

0.601562 0.898513
0.601531 0.898438

0.597656 0.9089
0.601562 0.910009

0.601562 0.87119
0.605469 0.871929

0.601562 0.898216
0.605469 0.898084

0.601562 0.898587
0.605469 0.898668

0.601562 0.910057
0.602077 0.910156

0.605469 0.910906
0.601962 0.910156

0.605469 0.871735
0.609375 0.872549

0.609375 0.886707
0.609364 0.886719

0.609375 0.890578
0.609341 0.890625

0.609375 0.894804
0.609123 0.894531

0.605469 0.898595
0.605767 0.898438

0.605469 0.910995
0.609375 0.911791

0.609375 0.872783
0.613281 0.873607

0.613281 0.886436
0.612883 0.886719

0.613281 0.888726
0.61122 0.890625

0.610693 0.890625
0.610347 0.894531

0.613281 0.896794
0.611311 0.894531

0.609375 0.911805
0.613281 0.912359

0.613281 0.87364
0.617188 0.874445

0.617188 0.886559
0.616481 0.886719

0.613281 0.888876
0.617188 0.887647

0.613281 0.896888
0.615742 0.898438

0.617188 0.898842
0.616245 0.898438

0.613281 0.91252
0.617188 0.913282

0.617188 0.874474
0.620247 0.875

0.621094 0.875157
0.620102 0.875

0.617188 0.88667
0.617649 0.886719

0.617188 0.888205
0.621094 0.888635

0.617188 0.898628
0.621094 0.899733

0.617188 0.913167
0.621094 0.914044

0.621094 0.875155
0.625 0.876123

0.621094 0.888922
0.625 0.889881

0.621094 0.8994
0.625 0.900179

0.621094 0.914045
0.621231 0.914062

0.621094 0.914082
0.625 0.914671

0.625 0.875904
0.628906 0.876631

0.625 0.889907
0.628254 0.890625

0.628906 0.890756
0.628104 0.890625

0.625 0.900707
0.628906 0.900805

0.625 0.914661
0.628906 0.915294

0.628906 0.876837
0.632812 0.877375

0.632812 0.891385
0.629296 0.890625

0.628906 0.90092
0.632812 0.900237

0.628906 0.915395
0.632812 0.915889

0.632812 0.877478
0.636719 0.878332

0.632812 0.890626
0.636719 0.893665

0.632812 0.900493
0.636431 0.898438

0.632812 0.915874
0.636719 0.916058

0.636719 0.878473
0.639155 0.878906

0.640625 0.879201
0.638766 0.878906

0.636719 0.893454
0.637443 0.894531

0.637765 0.894531
0.637198 0.898438

0.636719 0.898689
0.636971 0.898438

0.636719 0.915828
0.640625 0.91619

0.640625 0.879145
0.644531 0.879864

0.640625 0.916602
0.644531 0.917333

0.644531 0.879619
0.648438 0.880285

0.644531 0.917158
0.648438 0.917818

0.648438 0.880593
0.652344 0.881161

0.648438 0.917831
0.649775 0.917969

0.652344 0.91827
0.649451 0.917969

0.652344 0.881172
0.65625 0.881768

0.652344 0.918282
0.65625 0.918729

0.65625 0.881801
0.660156 0.882338

0.65625 0.918753
0.660156 0.91917

0.660156 0.882331
0.664062 0.882757

0.664062 0.906298
0.662941 0.910156

0.664062 0.911037
0.663627 0.910156

0.660156 0.919091
0.664062 0.91959

0.664062 0.88277
0.664541 0.882812

0.667969 0.883237
0.664318 0.882812

0.667969 0.905972
0.667052 0.90625

0.664062 0.907043
0.664796 0.90625

0.664062 0.911521
0.66666 0.914062

0.667969 0.91432
0.667591 0.914062

0.664062 0.919811
0.667969 0.920926

0.667969 0.883132
0.671875 0.88387

0.667969 0.906077
0.671875 0.906161

0.667969 0.906263
0.671875 0.906344

0.671875 0.914898
0.66822 0.914062

0.667969 0.921308
0.671505 0.921875

0.671875 0.922321
0.669487 0.921875

0.671875 0.883632
0.675781 0.884245

0.675781 0.898063
0.672312 0.898438

0.671875 0.899824
0.673526 0.898438

0.671875 0.906139
0.672507 0.90625

0.671875 0.906419
0.675781 0.907349

0.671875 0.914161
0.675781 0.917662

0.675781 0.920442
0.674826 0.921875

0.671875 0.922793
0.674841 0.921875

0.675781 0.884664
0.679688 0.884928

0.675781 0.897732
0.676118 0.898438

0.675781 0.898716
0.675861 0.898438

0.675781 0.907168
0.679688 0.908935

0.675781 0.917571
0.67599 0.917969

0.676492 0.917969
0.675808 0.921875

0.675781 0.921898
0.675804 0.921875

0.679688 0.884861
0.683594 0.885171

0.679688 0.908876
0.681385 0.910156

0.683594 0.912585
0.681226 0.910156

0.683594 0.885227
0.6875 0.885605

0.683594 0.912525
0.684714 0.914062

0.683823 0.914062
0.687408 0.917969

0.6875 0.918008
0.687449 0.917969

0.6875 0.885608
0.691406 0.885937

0.6875 0.91814
0.691406 0.919816

0.691406 0.885925
0.695312 0.886219

0.695249 0.898438
0.695223 0.902344

0.691406 0.919643
0.695312 0.920109

0.695312 0.886214
0.699219 0.886508

0.695312 0.900529
0.695329 0.902344

0.695312 0.902362
0.695333 0.902344

0.695312 0.919736
0.699219 0.920087

0.699219 0.886542
0.702076 0.886719

0.703125 0.886792
0.701791 0.886719

0.703125 0.905985
0.703047 0.90625

0.703125 0.906487
0.703027 0.90625

0.699219 0.920558
0.703125 0.921226

0.703125 0.886828
0.707031 0.887014

0.703125 0.906049
0.706529 0.90625

0.703125 0.906411
0.706453 0.90625

0.703125 0.921089
0.707031 0.921581

0.707031 0.886892
0.710938 0.887101

0.707031 0.921483
0.710938 0.921728

0.710938 0.887017
0.714844 0.887563

0.710938 0.921674
0.714844 0.921819

0.714844 0.887073
0.71875 0.887029

0.71875 0.901786
0.718249 0.902344

0.71875 0.903369
0.718331 0.902344

0.714844 0.921811
0.717838 0.921875

0.71875 0.921893
0.717639 0.921875

0.71875 0.886987
0.722656 0.887156

0.71875 0.901889
0.719937 0.902344

0.71875 0.903293
0.719883 0.902344

0.71875 0.9219
0.722656 0.921963

0.722656 0.887481
0.726562 0.887824

0.722656 0.921965
0.726562 0.922016

0.726562 0.887837
0.730469 0.887338

0.730047 0.902344
0.728034 0.90625

0.728546 0.90625
0.730236 0.910156

0.730469 0.910197
0.730429 0.910156

0.726562 0.922016
0.730469 0.922052

0.730469 0.887509
0.734375 0.88711

0.734375 0.901884
0.73183 0.902344

0.730469 0.90319
0.732031 0.902344

0.734375 0.912839
0.730945 0.910156

0.730469 0.922052
0.734375 0.922071

0.734375 0.886941
0.738281 0.887106

0.734375 0.898059
0.735478 0.898438

0.734375 0.901857
0.736678 0.902344

0.738281 0.903492
0.734451 0.902344

0.734375 0.91306
0.737022 0.914062

0.738281 0.91436
0.737197 0.914062

0.734375 0.922071
0.738281 0.922076

0.738281 0.887263
0.742188 0.887995

0.738281 0.903498
0.742188 0.905965

0.738281 0.914584
0.742188 0.91415

0.738281 0.922075
0.742188 0.922065

0.742188 0.887599
0.746094 0.888085

0.742188 0.905944
0.742541 0.90625

0.743293 0.90625
0.745246 0.910156

0.745587 0.910156
0.74307 0.914062

0.742188 0.914171
0.742383 0.914062

0.742188 0.922065
0.746094 0.92204

0.746094 0.888843
0.75 0.888522

0.746094 0.890847
0.75 0.890733

0.746094 0.922041
0.75 0.921997

0.75 0.8882
0.753906 0.887339

0.75 0.891026
0.75083 0.890625

0.75 0.895958
0.751986 0.894531

0.75 0.921998
0.753906 0.921932

0.753906 0.887446
0.757812 0.886757

0.757812 0.921832
0.756076 0.921875

0.753906 0.921928
0.756424 0.921875

0.761719 0.886413
0.75825 0.886719

0.757812 0.886753
0.758218 0.886719

0.757812 0.921804
0.761719 0.921754

0.761719 0.8864
0.765625 0.886077

0.761719 0.886737
0.762108 0.886719

0.761719 0.890744
0.761962 0.890625

0.765625 0.902344
0.765625 0.90625

0.765625 0.92166
0.761969 0.921875

0.765625 0.886072
0.769531 0.885801

0.769531 0.905584
0.769414 0.90625

0.765625 0.921584
0.769531 0.921153

0.769531 0.885811
0.773438 0.885583

0.769531 0.902343
0.769587 0.902344

0.769531 0.905831
0.773438 0.90623

0.769531 0.90636
0.773438 0.906289

0.769531 0.917964
0.769631 0.917969

0.769531 0.921518
0.773438 0.921584

0.773438 0.88563
0.777344 0.885307

0.773438 0.886832
0.775252 0.886719

0.773438 0.890639
0.777344 0.890642

0.773438 0.906026
0.773474 0.90625

0.773438 0.906327
0.773481 0.90625

0.773438 0.921455
0.777344 0.921642

0.777344 0.885226
0.78125 0.88488

0.777344 0.886722
0.777379 0.886719

0.777344 0.890644
0.777347 0.890625

0.777344 0.92165
0.78125 0.921001

0.785156 0.59998
0.783239 0.601562

0.783309 0.601562
0.782131 0.605469

0.783107 0.605469
0.784971 0.609375

0.78125 0.884975
0.785156 0.88461

0.78125 0.920998
0.785156 0.92027

0.785156 0.600294
0.789062 0.600033

0.785156 0.608998
0.785367 0.609375

0.789062 0.613114
0.785473 0.609375

0.785156 0.884379
0.789062 0.883566

0.785156 0.886819
0.785486 0.886719

0.789062 0.905938
0.788839 0.90625

0.789062 0.91772
0.78562 0.917969

0.785156 0.91997
0.789062 0.919819

0.789062 0.600718
0.790627 0.601562

0.792969 0.603105
0.790596 0.601562

0.789062 0.612854
0.789538 0.613281

0.792969 0.616399
0.789534 0.613281

0.792969 0.882702
0.792409 0.882812

0.789062 0.883632
0.792492 0.882812

0.789062 0.906132
0.792969 0.906233

0.789062 0.909741
0.792969 0.90999

0.789062 0.910687
0.791172 0.910156

0.789062 0.917824
0.792969 0.917966

0.789062 0.919818
0.792969 0.919876

0.792969 0.60333
0.795068 0.605469

0.796875 0.607875
0.794969 0.605469

0.792969 0.61637
0.79383 0.617188

0.796875 0.620309
0.793821 0.617188

0.792969 0.882695
0.796875 0.881788

0.792969 0.921283
0.796875 0.921375

0.796875 0.60798
0.797937 0.609375

0.800781 0.61302
0.797887 0.609375

0.796875 0.620281
0.797615 0.621094

0.800781 0.624759
0.79762 0.621094

0.796875 0.881667
0.800781 0.880757

0.800781 0.888672
0.800781 0.886719

0.800781 0.906075
0.800685 0.90625

0.800363 0.90625
0.800551 0.910156

0.796875 0.921743
0.800781 0.921738

0.800781 0.612933
0.801088 0.613281

0.804688 0.617015
0.801083 0.613281

0.800781 0.624655
0.801068 0.625

0.801071 0.625
0.804247 0.628906

0.804688 0.629287
0.804374 0.628906

0.800781 0.880701
0.804688 0.879638

0.804688 0.900761
0.803355 0.902344

0.804033 0.902344
0.801201 0.90625

0.800781 0.909931
0.800807 0.910156

0.804688 0.913316
0.800919 0.910156

0.800781 0.921555
0.804688 0.921522

0.804688 0.616945
0.804942 0.617188

0.808594 0.620502
0.804941 0.617188

0.804688 0.629282
0.807443 0.632812

0.808594 0.634182
0.807535 0.632812

0.808594 0.878471
0.807046 0.878906

0.804688 0.879637
0.80718 0.878906

0.808594 0.89407
0.804875 0.894531

0.804688 0.898073
0.808594 0.897784

0.804688 0.900438
0.808594 0.900207

0.804688 0.902351
0.804781 0.902344

0.804688 0.912986
0.808458 0.914062

0.804688 0.921021
0.808594 0.921208

0.808594 0.620508
0.809246 0.621094

0.8125 0.623973
0.80925 0.621094

0.808594 0.634134
0.810532 0.636719

0.8125 0.639437
0.810578 0.636719

0.808594 0.878342
0.8125 0.877145

0.808594 0.893793
0.809164 0.894531

0.808594 0.897419
0.809252 0.898438

0.808594 0.900602
0.81018 0.902344

0.8125 0.90603
0.809419 0.902344

0.8125 0.913444
0.810582 0.914062

0.808594 0.92083
0.8125 0.921181

0.8125 0.624
0.813594 0.625

0.816406 0.627623
0.813598 0.625

0.8125 0.639242
0.813491 0.640625

0.81351 0.640625
0.816122 0.644531

0.816406 0.644726
0.816276 0.644531

0.8125 0.877095
0.816406 0.875705

0.8125 0.906017
0.812659 0.90625

0.812794 0.90625
0.814875 0.910156

0.816093 0.910156
0.814013 0.914062

0.8125 0.921667
0.816406 0.919611

0.816406 0.627601
0.81774 0.628906

0.820312 0.631624
0.817743 0.628906

0.816406 0.644716
0.818769 0.648438

0.820312 0.650823
0.818892 0.648438

0.820312 0.874075
0.817941 0.875

0.816406 0.875675
0.818166 0.875

0.816406 0.913987
0.820312 0.912749

0.818657 0.914062
0.816488 0.917969

0.816406 0.919916
0.817723 0.917969

0.820312 0.631495
0.821492 0.632812

0.824219 0.636369
0.821503 0.632812

0.820312 0.650618
0.82134 0.652344

0.821375 0.652344
0.823596 0.65625

0.824219 0.657221
0.823699 0.65625

0.820312 0.874034
0.824219 0.872182

0.824219 0.890417
0.823918 0.890625

0.82385 0.890625
0.821056 0.894531

0.821003 0.894531
0.821847 0.898438

0.824219 0.900333
0.822584 0.898438

0.820312 0.912438
0.824219 0.910586

0.824219 0.636111
0.824667 0.636719

0.824669 0.636719
0.827038 0.640625

0.828125 0.64283
0.827132 0.640625

0.824219 0.657118
0.825819 0.660156

0.825957 0.660156
0.827995 0.664062

0.828125 0.869941
0.825985 0.871094

0.824219 0.872139
0.826211 0.871094

0.824219 0.890316
0.828125 0.889869

0.824219 0.900822
0.826706 0.902344

0.828125 0.902946
0.826553 0.902344

0.824219 0.910784
0.828125 0.910263

0.828125 0.642662
0.828925 0.644531

0.828951 0.644531
0.830501 0.648438

0.830532 0.648438
0.831917 0.652344

0.832031 0.652635
0.831935 0.652344

0.828125 0.664054
0.828129 0.664062

0.82813 0.664062
0.830072 0.667969

0.832031 0.671766
0.8302 0.667969

0.828125 0.869821
0.832031 0.867327

0.828125 0.8899
0.829588 0.890625

0.832031 0.893105
0.829094 0.890625

0.832031 0.902167
0.831696 0.902344

0.828125 0.903074
0.832031 0.902376

0.828125 0.910439
0.832031 0.910499

0.832031 0.652615
0.833516 0.65625

0.833425 0.65625
0.835875 0.660156

0.835938 0.660177
0.83592 0.660156

0.832031 0.671485
0.832216 0.671875

0.832222 0.671875
0.834068 0.675781

0.835938 0.679651
0.834191 0.675781

0.832031 0.867187
0.835938 0.864302

0.832031 0.867326
0.832222 0.867188

0.832031 0.893017
0.833068 0.894531

0.832795 0.894531
0.833682 0.898438

0.83448 0.898438
0.832349 0.902344

0.832031 0.902366
0.832063 0.902344

0.832031 0.910583
0.835938 0.910703

0.835938 0.660182
0.839844 0.663806

0.835938 0.679352
0.836083 0.679688

0.836088 0.679688
0.837813 0.683594

0.83793 0.683594
0.839611 0.6875

0.839844 0.687859
0.839707 0.6875

0.839844 0.860749
0.836988 0.863281

0.835938 0.864288
0.837121 0.863281

0.835938 0.910794
0.839844 0.910626

0.839844 0.663553
0.84056 0.664062

0.84375 0.666274
0.840577 0.664062

0.839844 0.687788
0.8413 0.691406

0.841422 0.691406
0.843043 0.695312

0.84375 0.697187
0.843069 0.695312

0.84375 0.856722
0.841239 0.859375

0.839844 0.860737
0.841233 0.859375

0.84375 0.909847
0.842377 0.910156

0.839844 0.910653
0.842672 0.910156

0.84375 0.666027
0.846075 0.667969

0.847656 0.669865
0.846051 0.667969

0.84375 0.696978
0.844585 0.699219

0.844597 0.699219
0.846017 0.703125

0.846131 0.703125
0.847303 0.707031

0.847656 0.707806
0.847432 0.707031

0.847656 0.852022
0.845 0.855469

0.84375 0.856713
0.844863 0.855469

0.847656 0.871082
0.847592 0.871094

0.847609 0.871094
0.847626 0.875

0.84375 0.909659
0.847656 0.908052

0.847656 0.669533
0.849239 0.671875

0.84916 0.671875
0.850878 0.675781

0.851562 0.678637
0.850709 0.675781

0.847656 0.707745
0.848672 0.710938

0.848585 0.710938
0.849575 0.714844

0.849638 0.714844
0.850437 0.71875

0.851562 0.722524
0.850629 0.71875

0.851562 0.845781
0.850658 0.847656

0.85054 0.847656
0.848121 0.851562

0.847656 0.852017
0.847998 0.851562

0.847656 0.871077
0.847688 0.871094

0.847677 0.871094
0.84767 0.875

0.851562 0.906163
0.851355 0.90625

0.847656 0.907855
0.851391 0.90625

0.851562 0.6785
0.851888 0.679688

0.851922 0.679688
0.853173 0.683594

0.853231 0.683594
0.854834 0.6875

0.855469 0.688585
0.854996 0.6875

0.851562 0.722274
0.851644 0.722656

0.851655 0.722656
0.852767 0.726562

0.852522 0.726562
0.853309 0.730469

0.853499 0.730469
0.854078 0.734375

0.854277 0.734375
0.855045 0.738281

0.855469 0.741141
0.855012 0.738281

0.855469 0.836649
0.854449 0.839844

0.854369 0.839844
0.852668 0.84375

0.851562 0.845876
0.85256 0.84375

0.855418 0.859375
0.855406 0.863281

0.855469 0.863287
0.855385 0.863281

0.855469 0.894492
0.855424 0.894531

0.855469 0.896344
0.85544 0.898438

0.851562 0.90602
0.855469 0.904196

0.855469 0.688422
0.856774 0.691406

0.856872 0.691406
0.858782 0.695312

0.859375 0.696422
0.858896 0.695312

0.855469 0.74085
0.855681 0.742188

0.855699 0.742188
0.85668 0.746094

0.856379 0.746094
0.856988 0.75

0.857323 0.75
0.857548 0.753906

0.85758 0.753906
0.858043 0.757812

0.858086 0.757812
0.858637 0.761719

0.858648 0.761719
0.859182 0.765625

0.859375 0.766898
0.859202 0.765625

0.859375 0.819139
0.859257 0.820312

0.859203 0.820312
0.858604 0.824219

0.858621 0.824219
0.857883 0.828125

0.857922 0.828125
0.856933 0.832031

0.856795 0.832031
0.855702 0.835938

0.855469 0.836976
0.855757 0.835938

0.855475 0.859375
0.855476 0.863281

0.855469 0.863293
0.855483 0.863281

0.859375 0.882481
0.859264 0.882812

0.859375 0.883067
0.859152 0.882812

0.859375 0.894523
0.858823 0.894531

0.859375 0.897562
0.858501 0.898438

0.859375 0.902225
0.859129 0.902344

0.855469 0.904088
0.859149 0.902344

0.859375 0.695926
0.86075 0.699219

0.860966 0.699219
0.862427 0.703125

0.863281 0.706652
0.862236 0.703125

0.863281 0.708392
0.862972 0.707031

0.863281 0.711923
0.863018 0.710938

0.859375 0.766937
0.859815 0.769531

0.859819 0.769531
0.860769 0.773438

0.861131 0.773438
0.861608 0.777344

0.861381 0.777344
0.861359 0.78125

0.861351 0.78125
0.861333 0.785156

0.861315 0.785156
0.861354 0.789062

0.861356 0.789062
0.861482 0.792969

0.86148 0.792969
0.861503 0.796875

0.861486 0.796875
0.861371 0.800781

0.861395 0.800781
0.86132 0.804688

0.860595 0.804688
0.860211 0.808594

0.860681 0.808594
0.859979 0.8125

0.86013 0.8125
0.859598 0.816406

0.859375 0.819907
0.859732 0.816406

0.863281 0.880127
0.863196 0.882812

0.863281 0.88302
0.863002 0.882812

0.863281 0.898187
0.862929 0.898438

0.859375 0.902188
0.863281 0.89993

0.863281 0.706097
0.863529 0.707031

0.863547 0.707031
0.864634 0.710938

0.864652 0.710938
0.865708 0.714844

0.865709 0.714844
0.86677 0.71875

0.867188 0.720244
0.866815 0.71875

0.863281 0.772542
0.863717 0.773438

0.863281 0.775756
0.863455 0.777344

0.863281 0.793289
0.863678 0.796875

0.863281 0.798602
0.863594 0.796875

0.867188 0.835657
0.866974 0.835938

0.866984 0.835938
0.86598 0.839844

0.867188 0.84301
0.86581 0.839844

0.867188 0.857692
0.864428 0.859375

0.864788 0.859375
0.867009 0.863281

0.863281 0.878856
0.864226 0.878906

0.863665 0.878906
0.863379 0.882812

0.867188 0.896594
0.865012 0.898438

0.863281 0.900029
0.865376 0.898438

0.867188 0.719863
0.867914 0.722656

0.868095 0.722656
0.869008 0.726562

0.869709 0.726562
0.870223 0.730469

0.871015 0.730469
0.871013 0.734375

0.870316 0.734375
0.86999 0.738281

0.869129 0.738281
0.868727 0.742188

0.868488 0.742188
0.868355 0.746094

0.868069 0.746094
0.869258 0.75

0.871094 0.752551
0.869266 0.75

0.867188 0.771539
0.867683 0.773438

0.871094 0.792928
0.871048 0.792969

0.871094 0.793206
0.869682 0.796875

0.871094 0.800198
0.869764 0.796875

0.87107 0.808594
0.871072 0.8125

0.867188 0.835393
0.871094 0.83349

0.867188 0.843421
0.867798 0.84375

0.871094 0.844246
0.868005 0.84375

0.867188 0.857738
0.869796 0.859375

0.869514 0.859375
0.867353 0.863281

0.867188 0.867188
0.871094 0.867188

0.871094 0.892146
0.869245 0.894531

0.867188 0.896707
0.869253 0.894531

0.871094 0.751788
0.872803 0.753906

0.875 0.756144
0.872891 0.753906

0.871094 0.792774
0.875 0.79211

0.871094 0.79313
0.871478 0.792969

0.871094 0.800762
0.871174 0.800781

0.871094 0.801066
0.875 0.801237

0.871094 0.804694
0.87115 0.804688

0.871118 0.808594
0.871111 0.8125

0.871094 0.833338
0.875 0.835627

0.875 0.837607
0.874505 0.835938

0.875 0.840105
0.871414 0.84375

0.871094 0.84395
0.871485 0.84375

0.871094 0.858629
0.871501 0.859375

0.871094 0.860095
0.871241 0.859375

0.875 0.88639
0.874768 0.886719

0.874785 0.886719
0.872182 0.890625

0.871094 0.892094
0.872159 0.890625

0.875 0.756092
0.876621 0.757812

0.878906 0.760617
0.87664 0.757812

0.875 0.791989
0.876636 0.792969

0.876251 0.792969
0.877828 0.796875

0.875 0.800402
0.877157 0.796875

0.875 0.804742
0.875043 0.804688

0.875044 0.808594
0.875013 0.8125

0.875 0.835722
0.875133 0.835938

0.875055 0.835938
0.875315 0.839844

0.875 0.839972
0.875065 0.839844

0.878906 0.874004
0.878808 0.875

0.878906 0.880862
0.877862 0.882812

0.875 0.886645
0.877543 0.882812

0.878906 0.759759
0.88037 0.761719

0.88032 0.761719
0.882065 0.765625

0.881728 0.765625
0.882649 0.769531

0.882812 0.770795
0.882662 0.769531

0.882812 0.791917
0.882549 0.792969

0.882812 0.794514
0.8823 0.792969

0.882812 0.800785
0.882778 0.800781

0.882812 0.851185
0.8825 0.851562

0.882534 0.851562
0.880457 0.855469

0.8805 0.855469
0.879753 0.859375

0.879799 0.859375
0.88017 0.863281

0.881174 0.863281
0.881865 0.867188

0.882328 0.867188
0.882409 0.871094

0.882046 0.871094
0.881692 0.875

0.881154 0.875
0.880167 0.878906

0.878906 0.881144
0.880015 0.878906

0.882812 0.770288
0.883154 0.773438

0.88317 0.773438
0.883436 0.777344

0.883377 0.777344
0.883561 0.78125

0.883512 0.78125
0.883828 0.785156

0.883862 0.785156
0.884343 0.789062

0.88449 0.789062
0.884808 0.792969

0.885165 0.792969
0.885788 0.796875

0.885454 0.796875
0.886384 0.800781

0.886719 0.803899
0.886373 0.800781

0.886719 0.80667
0.886644 0.804688

0.886719 0.846821
0.886321 0.847656

0.886162 0.847656
0.883333 0.851562

0.882812 0.851722
0.882914 0.851562

0.886719 0.805793
0.886852 0.808594

0.886891 0.808594
0.887143 0.8125

0.887143 0.8125
0.887381 0.816406

0.887371 0.816406
0.887616 0.820312

0.88756 0.820312
0.887941 0.824219

0.888008 0.824219
0.888502 0.828125

0.889689 0.828125
0.889921 0.832031

0.890205 0.832031
0.890144 0.835938

0.888647 0.835938
0.888586 0.839844

0.888894 0.839844
0.8883 0.84375

0.886719 0.847438
0.888276 0.84375

