0.429688 0.577687
0.429612 0.578125

0.429613 0.578125
0.428916 0.582031

0.428861 0.582031
0.428134 0.585938

0.427789 0.585938
0.427833 0.589844

0.429688 0.593643
0.427299 0.589844

0.433594 0.565324
0.43323 0.566406

0.433055 0.566406
0.431732 0.570312

0.431546 0.570312
0.430369 0.574219

0.429688 0.577762
0.43047 0.574219

0.429688 0.593123
0.431206 0.59375

0.433594 0.59431
0.429786 0.59375

0.4375 0.555332
0.436359 0.558594

0.436047 0.558594
0.434496 0.5625

0.433594 0.565408
0.434625 0.5625

0.4375 0.591305
0.434066 0.59375

0.433594 0.59398
0.434127 0.59375

0.441406 0.543507
0.440455 0.546875

0.440407 0.546875
0.439216 0.550781

0.439207 0.550781
0.437908 0.554688

0.4375 0.555534
0.43778 0.554688

0.441406 0.579784
0.441041 0.582031

0.441156 0.582031
0.440182 0.585938

0.440341 0.585938
0.438465 0.589844

0.4375 0.591169
0.438564 0.589844

0.445312 0.534281
0.444841 0.535156

0.444667 0.535156
0.442977 0.539062

0.442999 0.539062
0.44166 0.542969

0.441406 0.543583
0.441568 0.542969

0.445312 0.565606
0.445096 0.566406

0.444979 0.566406
0.443768 0.570312

0.443633 0.570312
0.442592 0.574219

0.442668 0.574219
0.441822 0.578125

0.441406 0.580042
0.441727 0.578125

0.449219 0.528023
0.447201 0.53125

0.445312 0.53431
0.447001 0.53125

0.449219 0.554161
0.449052 0.554688

0.448963 0.554688
0.447645 0.558594

0.447577 0.558594
0.446273 0.5625

0.445312 0.565684
0.446231 0.5625

0.453125 0.522362
0.452485 0.523438

0.452286 0.523438
0.449827 0.527344

0.449219 0.528238
0.449809 0.527344

0.453125 0.544826
0.452254 0.546875

0.452317 0.546875
0.45066 0.550781

0.449219 0.554236
0.450416 0.550781

0.457031 0.515871
0.454845 0.519531

0.453125 0.522378
0.454768 0.519531

0.457031 0.537567
0.456237 0.539062

0.456241 0.539062
0.45423 0.542969

0.453125 0.544972
0.453988 0.542969

0.460938 0.510838
0.460146 0.511719

0.460066 0.511719
0.457204 0.515625

0.457031 0.51589
0.4572 0.515625

0.460938 0.531008
0.460801 0.53125

0.460713 0.53125
0.458538 0.535156

0.457031 0.537635
0.45835 0.535156

0.464844 0.507205
0.46417 0.507812

0.460938 0.510856
0.463976 0.507812

0.464844 0.524387
0.4631 0.527344

0.460938 0.531017
0.462981 0.527344

0.46875 0.503872
0.468715 0.503906

0.464844 0.507258
0.468489 0.503906

0.46875 0.518918
0.468283 0.519531

0.468225 0.519531
0.465608 0.523438

0.464844 0.524492
0.465492 0.523438

0.472656 0.499074
0.472103 0.5

0.46875 0.503877
0.472016 0.5

0.472656 0.514228
0.471403 0.515625

0.46875 0.518915
0.471309 0.515625

0.476562 0.491058
0.475946 0.492188

0.476091 0.492188
0.474238 0.496094

0.472656 0.499082
0.474308 0.496094

0.476562 0.510305
0.475073 0.511719

0.472656 0.514221
0.475078 0.511719

0.480469 0.486035
0.478217 0.488281

0.476562 0.49108
0.478347 0.488281

0.480469 0.5069
0.479374 0.507812

0.476562 0.510319
0.479491 0.507812

0.484375 0.483847
0.483316 0.484375

0.480469 0.486108
0.483332 0.484375

0.484375 0.503807
0.484245 0.503906

0.480469 0.506897
0.484375 0.503943

0.484375 0.483933
0.488281 0.482539

0.484375 0.503807
0.488281 0.501043

0.488281 0.482571
0.492188 0.481076

0.492188 0.498291
0.489549 0.5

0.488281 0.500923
0.48965 0.5

0.496094 0.479181
0.493307 0.480469

0.492188 0.481043
0.493478 0.480469

0.496094 0.495683
0.495461 0.496094

0.492188 0.498268
0.495688 0.496094

0.496094 0.478945
0.5 0.476947

0.496094 0.495687
0.5 0.493184

0.503906 0.475182
0.50028 0.476562

0.5 0.476704
0.500361 0.476562

0.503906 0.490527
0.501151 0.492188

0.5 0.493034
0.501353 0.492188

0.503906 0.474948
0.507812 0.473577

0.507812 0.488111
0.507503 0.488281

0.503906 0.490429
0.507785 0.488281

0.511719 0.47256
0.511363 0.472656

0.507812 0.473787
0.511484 0.472656

0.507812 0.488114
0.511719 0.48618

0.511719 0.472542
0.515625 0.471276

0.515625 0.484251
0.51532 0.484375

0.511719 0.486058
0.515578 0.484375

0.515625 0.471162
0.519531 0.469473

0.515625 0.484253
0.519531 0.482723

0.523438 0.467468
0.520449 0.46875

0.519531 0.469423
0.521068 0.46875

0.519531 0.482677
0.523438 0.481101

0.523438 0.467168
0.527344 0.465701

0.527344 0.47935
0.524697 0.480469

0.523438 0.481103
0.525016 0.480469

0.527344 0.465895
0.53125 0.464929

0.527344 0.479139
0.53125 0.477324

0.535156 0.464306
0.532405 0.464844

0.53125 0.465031
0.532382 0.464844

0.535156 0.475667
0.532765 0.476562

0.53125 0.477313
0.533239 0.476562

0.535156 0.464319
0.539062 0.463011

0.535156 0.475733
0.539062 0.474571

0.542969 0.460461
0.541879 0.460938

0.539062 0.462937
0.542969 0.461218

0.539062 0.474421
0.542969 0.473757

0.542969 0.460508
0.546875 0.459469

0.542969 0.460999
0.543175 0.460938

0.542969 0.473796
0.546875 0.473261

0.546875 0.45966
0.550781 0.459399

0.546875 0.473266
0.550781 0.472772

0.550781 0.45951
0.554688 0.459425

0.554688 0.472158
0.551315 0.472656

0.550781 0.472729
0.5514 0.472656

0.554688 0.45942
0.558594 0.4593

0.554688 0.472219
0.558594 0.471453

0.558594 0.459286
0.5625 0.45917

0.558594 0.471838
0.5625 0.471344

0.5625 0.459168
0.566406 0.45909

0.5625 0.472111
0.566406 0.472

0.566406 0.459059
0.570312 0.459086

0.566406 0.470682
0.570312 0.470699

0.570312 0.459073
0.574219 0.459294

0.570312 0.471227
0.574219 0.471764

0.574219 0.459325
0.578125 0.459705

0.574219 0.47145
0.578125 0.472266

0.578125 0.459744
0.582031 0.460146

0.578125 0.472138
0.582031 0.472638

0.582031 0.460148
0.585938 0.460493

0.582031 0.472524
0.583407 0.472656

0.585938 0.473139
0.582154 0.472656

0.585938 0.460496
0.589844 0.460775

0.585938 0.473204
0.589844 0.473794

0.589844 0.460781
0.592968 0.460938

0.59375 0.46099
0.59251 0.460938

0.589844 0.473812
0.59375 0.474301

0.59375 0.460998
0.597656 0.4612

0.59375 0.474338
0.597656 0.474618

0.597656 0.461128
0.601562 0.461312

0.597656 0.475084
0.601562 0.475646

0.601562 0.46119
0.605469 0.46134

0.601562 0.475248
0.605469 0.476147

0.605469 0.461238
0.609375 0.461386

0.605469 0.476055
0.608349 0.476562

0.609375 0.476847
0.607634 0.476562

0.609375 0.4613
0.613281 0.46147

0.609375 0.476879
0.613281 0.477616

0.613281 0.461432
0.617188 0.461785

0.613281 0.477658
0.617188 0.478319

0.617188 0.461671
0.621094 0.462148

0.621094 0.464974
0.620267 0.464844

0.617188 0.478509
0.621094 0.47952

0.621094 0.462695
0.625 0.46312

0.621094 0.479434
0.624578 0.480469

0.625 0.480559
0.62464 0.480469

0.625 0.462943
0.628906 0.463715

0.625 0.48057
0.628906 0.481662

0.628906 0.463858
0.6322 0.464844

0.632812 0.465153
0.631788 0.464844

0.628906 0.481767
0.632812 0.482957

0.632812 0.465206
0.636719 0.466902

0.632812 0.482939
0.636719 0.484111

0.636719 0.467001
0.640249 0.46875

0.640625 0.469073
0.639998 0.46875

0.636719 0.484219
0.637243 0.484375

0.640625 0.485536
0.637089 0.484375

0.640625 0.469088
0.644531 0.471572

0.640625 0.485893
0.644531 0.487372

0.644531 0.471719
0.645777 0.472656

0.648438 0.47474
0.64573 0.472656

0.644531 0.487147
0.647728 0.488281

0.648438 0.488646
0.647372 0.488281

0.648438 0.474831
0.650464 0.476562

0.652344 0.478324
0.650322 0.476562

0.648438 0.4887
0.652344 0.490302

0.652344 0.478333
0.65494 0.480469

0.65625 0.481738
0.654667 0.480469

0.652344 0.49037
0.65625 0.492058

0.65625 0.492193
0.656236 0.492188

0.65625 0.481768
0.660156 0.484338

0.660156 0.484505
0.659932 0.484375

0.65625 0.492192
0.660156 0.494108

0.660156 0.484504
0.664062 0.486409

0.660156 0.494244
0.663644 0.496094

0.664062 0.49646
0.663392 0.496094

0.664062 0.486467
0.667969 0.487945

0.664062 0.496482
0.667969 0.498797

0.667969 0.487908
0.669266 0.488281

0.671875 0.48911
0.669192 0.488281

0.667969 0.49891
0.669684 0.5

0.671875 0.501449
0.669601 0.5

0.671875 0.489087
0.675781 0.490337

0.671875 0.501526
0.675318 0.503906

0.675781 0.504411
0.675103 0.503906

0.675781 0.490423
0.679688 0.491627

0.675781 0.504448
0.679688 0.507404

0.679688 0.491751
0.680872 0.492188

0.683594 0.493304
0.680813 0.492188

0.679688 0.507507
0.680059 0.507812

0.683594 0.510686
0.680057 0.507812

0.683594 0.493406
0.6875 0.495559

0.683594 0.51078
0.684667 0.511719

0.6875 0.514219
0.68466 0.511719

0.6875 0.495703
0.688073 0.496094

0.691406 0.498435
0.688071 0.496094

0.6875 0.514256
0.688985 0.515625

0.691406 0.51791
0.688978 0.515625

0.691406 0.498609
0.693071 0.5

0.695312 0.501958
0.693048 0.5

0.691406 0.517923
0.693059 0.519531

0.695312 0.521784
0.69306 0.519531

0.695312 0.501999
0.697385 0.503906

0.699219 0.505668
0.69737 0.503906

0.695312 0.521784
0.696922 0.523438

0.699219 0.52587
0.696934 0.523438

0.699219 0.505668
0.701374 0.507812

0.703125 0.509623
0.701405 0.507812

0.699219 0.525853
0.700592 0.527344

0.703125 0.530202
0.700615 0.527344

0.703125 0.509596
0.705026 0.511719

0.707031 0.514228
0.705126 0.511719

0.703125 0.53015
0.704087 0.53125

0.707031 0.534774
0.704109 0.53125

0.707031 0.514113
0.70813 0.515625

0.708197 0.515625
0.710546 0.519531

0.710938 0.520264
0.710543 0.519531

0.707031 0.534678
0.707436 0.535156

0.707437 0.535156
0.710668 0.539062

0.710938 0.53925
0.710774 0.539062

0.710938 0.520262
0.712629 0.523438

0.714844 0.526883
0.712581 0.523438

0.710938 0.539253
0.714117 0.542969

0.714844 0.54367
0.714211 0.542969

0.714844 0.52702
0.715087 0.527344

0.71875 0.53083
0.715067 0.527344

0.714844 0.54369
0.717709 0.546875

0.71875 0.547923
0.717787 0.546875

0.71875 0.53081
0.719502 0.53125

0.722656 0.532963
0.719421 0.53125

0.71875 0.547846
0.721345 0.550781

0.722656 0.552353
0.721305 0.550781

0.722656 0.53297
0.726562 0.534295

0.722656 0.550499
0.722901 0.550781

0.722656 0.552321
0.724657 0.554688

0.726562 0.556911
0.724716 0.554688

0.726562 0.534185
0.730469 0.534974

0.726562 0.556853
0.728008 0.558594

0.730469 0.561791
0.728055 0.558594

0.730469 0.534796
0.732051 0.535156

0.734375 0.535851
0.731991 0.535156

0.730469 0.56137
0.731323 0.5625

0.731106 0.5625
0.733842 0.566406

0.734375 0.566908
0.734008 0.566406

0.734375 0.535564
0.738281 0.538457

0.734375 0.562223
0.734621 0.5625

0.734375 0.566909
0.736739 0.570312

0.738281 0.572402
0.736873 0.570312

0.738281 0.80701
0.738055 0.808594

0.737973 0.808594
0.737959 0.8125

0.738281 0.814272
0.738079 0.8125

0.738281 0.538628
0.738664 0.539062

0.738636 0.539062
0.741027 0.542969

0.742188 0.54655
0.740827 0.542969

0.738281 0.572293
0.73957 0.574219

0.739668 0.574219
0.742042 0.578125

0.742188 0.798521
0.740604 0.800781

0.740497 0.800781
0.738709 0.804688

0.738281 0.80688
0.738722 0.804688

0.738281 0.814547
0.738569 0.816406

0.738389 0.816406
0.74021 0.820312

0.742188 0.822535
0.740226 0.820312

0.742188 0.546589
0.742286 0.546875

0.742313 0.546875
0.743834 0.550781

0.743908 0.550781
0.745754 0.554688

0.746094 0.555029
0.745902 0.554688

0.742188 0.578078
0.742216 0.578125

0.742216 0.578125
0.744291 0.582031

0.746094 0.585602
0.744361 0.582031

0.746094 0.794705
0.743601 0.796875

0.742188 0.798544
0.743585 0.796875

0.742188 0.82274
0.744558 0.824219

0.746094 0.824697
0.744996 0.824219

0.746094 0.55502
0.748114 0.558594

0.75 0.561407
0.748292 0.558594

0.746094 0.585357
0.746372 0.585938

0.746434 0.585938
0.748221 0.589844

0.748284 0.589844
0.749931 0.59375

0.75 0.792374
0.748991 0.792969

0.746094 0.79476
0.748977 0.792969

0.746094 0.797146
0.746416 0.796875

0.746094 0.801064
0.746399 0.800781

0.746094 0.824689
0.75 0.825357

0.75 0.561183
0.750824 0.5625

0.750947 0.5625
0.753344 0.566406

0.753906 0.567164
0.753475 0.566406

0.75 0.593479
0.750108 0.59375

0.750146 0.59375
0.751677 0.597656

0.751691 0.597656
0.753198 0.601562

0.753906 0.603271
0.753303 0.601562

0.75 0.792397
0.753906 0.790219

0.75 0.793091
0.750216 0.792969

0.75 0.796943
0.750072 0.796875

0.75 0.825351
0.753906 0.825368

0.753906 0.567124
0.755643 0.570312

0.755793 0.570312
0.757672 0.574219

0.753906 0.603262
0.754709 0.605469

0.754702 0.605469
0.756311 0.609375

0.757812 0.612822
0.756505 0.609375

0.757812 0.78764
0.755736 0.789062

0.753906 0.79026
0.75576 0.789062

0.753906 0.793174
0.754157 0.792969

0.753906 0.797132
0.754822 0.796875

0.753906 0.825447
0.757812 0.82467

0.757812 0.574174
0.757833 0.574219

0.757849 0.574219
0.759205 0.578125

0.759542 0.578125
0.760772 0.582031

0.760454 0.582031
0.761547 0.585938

0.761719 0.586352
0.761625 0.585938

0.757812 0.612464
0.758114 0.613281

0.758212 0.613281
0.759754 0.617188

0.759738 0.617188
0.761313 0.621094

0.761719 0.621567
0.761515 0.621094

0.761719 0.783937
0.76046 0.785156

0.757812 0.787516
0.760487 0.785156

0.761719 0.822348
0.758338 0.824219

0.757812 0.824729
0.758902 0.824219

0.761719 0.586299
0.762627 0.589844

0.762653 0.589844
0.763864 0.59375

0.764039 0.59375
0.765208 0.597656

0.765625 0.599601
0.765204 0.597656

0.761719 0.621538
0.763261 0.625

0.763371 0.625
0.765291 0.628906

0.765625 0.629281
0.765434 0.628906

0.765625 0.780049
0.764278 0.78125

0.761719 0.783671
0.764292 0.78125

0.765625 0.7968
0.765534 0.796875

0.765625 0.798659
0.765565 0.796875

0.765625 0.808586
0.765565 0.808594

0.765625 0.81199
0.765125 0.8125

0.765625 0.8185
0.763908 0.820312

0.761719 0.822296
0.764023 0.820312

0.765625 0.599471
0.766065 0.601562

0.766145 0.601562
0.767046 0.605469

0.76689 0.605469
0.76807 0.609375

0.769531 0.612667
0.768123 0.609375

0.765625 0.629259
0.767446 0.632812

0.769531 0.63644
0.767589 0.632812

0.769531 0.777281
0.769413 0.777344

0.765625 0.779737
0.769422 0.777344

0.765625 0.796824
0.766223 0.796875

0.765625 0.79832
0.766073 0.796875

0.769531 0.80857
0.769512 0.808594

0.769531 0.812145
0.76932 0.8125

0.769531 0.812972
0.76735 0.816406

0.765625 0.818489
0.767299 0.816406

0.769531 0.612601
0.769841 0.613281

0.769904 0.613281
0.772744 0.617188

0.773438 0.617821
0.77284 0.617188

0.769531 0.636169
0.769833 0.636719

0.769845 0.636719
0.772 0.640625

0.773438 0.643119
0.772126 0.640625

0.773438 0.775831
0.769796 0.777344

0.769531 0.777351
0.76955 0.777344

0.773438 0.806445
0.772058 0.808594

0.772098 0.808594
0.769854 0.8125

0.769531 0.812981
0.769829 0.8125

0.773438 0.617761
0.777065 0.621094

0.773438 0.642871
0.774312 0.644531

0.774454 0.644531
0.776402 0.648438

0.777344 0.650733
0.77639 0.648438

0.777344 0.664789
0.776297 0.667969

0.776151 0.667969
0.775533 0.671875

0.775646 0.671875
0.775838 0.675781

0.775926 0.675781
0.776526 0.679688

0.776605 0.679688
0.777277 0.683594

0.777344 0.730785
0.775579 0.734375

0.775232 0.734375
0.774235 0.738281

0.773736 0.738281
0.773699 0.742188

0.774179 0.742188
0.774678 0.746094

0.775259 0.746094
0.776028 0.75

0.776042 0.75
0.77699 0.753906

0.777344 0.754834
0.777083 0.753906

0.773438 0.776075
0.777344 0.773726

0.773438 0.777455
0.773654 0.777344

0.773438 0.785149
0.775548 0.785156

0.773438 0.785156
0.777344 0.785156

0.777344 0.80181
0.774566 0.804688

0.773438 0.806471
0.774659 0.804688

0.777344 0.620905
0.777571 0.621094

0.78125 0.624653
0.777577 0.621094

0.777344 0.650444
0.778131 0.652344

0.778213 0.652344
0.779329 0.65625

0.779639 0.65625
0.779533 0.660156

0.779282 0.660156
0.778075 0.664062

0.777344 0.66561
0.777882 0.664062

0.777344 0.683447
0.777364 0.683594

0.777383 0.683594
0.778079 0.6875

0.777911 0.6875
0.778658 0.691406

0.77819 0.691406
0.778628 0.695312

0.779089 0.695312
0.779661 0.699219

0.779853 0.699219
0.780888 0.703125

0.78125 0.704276
0.78091 0.703125

0.78125 0.725043
0.780585 0.726562

0.780467 0.726562
0.77815 0.730469

0.777344 0.732052
0.778185 0.730469

0.777344 0.754857
0.778301 0.757812

0.778561 0.757812
0.780072 0.761719

0.780249 0.761719
0.781125 0.765625

0.78125 0.766437
0.780718 0.769531

0.780819 0.769531
0.7779 0.773438

0.777344 0.773788
0.777755 0.773438

0.78125 0.799359
0.778717 0.800781

0.777344 0.801692
0.778737 0.800781

0.78125 0.624449
0.781731 0.625

0.781707 0.625
0.7842 0.628906

0.785156 0.631531
0.784133 0.628906

0.78125 0.704043
0.782256 0.707031

0.782649 0.707031
0.783902 0.710938

0.783948 0.710938
0.784266 0.714844

0.784185 0.714844
0.783637 0.71875

0.783248 0.71875
0.782115 0.722656

0.78125 0.725685
0.782483 0.722656

0.78125 0.764406
0.781428 0.765625

0.78125 0.767317
0.781429 0.765625

0.78125 0.770043
0.781493 0.769531

0.78125 0.773971
0.781759 0.773438

0.78125 0.777614
0.782555 0.777344

0.78125 0.799291
0.785156 0.798181

0.785156 0.631279
0.7857 0.632812

0.785741 0.632812
0.786881 0.636719

0.787087 0.636719
0.788207 0.640625

0.789062 0.644468
0.788013 0.640625

0.789062 0.645133
0.788932 0.644531

0.789062 0.671874
0.788848 0.671875

0.789062 0.673691
0.788909 0.671875

0.785156 0.777312
0.785205 0.777344

0.785156 0.798262
0.789062 0.798147

0.789062 0.644127
0.789157 0.644531

0.789182 0.644531
0.790198 0.648438

0.790242 0.648438
0.791303 0.652344

0.791512 0.652344
0.792425 0.65625

0.792969 0.659809
0.792153 0.65625

0.789062 0.67435
0.789064 0.671875

0.792969 0.686891
0.792125 0.6875

0.792587 0.6875
0.789906 0.691406

0.790591 0.691406
0.789887 0.695312

0.789827 0.695312
0.789815 0.699219

0.789651 0.699219
0.790778 0.703125

0.792969 0.706531
0.790763 0.703125

0.792969 0.745668
0.792749 0.746094

0.792969 0.749522
0.792888 0.75

0.792969 0.751152
0.792913 0.75

0.789062 0.77733
0.792969 0.77734

0.789062 0.777368
0.792969 0.777363

0.789062 0.79848
0.792969 0.798535

0.792969 0.659897
0.793029 0.660156

0.793042 0.660156
0.794942 0.664062

0.796875 0.666534
0.794903 0.664062

0.792969 0.686607
0.796875 0.687159

0.796875 0.687654
0.795937 0.6875

0.792969 0.705984
0.793765 0.707031

0.796875 0.710076
0.793819 0.707031

0.796875 0.72268
0.796871 0.722656

0.796875 0.741688
0.796536 0.742188

0.796787 0.742188
0.795271 0.746094

0.795994 0.746094
0.795439 0.75

0.794829 0.75
0.795002 0.753906

0.795119 0.753906
0.796137 0.757812

0.796875 0.759758
0.796145 0.757812

0.796875 0.761739
0.796869 0.761719

0.796875 0.773445
0.796869 0.773438

0.792969 0.777361
0.793007 0.777344

0.792969 0.798963
0.796875 0.797664

0.796875 0.666386
0.798489 0.667969

0.800781 0.669682
0.798644 0.667969

0.796875 0.689496
0.798789 0.691406

0.800781 0.693354
0.798475 0.691406

0.796875 0.710205
0.797716 0.710938

0.800781 0.713278
0.797736 0.710938

0.800781 0.71499
0.800575 0.714844

0.800781 0.718925
0.800618 0.71875

0.796875 0.722671
0.800781 0.722658

0.796875 0.741107
0.800781 0.738882

0.796875 0.758837
0.797964 0.761719

0.798093 0.761719
0.799338 0.765625

0.799441 0.765625
0.800232 0.769531

0.800062 0.769531
0.800597 0.773438

0.800781 0.776244
0.800557 0.773438

0.800781 0.792996
0.797643 0.796875

0.796875 0.797551
0.797732 0.796875

0.800781 0.66937
0.803821 0.671875

0.804688 0.673005
0.803825 0.671875

0.800781 0.694676
0.804688 0.693876

0.800781 0.713327
0.803314 0.714844

0.804688 0.715647
0.803318 0.714844

0.800781 0.739861
0.804688 0.74037

0.800781 0.775593
0.800897 0.777344

0.800934 0.777344
0.80114 0.78125

0.801126 0.78125
0.80123 0.785156

0.801274 0.785156
0.801217 0.789062

0.800781 0.792602
0.801407 0.789062

0.800781 0.792999
0.800797 0.792969

0.804688 0.671962
0.806848 0.675781

0.807362 0.675781
0.807771 0.679688

0.806567 0.679688
0.806422 0.683594

0.806526 0.683594
0.806377 0.6875

0.806788 0.6875
0.805603 0.691406

0.804688 0.69296
0.805865 0.691406

0.804688 0.715397
0.808594 0.718021

0.804688 0.741705
0.808594 0.740514

0.808594 0.717529
0.809936 0.71875

0.809771 0.71875
0.812201 0.722656

0.811759 0.722656
0.812452 0.726562

0.812326 0.726562
0.812429 0.730469

0.8125 0.731099
0.812047 0.734375

0.812372 0.734375
0.810181 0.738281

0.808594 0.739691
0.809988 0.738281

