x | y | u.x | u.y | uint | vint | p
0.511719 0.00390625 -0.00296249 -1.71374e-06 0.00593672 -7.65212e-07 0.0184493
0.511719 0.0117188 -0.00867699 -1.46159e-05 -0.000104572 -1.20705e-07 0.0184334
0.511719 0.0195312 -0.0141991 -4.06235e-05 -0.00592783 1.28368e-06 0.0184157
0.511719 0.0273438 -0.0195453 -8.02534e-05 -0.0115517 2.42286e-06 0.0183969
0.511719 0.0351562 -0.0247308 -0.000133632 -0.0169927 2.11568e-06 0.0183769
0.511719 0.0429688 -0.0297701 -0.000200684 -0.0222664 -5.81749e-07 0.0183554
0.511719 0.0507812 -0.0346767 -0.00028115 -0.0273874 -6.36095e-06 0.0183321
0.511719 0.0585938 -0.0394634 -0.000374592 -0.0323692 -1.56686e-05 0.0183065
0.511719 0.0664062 -0.0441421 -0.000480394 -0.0372247 -2.87147e-05 0.0182781
0.511719 0.0742188 -0.048724 -0.000597767 -0.0419659 -4.54809e-05 0.0182464
0.511719 0.0820312 -0.0532196 -0.000725754 -0.046604 -6.5727e-05 0.0182107
0.511719 0.0898438 -0.0576388 -0.000863229 -0.0511497 -8.8998e-05 0.0181704
0.511719 0.0976562 -0.0619907 -0.0010089 -0.0556129 -0.00011463 0.0181248
0.511719 0.105469 -0.066284 -0.00116131 -0.0600027 -0.000141756 0.0180731
0.511719 0.113281 -0.0705267 -0.00131883 -0.0643279 -0.00016931 0.0180146
0.511719 0.121094 -0.0747261 -0.0014797 -0.0685964 -0.000196033 0.0179484
0.511719 0.128906 -0.0788891 -0.00164197 -0.0728158 -0.000220478 0.0178736
0.511719 0.136719 -0.0830218 -0.00180354 -0.0769927 -0.000241013 0.0177892
0.511719 0.144531 -0.0871301 -0.00196217 -0.0811336 -0.000255824 0.0176943
0.511719 0.152344 -0.091219 -0.00211543 -0.0852441 -0.000262924 0.0175879
0.511719 0.160156 -0.0952929 -0.00226079 -0.0893294 -0.000260154 0.0174688
0.511719 0.167969 -0.0993559 -0.00239551 -0.093394 -0.000245187 0.0173358
0.511719 0.175781 -0.103411 -0.00251676 -0.097442 -0.000215535 0.0171879
0.511719 0.183594 -0.107462 -0.00262153 -0.101477 -0.000168557 0.0170237
0.511719 0.191406 -0.111509 -0.00270669 -0.105501 -0.000101458 0.0168419
0.511719 0.199219 -0.115555 -0.00276898 -0.109517 -1.13034e-05 0.0166411
0.511719 0.207031 -0.119601 -0.00280501 -0.113527 0.000104977 0.0164199
0.511719 0.214844 -0.123647 -0.00281127 -0.117531 0.000250579 0.0161768
0.511719 0.222656 -0.127691 -0.00278416 -0.121529 0.000428817 0.0159103
0.511719 0.230469 -0.131733 -0.00271997 -0.125522 0.000643109 0.0156187
0.511719 0.238281 -0.135772 -0.0026149 -0.129509 0.000896967 0.0153004
0.511719 0.246094 -0.139803 -0.00246509 -0.133487 0.00119398 0.0149536
0.511719 0.253906 -0.143825 -0.00226662 -0.137454 0.00153782 0.0145766
0.511719 0.261719 -0.147832 -0.00201554 -0.141407 0.00193217 0.0141676
0.511719 0.269531 -0.151819 -0.00170787 -0.145343 0.00238079 0.0137248
0.511719 0.277344 -0.155782 -0.00133964 -0.149256 0.00288741 0.0132462
0.511719 0.285156 -0.159713 -0.000906879 -0.153142 0.00345578 0.01273
0.511719 0.292969 -0.163605 -0.00040569 -0.156994 0.00408962 0.0121742
0.511719 0.300781 -0.16745 0.000167766 -0.160805 0.00479256 0.0115769
0.511719 0.308594 -0.17124 0.000817229 -0.164569 0.00556818 0.0109362
0.511719 0.316406 -0.174964 0.00154631 -0.168276 0.00641994 0.0102503
0.511719 0.324219 -0.178612 0.00235846 -0.171917 0.00735116 0.0095172
0.511719 0.332031 -0.182174 0.00325695 -0.175484 0.00836501 0.00873518
0.511719 0.339844 -0.185638 0.00424481 -0.178964 0.00946443 0.00790248
0.511719 0.347656 -0.188991 0.00532485 -0.182349 0.0106522 0.00701746
0.511719 0.355469 -0.19222 0.00649955 -0.185625 0.0119307 0.00607859
0.511719 0.363281 -0.195313 0.0077711 -0.188781 0.0133021 0.00508444
0.511719 0.371094 -0.198254 0.00914132 -0.191804 0.0147684 0.00403377
0.511719 0.378906 -0.201031 0.0106116 -0.194681 0.0163309 0.00292548
0.511719 0.386719 -0.203628 0.0121831 -0.197399 0.0179908 0.00175868
0.511719 0.394531 -0.20603 0.0138561 -0.199942 0.0197487 0.0005327
0.511719 0.402344 -0.208223 0.0156309 -0.202299 0.0216049 -0.0007529
0.511719 0.410156 -0.210191 0.017507 -0.204453 0.023559 -0.00209829
0.511719 0.417969 -0.211919 0.0194834 -0.206392 0.0256104 -0.00350335
0.511719 0.425781 -0.213393 0.0215585 -0.2081 0.0277576 -0.00496767
0.511719 0.433594 -0.214597 0.0237302 -0.209563 0.0299989 -0.0064905
0.511719 0.441406 -0.215518 0.0259958 -0.210768 0.0323317 -0.00807075
0.511719 0.449219 -0.216142 0.0283519 -0.211701 0.0347531 -0.00970698
0.511719 0.457031 -0.216455 0.0307945 -0.212348 0.0372595 -0.0113974
0.511719 0.464844 -0.216444 0.0333191 -0.212697 0.0398466 -0.0131397
0.511719 0.472656 -0.216099 0.0359205 -0.212737 0.0425096 -0.0149315
0.511719 0.480469 -0.215408 0.0385929 -0.212454 0.0452431 -0.0167697
0.511719 0.488281 -0.21436 0.0413298 -0.21184 0.0480411 -0.018651
0.511719 0.496094 -0.212948 0.0441242 -0.210884 0.050897 -0.0205716
0.511719 0.503906 -0.211163 0.0469687 -0.209578 0.0538037 -0.0225275
0.511719 0.511719 -0.208998 0.049855 -0.207915 0.0567534 -0.0245141
0.511719 0.519531 -0.206449 0.0527746 -0.205886 0.0597379 -0.0265268
0.511719 0.527344 -0.203512 0.0557184 -0.203489 0.0627487 -0.0285603
0.511719 0.535156 -0.200182 0.058677 -0.200717 0.0657766 -0.0306093
0.511719 0.542969 -0.19646 0.0616405 -0.19757 0.068812 -0.0326682
0.511719 0.550781 -0.192345 0.0645987 -0.194044 0.0718452 -0.0347309
0.511719 0.558594 -0.187838 0.067541 -0.19014 0.0748658 -0.0367915
0.511719 0.566406 -0.182942 0.0704567 -0.185859 0.0778635 -0.0388438
0.511719 0.574219 -0.17766 0.073335 -0.181204 0.0808275 -0.0408813
0.511719 0.582031 -0.171998 0.0761648 -0.176176 0.0837471 -0.0428978
0.511719 0.589844 -0.165961 0.0789349 -0.170782 0.0866112 -0.0448868
0.511719 0.597656 -0.159556 0.081634 -0.165026 0.0894088 -0.0468419
0.511719 0.605469 -0.152792 0.0842512 -0.158915 0.0921288 -0.0487569
0.511719 0.613281 -0.145676 0.0867752 -0.152457 0.0947602 -0.0506255
0.511719 0.621094 -0.138217 0.0891949 -0.145659 0.097292 -0.0524417
0.511719 0.628906 -0.130426 0.0914995 -0.13853 0.0997132 -0.0541998
0.511719 0.636719 -0.12231 0.0936783 -0.13108 0.102013 -0.0558941
0.511719 0.644531 -0.113882 0.0957205 -0.123318 0.104181 -0.0575194
0.511719 0.652344 -0.105148 0.097616 -0.115252 0.106207 -0.0590707
0.511719 0.660156 -0.0961186 0.0993546 -0.106893 0.108081 -0.0605434
0.511719 0.667969 -0.0868015 0.100926 -0.0982495 0.109792 -0.0619331
0.511719 0.675781 -0.0772038 0.102322 -0.0893289 0.111331 -0.0632362
0.511719 0.683594 -0.067331 0.103531 -0.0801391 0.112688 -0.064449
0.511719 0.691406 -0.0571872 0.104546 -0.070686 0.113855 -0.0655686
0.511719 0.699219 -0.0467744 0.105357 -0.0609743 0.114822 -0.0665923
0.511719 0.707031 -0.0360919 0.105956 -0.0510068 0.11558 -0.067518
0.511719 0.714844 -0.0251367 0.106335 -0.0407839 0.116122 -0.068344
0.511719 0.722656 -0.0139019 0.106485 -0.0303036 0.116439 -0.069069
0.511719 0.730469 -0.00237747 0.1064 -0.0195608 0.116523 -0.069692
0.511719 0.738281 0.00945135 0.106071 -0.00854682 0.116367 -0.0702127
0.511719 0.746094 0.0216039 0.105492 0.00275107 0.115963 -0.070631
0.511719 0.753906 0.0341049 0.104657 0.0143501 0.115305 -0.0709472
0.511719 0.761719 0.0469849 0.103559 0.0262726 0.114385 -0.0711619
0.511719 0.769531 0.0602812 0.102193 0.0385466 0.113198 -0.0712763
0.511719 0.777344 0.0740379 0.100554 0.0512067 0.111738 -0.0712916
0.511719 0.785156 0.0883069 0.0986388 0.0642942 0.11 -0.0712097
0.511719 0.792969 0.103148 0.0964445 0.0778582 0.107979 -0.0710324
0.511719 0.800781 0.118631 0.0939694 0.091956 0.105672 -0.0707619
0.511719 0.808594 0.134833 0.0912136 0.106654 0.103076 -0.070401
0.511719 0.816406 0.15184 0.0881788 0.122027 0.100191 -0.0699522
0.511719 0.824219 0.16975 0.0848691 0.13816 0.0970164 -0.0694187
0.511719 0.832031 0.188667 0.0812909 0.155149 0.0935554 -0.0688038
0.511719 0.839844 0.208705 0.0774539 0.173097 0.0898126 -0.0681111
0.511719 0.847656 0.229984 0.0733708 0.19212 0.0857957 -0.0673445
0.511719 0.855469 0.252632 0.0690587 0.212341 0.0815154 -0.0665082
0.511719 0.863281 0.276779 0.0645386 0.23389 0.0769863 -0.0656069
0.511719 0.871094 0.302559 0.0598367 0.256904 0.0722272 -0.0646455
0.511719 0.878906 0.3301 0.0549842 0.281523 0.0672617 -0.0636295
0.511719 0.886719 0.359527 0.0500181 0.30789 0.0621188 -0.0625649
0.511719 0.894531 0.390955 0.0449811 0.336142 0.0568328 -0.0614585
0.511719 0.902344 0.42448 0.0399217 0.366411 0.0514449 -0.0603167
0.511719 0.910156 0.460176 0.0348948 0.398813 0.0460021 -0.0591484
0.511719 0.917969 0.49809 0.0299596 0.433447 0.0405574 -0.0579617
0.511719 0.925781 0.538231 0.0251814 0.470388 0.035172 -0.0567647
0.511719 0.933594 0.580561 0.020628 0.509668 0.0299099 -0.0555704
0.511719 0.941406 0.624997 0.0163701 0.551292 0.0248441 -0.0543842
0.511719 0.949219 0.671394 0.0124787 0.595199 0.020046 -0.0532238
0.511719 0.957031 0.719541 0.00902159 0.641279 0.0155964 -0.0520917
0.511719 0.964844 0.769172 0.00606465 0.689362 0.0115717 -0.0510073
0.511719 0.972656 0.819935 0.00365739 0.739185 0.00803656 -0.0499792
0.511719 0.980469 0.871432 0.00184886 0.790452 0.00508293 -0.0490028
0.511719 0.988281 0.923188 0.000656601 0.842728 0.00273689 -0.0481235
0.511719 0.996094 0.974678 7.15009e-05 0.895603 0.00107198 -0.0473456
