x | y | u.x | u.y | uint | vint | p
0.00390625 0.511719 -5.18374e-05 0.00760934 -5.18374e-05 0.00760934 1.05275e-06
0.0117188 0.511719 -0.000398726 0.0220442 -0.000398726 0.0220442 -0.000385764
0.0195312 0.511719 -0.00105536 0.0357055 -0.00105536 0.0357055 -0.000776203
0.0273438 0.511719 -0.00200859 0.0486067 -0.00200859 0.0486067 -0.00114545
0.0351562 0.511719 -0.00324027 0.0607628 -0.00324027 0.0607628 -0.00149321
0.0429688 0.511719 -0.00473226 0.0721912 -0.00473226 0.0721912 -0.00182106
0.0507812 0.511719 -0.00646691 0.0829106 -0.00646691 0.0829106 -0.00213086
0.0585938 0.511719 -0.00842699 0.0929413 -0.00842699 0.0929413 -0.00242465
0.0664062 0.511719 -0.0105958 0.102305 -0.0105958 0.102305 -0.00270451
0.0742188 0.511719 -0.0129574 0.111023 -0.0129574 0.111023 -0.00297258
0.0820312 0.511719 -0.015496 0.11912 -0.015496 0.11912 -0.00323102
0.0898438 0.511719 -0.0181969 0.126618 -0.0181969 0.126618 -0.00348195
0.0976562 0.511719 -0.0210457 0.13354 -0.0210457 0.13354 -0.00372743
0.105469 0.511719 -0.024029 0.139912 -0.024029 0.139912 -0.00396949
0.113281 0.511719 -0.0271338 0.145757 -0.0271338 0.145757 -0.00421004
0.121094 0.511719 -0.0303478 0.151097 -0.0303478 0.151097 -0.00445091
0.128906 0.511719 -0.0336597 0.155955 -0.0336597 0.155955 -0.00469383
0.136719 0.511719 -0.0370585 0.160355 -0.0370585 0.160355 -0.00494039
0.144531 0.511719 -0.0405341 0.164318 -0.0405341 0.164318 -0.00519211
0.152344 0.511719 -0.0440771 0.167865 -0.0440771 0.167865 -0.00545033
0.160156 0.511719 -0.0476788 0.171015 -0.0476788 0.171015 -0.00571632
0.167969 0.511719 -0.0513309 0.173789 -0.0513309 0.173789 -0.0059912
0.175781 0.511719 -0.0550261 0.176203 -0.0550261 0.176203 -0.00627596
0.183594 0.511719 -0.0587574 0.178276 -0.0587574 0.178276 -0.00657148
0.191406 0.511719 -0.0625185 0.180023 -0.0625185 0.180023 -0.00687853
0.199219 0.511719 -0.0663038 0.181459 -0.0663038 0.181459 -0.00719775
0.207031 0.511719 -0.0701079 0.182598 -0.0701079 0.182598 -0.00752966
0.214844 0.511719 -0.0739262 0.183452 -0.0739262 0.183452 -0.00787468
0.222656 0.511719 -0.0777544 0.184034 -0.0777544 0.184034 -0.00823312
0.230469 0.511719 -0.0815887 0.184354 -0.0815887 0.184354 -0.00860516
0.238281 0.511719 -0.0854258 0.184421 -0.0854258 0.184421 -0.00899091
0.246094 0.511719 -0.0892626 0.184244 -0.0892626 0.184244 -0.00939034
0.253906 0.511719 -0.0930964 0.18383 -0.0930964 0.18383 -0.00980334
0.261719 0.511719 -0.0969248 0.183187 -0.0969248 0.183187 -0.0102297
0.269531 0.511719 -0.100746 0.182319 -0.100746 0.182319 -0.0106691
0.277344 0.511719 -0.104558 0.181231 -0.104558 0.181231 -0.0111211
0.285156 0.511719 -0.108359 0.179928 -0.108359 0.179928 -0.0115853
0.292969 0.511719 -0.112147 0.178412 -0.112147 0.178412 -0.0120609
0.300781 0.511719 -0.115923 0.176687 -0.115923 0.176687 -0.0125473
0.308594 0.511719 -0.119684 0.174755 -0.119684 0.174755 -0.0130438
0.316406 0.511719 -0.123429 0.172616 -0.123429 0.172616 -0.0135493
0.324219 0.511719 -0.127158 0.170272 -0.127158 0.170272 -0.0140629
0.332031 0.511719 -0.13087 0.167722 -0.13087 0.167722 -0.0145834
0.339844 0.511719 -0.134564 0.164968 -0.134564 0.164968 -0.0151098
0.347656 0.511719 -0.138239 0.162009 -0.138239 0.162009 -0.0156406
0.355469 0.511719 -0.141896 0.158843 -0.141896 0.158843 -0.0161745
0.363281 0.511719 -0.145532 0.155469 -0.145532 0.155469 -0.01671
0.371094 0.511719 -0.149147 0.151887 -0.149147 0.151887 -0.0172455
0.378906 0.511719 -0.152741 0.148095 -0.152741 0.148095 -0.0177793
0.386719 0.511719 -0.156313 0.144091 -0.156313 0.144091 -0.0183096
0.394531 0.511719 -0.159861 0.139873 -0.159861 0.139873 -0.0188345
0.402344 0.511719 -0.163384 0.13544 -0.163384 0.13544 -0.019352
0.410156 0.511719 -0.166881 0.130789 -0.166881 0.130789 -0.0198601
0.417969 0.511719 -0.170351 0.125919 -0.170351 0.125919 -0.0203565
0.425781 0.511719 -0.173792 0.120828 -0.173792 0.120828 -0.020839
0.433594 0.511719 -0.177202 0.115513 -0.177202 0.115513 -0.0213054
0.441406 0.511719 -0.180579 0.109974 -0.180579 0.109974 -0.021753
0.449219 0.511719 -0.18392 0.104209 -0.18392 0.104209 -0.0221796
0.457031 0.511719 -0.187224 0.0982168 -0.187224 0.0982168 -0.0225824
0.464844 0.511719 -0.190487 0.0919957 -0.190487 0.0919957 -0.0229589
0.472656 0.511719 -0.193706 0.0855454 -0.193706 0.0855454 -0.0233065
0.480469 0.511719 -0.196877 0.0788653 -0.196877 0.0788653 -0.0236224
0.488281 0.511719 -0.199996 0.0719556 -0.199996 0.0719556 -0.0239038
0.496094 0.511719 -0.20306 0.0648166 -0.20306 0.0648166 -0.0241481
0.503906 0.511719 -0.206062 0.0574493 -0.206062 0.0574493 -0.0243525
0.511719 0.511719 -0.208998 0.049855 -0.208998 0.049855 -0.0245141
0.519531 0.511719 -0.211863 0.0420359 -0.211863 0.0420359 -0.0246304
0.527344 0.511719 -0.21465 0.0339947 -0.21465 0.0339947 -0.0246985
0.535156 0.511719 -0.217351 0.025735 -0.217351 0.025735 -0.024716
0.542969 0.511719 -0.219961 0.0172611 -0.219961 0.0172611 -0.0246801
0.550781 0.511719 -0.22247 0.00857826 -0.22247 0.00857826 -0.0245886
0.558594 0.511719 -0.224871 -0.000307261 -0.224871 -0.000307261 -0.024439
0.566406 0.511719 -0.227153 -0.00938813 -0.227153 -0.00938813 -0.0242293
0.574219 0.511719 -0.229309 -0.0186558 -0.229309 -0.0186558 -0.0239574
0.582031 0.511719 -0.231325 -0.0281005 -0.231325 -0.0281005 -0.0236214
0.589844 0.511719 -0.233193 -0.037711 -0.233193 -0.037711 -0.02322
0.597656 0.511719 -0.234899 -0.0474746 -0.234899 -0.0474746 -0.0227518
0.605469 0.511719 -0.236432 -0.057377 -0.236432 -0.057377 -0.0222157
0.613281 0.511719 -0.237777 -0.067402 -0.237777 -0.067402 -0.0216112
0.621094 0.511719 -0.238921 -0.0775317 -0.238921 -0.0775317 -0.020938
0.628906 0.511719 -0.239849 -0.0877463 -0.239849 -0.0877463 -0.020196
0.636719 0.511719 -0.240547 -0.0980235 -0.240547 -0.0980235 -0.0193859
0.644531 0.511719 -0.240998 -0.108339 -0.240998 -0.108339 -0.0185087
0.652344 0.511719 -0.241185 -0.118666 -0.241185 -0.118666 -0.0175658
0.660156 0.511719 -0.241094 -0.128976 -0.241094 -0.128976 -0.0165593
0.667969 0.511719 -0.240705 -0.139237 -0.240705 -0.139237 -0.0154917
0.675781 0.511719 -0.240003 -0.149414 -0.240003 -0.149414 -0.0143662
0.683594 0.511719 -0.238971 -0.15947 -0.238971 -0.15947 -0.0131865
0.691406 0.511719 -0.23759 -0.169366 -0.23759 -0.169366 -0.0119572
0.699219 0.511719 -0.235846 -0.179059 -0.235846 -0.179059 -0.0106832
0.707031 0.511719 -0.233721 -0.188503 -0.233721 -0.188503 -0.00937025
0.714844 0.511719 -0.231201 -0.19765 -0.231201 -0.19765 -0.00802464
0.722656 0.511719 -0.228272 -0.20645 -0.228272 -0.20645 -0.00665337
0.730469 0.511719 -0.224922 -0.214851 -0.224922 -0.214851 -0.00526401
0.738281 0.511719 -0.221139 -0.222796 -0.221139 -0.222796 -0.0038647
0.746094 0.511719 -0.216917 -0.23023 -0.216917 -0.23023 -0.00246414
0.753906 0.511719 -0.212249 -0.237094 -0.212249 -0.237094 -0.00107147
0.761719 0.511719 -0.207133 -0.243329 -0.207133 -0.243329 0.000303796
0.769531 0.511719 -0.201568 -0.248877 -0.201568 -0.248877 0.00165179
0.777344 0.511719 -0.195561 -0.253678 -0.195561 -0.253678 0.00296249
0.785156 0.511719 -0.189119 -0.257674 -0.189119 -0.257674 0.00422577
0.792969 0.511719 -0.182255 -0.26081 -0.182255 -0.26081 0.00543157
0.800781 0.511719 -0.174988 -0.263031 -0.174988 -0.263031 0.00656999
0.808594 0.511719 -0.16734 -0.264289 -0.16734 -0.264289 0.0076315
0.816406 0.511719 -0.159339 -0.264538 -0.159339 -0.264538 0.00860703
0.824219 0.511719 -0.151019 -0.263739 -0.151019 -0.263739 0.00948818
0.832031 0.511719 -0.142419 -0.261858 -0.142419 -0.261858 0.0102673
0.839844 0.511719 -0.133582 -0.258869 -0.133582 -0.258869 0.0109378
0.847656 0.511719 -0.124557 -0.254756 -0.124557 -0.254756 0.0114939
0.855469 0.511719 -0.115398 -0.249508 -0.115398 -0.249508 0.0119314
0.863281 0.511719 -0.106163 -0.243127 -0.106163 -0.243127 0.012247
0.871094 0.511719 -0.0969127 -0.235624 -0.0969127 -0.235624 0.012439
0.878906 0.511719 -0.0877123 -0.22702 -0.0877123 -0.22702 0.012507
0.886719 0.511719 -0.0786286 -0.217347 -0.0786286 -0.217347 0.012452
0.894531 0.511719 -0.0697305 -0.206648 -0.0697305 -0.206648 0.0122763
0.902344 0.511719 -0.0610872 -0.194974 -0.0610872 -0.194974 0.0119835
0.910156 0.511719 -0.052768 -0.182388 -0.052768 -0.182388 0.0115786
0.917969 0.511719 -0.0448414 -0.168961 -0.0448414 -0.168961 0.0110675
0.925781 0.511719 -0.0373741 -0.154771 -0.0373741 -0.154771 0.0104568
0.933594 0.511719 -0.0304302 -0.139906 -0.0304302 -0.139906 0.00975423
0.941406 0.511719 -0.0240707 -0.124456 -0.0240707 -0.124456 0.0089677
0.949219 0.511719 -0.0183526 -0.108519 -0.0183526 -0.108519 0.00810552
0.957031 0.511719 -0.0133291 -0.0921942 -0.0133291 -0.0921942 0.007176
0.964844 0.511719 -0.00904834 -0.0755823 -0.00904834 -0.0755823 0.00618725
0.972656 0.511719 -0.00555402 -0.0587853 -0.00555402 -0.0587853 0.00514694
0.980469 0.511719 -0.00288486 -0.0419038 -0.00288486 -0.0419038 0.00406237
0.988281 0.511719 -0.00107397 -0.0250363 -0.00107397 -0.0250363 0.00294428
0.996094 0.511719 -0.000135523 -0.00827811 -0.000135523 -0.00827811 0.00186738
