x | y | u.x | u.y | uint | vint | p
0.511719 0.00390625 -0.00140689 -0.000215101 0.00255736 0.000415653 -0.024302
0.511719 0.0117188 -0.00281929 -0.000505912 -0.000573262 -7.09429e-05 -0.0240441
0.511719 0.0195312 -0.0063507 -0.00073143 -0.000910259 -0.000380537 -0.023966
0.511719 0.0273438 -0.0102041 -0.000995029 -0.00431133 -0.000568224 -0.0238159
0.511719 0.0351562 -0.0138954 -0.00126634 -0.00826715 -0.000799122 -0.0236568
0.511719 0.0429688 -0.0173891 -0.00154958 -0.0120749 -0.00102784 -0.0234749
0.511719 0.0507812 -0.0207023 -0.00184284 -0.0156756 -0.00126196 -0.0232719
0.511719 0.0585938 -0.0238561 -0.00214516 -0.0190846 -0.00149982 -0.0230473
0.511719 0.0664062 -0.02687 -0.00245568 -0.022324 -0.00174097 -0.0228007
0.511719 0.0742188 -0.0297578 -0.00277362 -0.0254158 -0.00198492 -0.022532
0.511719 0.0820312 -0.0325284 -0.00309836 -0.028377 -0.00223117 -0.0222412
0.511719 0.0898438 -0.0351882 -0.00342936 -0.0312174 -0.00247937 -0.0219285
0.511719 0.0976562 -0.0377449 -0.00376609 -0.0339435 -0.00272921 -0.0215942
0.511719 0.105469 -0.0402081 -0.00410788 -0.0365614 -0.00298042 -0.0212388
0.511719 0.113281 -0.04259 -0.00445387 -0.0390795 -0.00323261 -0.0208632
0.511719 0.121094 -0.0449046 -0.00480287 -0.0415086 -0.0034852 -0.0204683
0.511719 0.128906 -0.0471672 -0.00515334 -0.0438618 -0.00373731 -0.0200553
0.511719 0.136719 -0.0493932 -0.00550331 -0.0461534 -0.00398769 -0.0196254
0.511719 0.144531 -0.0515985 -0.00585035 -0.0483982 -0.00423469 -0.0191803
0.511719 0.152344 -0.0537984 -0.00619155 -0.0506113 -0.00447622 -0.0187215
0.511719 0.160156 -0.0560085 -0.00652342 -0.0528075 -0.0047097 -0.0182508
0.511719 0.167969 -0.058244 -0.00684187 -0.0550013 -0.00493203 -0.0177701
0.511719 0.175781 -0.0605201 -0.00714213 -0.0572073 -0.00513957 -0.0172812
0.511719 0.183594 -0.0628522 -0.0074187 -0.0594394 -0.00532802 -0.0167862
0.511719 0.191406 -0.0652559 -0.00766522 -0.0617118 -0.00549244 -0.0162869
0.511719 0.199219 -0.0677467 -0.00787443 -0.0640388 -0.00562711 -0.0157856
0.511719 0.207031 -0.0703407 -0.00803806 -0.0664343 -0.0057255 -0.0152842
0.511719 0.214844 -0.0730539 -0.00814677 -0.0689128 -0.00578017 -0.0147848
0.511719 0.222656 -0.0759027 -0.00819007 -0.0714888 -0.00578267 -0.0142895
0.511719 0.230469 -0.0789033 -0.00815625 -0.0741767 -0.00572353 -0.0138006
0.511719 0.238281 -0.0820715 -0.00803234 -0.0769911 -0.00559213 -0.0133204
0.511719 0.246094 -0.085423 -0.00780413 -0.0799464 -0.00537671 -0.0128512
0.511719 0.253906 -0.0889724 -0.00745617 -0.0830564 -0.00506429 -0.0123957
0.511719 0.261719 -0.0927331 -0.00697179 -0.0863348 -0.00464072 -0.0119566
0.511719 0.269531 -0.0967168 -0.00633328 -0.0897938 -0.00409068 -0.0115368
0.511719 0.277344 -0.100933 -0.00552195 -0.0934447 -0.00339773 -0.0111395
0.511719 0.285156 -0.105388 -0.0045184 -0.0972968 -0.00254447 -0.0107683
0.511719 0.292969 -0.110086 -0.00330272 -0.101358 -0.00151266 -0.0104271
0.511719 0.300781 -0.115025 -0.00185483 -0.105631 -0.000283434 -0.0101199
0.511719 0.308594 -0.120201 -0.000154862 -0.110119 0.00116243 -0.00985139
0.511719 0.316406 -0.125603 0.00181648 -0.114819 0.00284423 -0.0096265
0.511719 0.324219 -0.131214 0.00407743 -0.119724 0.00478091 -0.00945058
0.511719 0.332031 -0.137013 0.00664465 -0.124822 0.00699073 -0.00932936
0.511719 0.339844 -0.142969 0.00953279 -0.130096 0.00949078 -0.00926893
0.511719 0.347656 -0.149049 0.0127539 -0.135524 0.0122965 -0.0092757
0.511719 0.355469 -0.15521 0.016317 -0.141078 0.0154212 -0.00935629
0.511719 0.363281 -0.161402 0.0202275 -0.146722 0.0188756 -0.00951751
0.511719 0.371094 -0.167573 0.0244868 -0.152417 0.0226672 -0.0097662
0.511719 0.378906 -0.173661 0.0290922 -0.158116 0.0268 -0.0101091
0.511719 0.386719 -0.179603 0.0340361 -0.163769 0.0312743 -0.0105528
0.511719 0.394531 -0.185331 0.0393064 -0.16932 0.0360857 -0.0111033
0.511719 0.402344 -0.190774 0.044886 -0.174709 0.0412256 -0.0117662
0.511719 0.410156 -0.19586 0.050753 -0.179874 0.0466808 -0.0125462
0.511719 0.417969 -0.20052 0.0568813 -0.184749 0.0524332 -0.013447
0.511719 0.425781 -0.204685 0.0632401 -0.18927 0.0584602 -0.0144713
0.511719 0.433594 -0.208287 0.069795 -0.193374 0.064735 -0.0156204
0.511719 0.441406 -0.211268 0.0765085 -0.196997 0.0712267 -0.0168941
0.511719 0.449219 -0.213573 0.0833404 -0.20008 0.0779007 -0.0182908
0.511719 0.457031 -0.215154 0.0902485 -0.202571 0.0847195 -0.0198069
0.511719 0.464844 -0.215973 0.0971898 -0.204419 0.0916433 -0.0214375
0.511719 0.472656 -0.216 0.104121 -0.205585 0.0986303 -0.0231761
0.511719 0.480469 -0.215215 0.110998 -0.206033 0.105638 -0.0250143
0.511719 0.488281 -0.213607 0.117781 -0.205739 0.112624 -0.0269425
0.511719 0.496094 -0.211176 0.124429 -0.204685 0.119545 -0.0289499
0.511719 0.503906 -0.20793 0.130904 -0.202863 0.126361 -0.0310242
0.511719 0.511719 -0.203887 0.137172 -0.200274 0.133033 -0.0331527
0.511719 0.519531 -0.199072 0.143202 -0.196927 0.139522 -0.0353217
0.511719 0.527344 -0.193516 0.148967 -0.192838 0.145796 -0.0375172
0.511719 0.535156 -0.18726 0.154442 -0.188032 0.151824 -0.039725
0.511719 0.542969 -0.180347 0.159608 -0.182539 0.157577 -0.041931
0.511719 0.550781 -0.172825 0.164447 -0.176396 0.163031 -0.0441212
0.511719 0.558594 -0.164744 0.168946 -0.169644 0.168166 -0.0462822
0.511719 0.566406 -0.156159 0.173095 -0.162327 0.172965 -0.0484012
0.511719 0.574219 -0.147123 0.176888 -0.154494 0.177414 -0.0504662
0.511719 0.582031 -0.137692 0.180318 -0.146195 0.1815 -0.052466
0.511719 0.589844 -0.12792 0.183384 -0.137479 0.185217 -0.0543905
0.511719 0.597656 -0.117862 0.186084 -0.128401 0.188558 -0.0562306
0.511719 0.605469 -0.107571 0.188419 -0.119011 0.19152 -0.0579783
0.511719 0.613281 -0.0970981 0.19039 -0.109362 0.194101 -0.0596269
0.511719 0.621094 -0.0864944 0.192 -0.0995028 0.196299 -0.0611708
0.511719 0.628906 -0.0758079 0.193253 -0.0894847 0.198118 -0.0626055
0.511719 0.636719 -0.0650851 0.194151 -0.0793553 0.199557 -0.0639279
0.511719 0.644531 -0.0543705 0.1947 -0.0691612 0.200621 -0.065136
0.511719 0.652344 -0.0437065 0.194903 -0.0589472 0.201314 -0.0662288
0.511719 0.660156 -0.0331333 0.194765 -0.0487562 0.201639 -0.0672068
0.511719 0.667969 -0.0226893 0.194292 -0.0386289 0.201602 -0.0680712
0.511719 0.675781 -0.0124103 0.193489 -0.0286042 0.201209 -0.0688245
0.511719 0.683594 -0.00233009 0.192362 -0.0187186 0.200465 -0.0694701
0.511719 0.691406 0.00752012 0.190916 -0.00900636 0.199377 -0.0700123
0.511719 0.699219 0.0171115 0.189159 0.000500709 0.197953 -0.0704562
0.511719 0.707031 0.0264178 0.187098 0.00977322 0.1962 -0.0708078
0.511719 0.714844 0.0354154 0.184741 0.0187844 0.194128 -0.0710735
0.511719 0.722656 0.0440837 0.182097 0.0275102 0.191744 -0.0712605
0.511719 0.730469 0.0524051 0.179174 0.0359293 0.189059 -0.071376
0.511719 0.738281 0.0603648 0.175983 0.0440234 0.186084 -0.0714279
0.511719 0.746094 0.0679516 0.172534 0.0517771 0.182829 -0.0714238
0.511719 0.753906 0.0751577 0.168837 0.0591783 0.179305 -0.0713718
0.511719 0.761719 0.0819788 0.164905 0.0662179 0.175526 -0.0712794
0.511719 0.769531 0.0884151 0.160749 0.0728904 0.171502 -0.071154
0.511719 0.777344 0.094471 0.156381 0.079194 0.167248 -0.0710027
0.511719 0.785156 0.100156 0.151813 0.0851307 0.162776 -0.0708318
0.511719 0.792969 0.105488 0.147057 0.0907073 0.158099 -0.0706474
0.511719 0.800781 0.110491 0.142125 0.095936 0.15323 -0.0704546
0.511719 0.808594 0.115199 0.137029 0.100836 0.148181 -0.0702579
0.511719 0.816406 0.119664 0.131778 0.105434 0.142966 -0.0700609
0.511719 0.824219 0.123954 0.126383 0.109771 0.137594 -0.0698665
0.511719 0.832031 0.128163 0.120852 0.1139 0.132078 -0.0696768
0.511719 0.839844 0.132417 0.115192 0.117897 0.126428 -0.0694932
0.511719 0.847656 0.136885 0.10941 0.121866 0.12065 -0.0693161
0.511719 0.855469 0.141791 0.103509 0.125947 0.114754 -0.0691457
0.511719 0.863281 0.147423 0.0974926 0.130327 0.108745 -0.0689813
0.511719 0.871094 0.15415 0.091362 0.135253 0.102625 -0.0688217
0.511719 0.878906 0.162431 0.0851177 0.141045 0.0963992 -0.0686654
0.511719 0.886719 0.172828 0.0787606 0.148111 0.0900666 -0.0685107
0.511719 0.894531 0.186008 0.0722929 0.156959 0.0836278 -0.0683554
0.511719 0.902344 0.202745 0.0657204 0.168205 0.0770832 -0.0681972
0.511719 0.910156 0.223905 0.059055 0.182579 0.0704346 -0.0680339
0.511719 0.917969 0.25043 0.0523179 0.200922 0.0636881 -0.0678626
0.511719 0.925781 0.283294 0.0455442 0.22417 0.0568564 -0.0676808
0.511719 0.933594 0.323453 0.0387864 0.253329 0.0499634 -0.0674855
0.511719 0.941406 0.371768 0.03212 0.289427 0.0430481 -0.0672734
0.511719 0.949219 0.428915 0.0256473 0.333454 0.0361705 -0.0670414
0.511719 0.957031 0.495268 0.0195001 0.386277 0.0294164 -0.0667866
0.511719 0.964844 0.570768 0.0138419 0.448535 0.0229019 -0.066505
0.511719 0.972656 0.654767 0.00886179 0.520512 0.0167789 -0.0661987
0.511719 0.980469 0.745896 0.00477951 0.601965 0.0112243 -0.0658481
0.511719 0.988281 0.842533 0.00178802 0.691687 0.00647786 -0.0655157
0.511719 0.996094 0.945282 0.000204343 0.78698 0.00267624 -0.0649627
