x | y | u.x | u.y | uint | vint | p
0.00390625 0.511719 -4.85761e-06 0.00994996 -4.85761e-06 0.00994996 0.0206366
0.0117188 0.511719 -0.000201629 0.0242861 -0.000201629 0.0242861 0.0202848
0.0195312 0.511719 -0.000598662 0.034207 -0.000598662 0.034207 0.019909
0.0273438 0.511719 -0.00115226 0.0426563 -0.00115226 0.0426563 0.0194469
0.0351562 0.511719 -0.00185164 0.0502624 -0.00185164 0.0502624 0.0189024
0.0429688 0.511719 -0.0026867 0.0571131 -0.0026867 0.0571131 0.0182772
0.0507812 0.511719 -0.00364769 0.0632588 -0.00364769 0.0632588 0.0175706
0.0585938 0.511719 -0.00472549 0.0687526 -0.00472549 0.0687526 0.0167837
0.0664062 0.511719 -0.0059108 0.0736488 -0.0059108 0.0736488 0.0159177
0.0742188 0.511719 -0.0071944 0.078004 -0.0071944 0.078004 0.0149743
0.0820312 0.511719 -0.00856731 0.0818756 -0.00856731 0.0818756 0.0139553
0.0898438 0.511719 -0.010021 0.0853193 -0.010021 0.0853193 0.0128632
0.0976562 0.511719 -0.0115476 0.0883857 -0.0115476 0.0883857 0.0117008
0.105469 0.511719 -0.01314 0.0911198 -0.01314 0.0911198 0.0104709
0.113281 0.511719 -0.014792 0.093561 -0.014792 0.093561 0.0091772
0.121094 0.511719 -0.0164981 0.0957437 -0.0164981 0.0957437 0.00782328
0.128906 0.511719 -0.018254 0.0976984 -0.018254 0.0976984 0.0064133
0.136719 0.511719 -0.0200558 0.0994525 -0.0200558 0.0994525 0.00495163
0.144531 0.511719 -0.0219008 0.101031 -0.0219008 0.101031 0.00344297
0.152344 0.511719 -0.0237868 0.102457 -0.0237868 0.102457 0.00189225
0.160156 0.511719 -0.0257124 0.103751 -0.0257124 0.103751 0.000304652
0.167969 0.511719 -0.0276768 0.104933 -0.0276768 0.104933 -0.00131446
0.175781 0.511719 -0.0296799 0.106021 -0.0296799 0.106021 -0.00295956
0.183594 0.511719 -0.031722 0.107031 -0.031722 0.107031 -0.00462498
0.191406 0.511719 -0.0338042 0.10798 -0.0338042 0.10798 -0.00630497
0.199219 0.511719 -0.035928 0.10888 -0.035928 0.10888 -0.00799369
0.207031 0.511719 -0.0380953 0.109745 -0.0380953 0.109745 -0.00968528
0.214844 0.511719 -0.0403088 0.110586 -0.0403088 0.110586 -0.0113739
0.222656 0.511719 -0.0425715 0.111416 -0.0425715 0.111416 -0.0130536
0.230469 0.511719 -0.0448869 0.112243 -0.0448869 0.112243 -0.0147187
0.238281 0.511719 -0.0472589 0.113077 -0.0472589 0.113077 -0.0163633
0.246094 0.511719 -0.049692 0.113926 -0.049692 0.113926 -0.0179819
0.253906 0.511719 -0.0521913 0.114799 -0.0521913 0.114799 -0.0195689
0.261719 0.511719 -0.054762 0.115702 -0.054762 0.115702 -0.0211189
0.269531 0.511719 -0.05741 0.116644 -0.05741 0.116644 -0.0226267
0.277344 0.511719 -0.0601416 0.11763 -0.0601416 0.11763 -0.0240872
0.285156 0.511719 -0.0629635 0.118666 -0.0629635 0.118666 -0.0254957
0.292969 0.511719 -0.0658827 0.119758 -0.0658827 0.119758 -0.0268475
0.300781 0.511719 -0.0689066 0.120911 -0.0689066 0.120911 -0.0281383
0.308594 0.511719 -0.0720429 0.12213 -0.0720429 0.12213 -0.0293641
0.316406 0.511719 -0.0752993 0.123419 -0.0752993 0.123419 -0.0305211
0.324219 0.511719 -0.0786838 0.124779 -0.0786838 0.124779 -0.031606
0.332031 0.511719 -0.0822043 0.126213 -0.0822043 0.126213 -0.0326157
0.339844 0.511719 -0.0858687 0.127719 -0.0858687 0.127719 -0.0335475
0.347656 0.511719 -0.0896844 0.129297 -0.0896844 0.129297 -0.0343992
0.355469 0.511719 -0.0936582 0.13094 -0.0936582 0.13094 -0.0351689
0.363281 0.511719 -0.0977966 0.132642 -0.0977966 0.132642 -0.0358552
0.371094 0.511719 -0.102105 0.134392 -0.102105 0.134392 -0.0364571
0.378906 0.511719 -0.106587 0.136175 -0.106587 0.136175 -0.0369741
0.386719 0.511719 -0.111246 0.137972 -0.111246 0.137972 -0.0374058
0.394531 0.511719 -0.116083 0.13976 -0.116083 0.13976 -0.0377525
0.402344 0.511719 -0.121097 0.141511 -0.121097 0.141511 -0.0380146
0.410156 0.511719 -0.126285 0.143191 -0.126285 0.143191 -0.0381931
0.417969 0.511719 -0.131642 0.144764 -0.131642 0.144764 -0.0382888
0.425781 0.511719 -0.137161 0.146186 -0.137161 0.146186 -0.0383029
0.433594 0.511719 -0.14283 0.14741 -0.14283 0.14741 -0.0382365
0.441406 0.511719 -0.148638 0.148386 -0.148638 0.148386 -0.0380905
0.449219 0.511719 -0.154568 0.14906 -0.154568 0.14906 -0.0378659
0.457031 0.511719 -0.160603 0.149378 -0.160603 0.149378 -0.0375629
0.464844 0.511719 -0.166722 0.149284 -0.166722 0.149284 -0.0371816
0.472656 0.511719 -0.172905 0.148721 -0.172905 0.148721 -0.0367213
0.480469 0.511719 -0.179126 0.147638 -0.179126 0.147638 -0.0361804
0.488281 0.511719 -0.18536 0.145984 -0.18536 0.145984 -0.0355568
0.496094 0.511719 -0.191583 0.143713 -0.191583 0.143713 -0.0348472
0.503906 0.511719 -0.197767 0.140787 -0.197767 0.140787 -0.0340476
0.511719 0.511719 -0.203887 0.137172 -0.203887 0.137172 -0.0331527
0.519531 0.511719 -0.209917 0.132843 -0.209917 0.132843 -0.0321566
0.527344 0.511719 -0.215834 0.127784 -0.215834 0.127784 -0.0310523
0.535156 0.511719 -0.221613 0.121985 -0.221613 0.121985 -0.0298321
0.542969 0.511719 -0.227235 0.115447 -0.227235 0.115447 -0.0284878
0.550781 0.511719 -0.232682 0.108178 -0.232682 0.108178 -0.0270104
0.558594 0.511719 -0.237936 0.100193 -0.237936 0.100193 -0.025391
0.566406 0.511719 -0.242985 0.0915162 -0.242985 0.0915162 -0.0236204
0.574219 0.511719 -0.247817 0.0821769 -0.247817 0.0821769 -0.0216895
0.582031 0.511719 -0.252426 0.0722098 -0.252426 0.0722098 -0.0195898
0.589844 0.511719 -0.256806 0.0616544 -0.256806 0.0616544 -0.017313
0.597656 0.511719 -0.260954 0.0505529 -0.260954 0.0505529 -0.0148517
0.605469 0.511719 -0.26487 0.0389502 -0.26487 0.0389502 -0.0121993
0.613281 0.511719 -0.268555 0.0268921 -0.268555 0.0268921 -0.00935034
0.621094 0.511719 -0.272013 0.0144248 -0.272013 0.0144248 -0.00630032
0.628906 0.511719 -0.275248 0.00159362 -0.275248 0.00159362 -0.00304597
0.636719 0.511719 -0.278265 -0.0115572 -0.278265 -0.0115572 0.000414706
0.644531 0.511719 -0.28107 -0.0249854 -0.28107 -0.0249854 0.00408249
0.652344 0.511719 -0.283666 -0.0386511 -0.283666 -0.0386511 0.00795689
0.660156 0.511719 -0.286058 -0.0525167 -0.286058 -0.0525167 0.0120362
0.667969 0.511719 -0.288247 -0.0665469 -0.288247 -0.0665469 0.0163174
0.675781 0.511719 -0.290233 -0.0807089 -0.290233 -0.0807089 0.0207964
0.683594 0.511719 -0.292011 -0.094971 -0.292011 -0.094971 0.025468
0.691406 0.511719 -0.293573 -0.109303 -0.293573 -0.109303 0.0303259
0.699219 0.511719 -0.294907 -0.123673 -0.294907 -0.123673 0.0353627
0.707031 0.511719 -0.295993 -0.138051 -0.295993 -0.138051 0.0405698
0.714844 0.511719 -0.296806 -0.1524 -0.296806 -0.1524 0.0459379
0.722656 0.511719 -0.297315 -0.16668 -0.297315 -0.16668 0.0514562
0.730469 0.511719 -0.297478 -0.180846 -0.297478 -0.180846 0.057113
0.738281 0.511719 -0.297249 -0.194843 -0.297249 -0.194843 0.062895
0.746094 0.511719 -0.296572 -0.208605 -0.296572 -0.208605 0.0687879
0.753906 0.511719 -0.295383 -0.222053 -0.295383 -0.222053 0.0747753
0.761719 0.511719 -0.293611 -0.235094 -0.293611 -0.235094 0.0808395
0.769531 0.511719 -0.29118 -0.247619 -0.29118 -0.247619 0.0869606
0.777344 0.511719 -0.28801 -0.259501 -0.28801 -0.259501 0.0931164
0.785156 0.511719 -0.284017 -0.270597 -0.284017 -0.270597 0.0992828
0.792969 0.511719 -0.279119 -0.280744 -0.279119 -0.280744 0.105433
0.800781 0.511719 -0.273241 -0.289767 -0.273241 -0.289767 0.111538
0.808594 0.511719 -0.266314 -0.297476 -0.266314 -0.297476 0.117566
0.816406 0.511719 -0.258283 -0.303676 -0.258283 -0.303676 0.123485
0.824219 0.511719 -0.249114 -0.308169 -0.249114 -0.308169 0.129259
0.832031 0.511719 -0.238795 -0.310764 -0.238795 -0.310764 0.134852
0.839844 0.511719 -0.227343 -0.311286 -0.227343 -0.311286 0.140231
0.847656 0.511719 -0.214807 -0.309585 -0.214807 -0.309585 0.145359
0.855469 0.511719 -0.201273 -0.305547 -0.201273 -0.305547 0.150205
0.863281 0.511719 -0.186862 -0.299105 -0.186862 -0.299105 0.154741
0.871094 0.511719 -0.171732 -0.290244 -0.171732 -0.290244 0.158943
0.878906 0.511719 -0.156073 -0.279015 -0.156073 -0.279015 0.162792
0.886719 0.511719 -0.140104 -0.265533 -0.140104 -0.265533 0.166278
0.894531 0.511719 -0.124064 -0.249979 -0.124064 -0.249979 0.169397
0.902344 0.511719 -0.108203 -0.232599 -0.108203 -0.232599 0.172149
0.910156 0.511719 -0.0927751 -0.213693 -0.0927751 -0.213693 0.174546
0.917969 0.511719 -0.0780218 -0.193609 -0.0780218 -0.193609 0.176601
0.925781 0.511719 -0.0641676 -0.172727 -0.0641676 -0.172727 0.178334
0.933594 0.511719 -0.051409 -0.151446 -0.051409 -0.151446 0.179768
0.941406 0.511719 -0.0399081 -0.130173 -0.0399081 -0.130173 0.180926
0.949219 0.511719 -0.0297885 -0.109308 -0.0297885 -0.109308 0.181832
0.957031 0.511719 -0.0211332 -0.0892325 -0.0211332 -0.0892325 0.182511
0.964844 0.511719 -0.013986 -0.0703026 -0.013986 -0.0703026 0.182983
0.972656 0.511719 -0.00835153 -0.0528532 -0.00835153 -0.0528532 0.18327
0.980469 0.511719 -0.00420807 -0.0371746 -0.00420807 -0.0371746 0.183375
0.988281 0.511719 -0.00147706 -0.0230477 -0.00147706 -0.0230477 0.183359
0.996094 0.511719 -0.000155588 -0.00803547 -0.000155588 -0.00803547 0.183051
